Az       (ft/s^2)
-32.315838
-32.325691
-32.384304
-32.482422
-32.127018
-32.552456
-32.588299
-32.644615
-32.678143
-32.407219
-32.767017
-32.997406
-32.939274
-32.757523
-32.990791
-32.946095
-33.049690
-33.146469
-33.282135
-33.106258
-33.114620
-33.322346
-33.370808
-33.450714
-33.412331
-33.389027
-33.526375
-33.409508
-33.713348
-33.471191
-33.619762
-33.427425
-33.499828
-33.570179
-33.536961
-33.634697
-33.575424
-33.490505
-33.794624
-33.669903
-33.680279
-33.667946
-33.569763
-33.791451
-33.854202
-33.768829
-33.598717
-33.630203
-33.676754
-33.815304
-33.567940
-33.733776
-33.635540
-33.813759
-33.633629
-33.453274
-33.580090
-33.798031
-33.708530
-33.761883
-33.906223
-33.716873
-33.848927
-33.565933
-33.715336
-33.784954
-33.895855
-33.772320
-33.646374
-33.931351
-33.821415
-33.775127
-33.679123
-33.621170
-33.836048
-33.878738
-33.841484
-33.628761
-33.680416
-33.567757
-33.895748
-33.868912
-33.830673
-33.675575
-33.776253
-33.818176
-34.006107
-34.130070
-33.848671
-34.072311
-33.939560
-34.179852
-34.287266
-33.970844
-33.925873
-34.287674
-34.155876
-34.046860
-34.258991
-33.913673
-34.015690
-34.010563
-34.354134
-34.349686
-33.985893
-33.939156
-34.351627
-34.329811
-34.084126
-34.234467
-34.136784
-34.096317
-34.200451
-34.371902
-34.173775
-34.465431
-34.737484
-34.474854
-34.280792
-34.321304
-34.605545
-34.617275
-34.441311
-34.697666
-34.415962
-34.522152
-34.710064
-34.710342
-34.552353
-34.621468
-34.622498
-34.570248
-34.594116
-34.926426
-34.770088
-34.826576
-34.234585
-34.581757
-34.933037
-34.839767
-34.856895
-34.731102
-34.582336
-34.791061
-35.005241
-35.260586
-35.055580
-34.658844
-34.969612
-34.839661
-35.049358
-34.834759
-35.059784
-34.867893
-34.873886
-34.775459
-34.765419
-35.123722
-35.002300
-34.934097
-35.265961
-35.360367
-35.553104
-35.182526
-35.133915
-35.156651
-35.004230
-35.038773
-35.058018
-35.353176
-35.232788
-34.862518
-35.299809
-35.226570
-35.358181
-35.358498
-35.456734
-35.563190
-35.390194
-35.235077
-35.281746
-35.374199
-35.208103
-35.180107
-34.848026
-34.861614
-35.056271
-35.075523
-34.981087
-35.065033
-34.875645
-34.755062
-35.237778
-35.132862
-35.366669
-35.130203
-34.948315
-35.091969
-35.248875
-35.029163
-34.909603
-35.105984
-34.968319
-34.900990
-35.027763
-35.031261
-35.046120
-34.868587
-34.920113
-35.175179
-34.890415
-35.307041
-35.254929
-35.225376
-35.059753
-35.196625
-35.290470
-35.083954
-35.224350
-35.265743
-35.266636
-35.238354
-34.983501
-35.133595
-35.163342
-34.963154
-35.243000
-35.105553
-35.120598
-35.126686
-35.231979
-35.305107
-35.140644
-35.118145
-35.435493
-35.106647
-35.259155
-35.224396
-35.399010
-35.125420
-35.251110
-35.258575
-35.125862
-35.346733
-35.247555
-35.368736
-35.457169
-35.267197
-35.485939
-35.170414
-35.286003
-35.275349
-35.407066
-35.434605
-35.238575
-35.605099
-35.304607
-35.161827
-35.336403
-35.339634
-35.343426
-35.307476
-35.273964
-35.497482
-35.342636
-35.345940
-35.256367
-35.126904
-35.459496
-35.406025
-35.579952
-35.244854
-35.279224
-35.360916
-35.401844
-35.395702
-35.346737
-35.313744
-35.323170
-35.321720
-35.648193
-35.491238
-35.468327
-35.397785
-35.532505
-35.398396
-35.419113
-35.455055
-35.510899
-35.429928
-35.558315
-35.183624
-35.475754
-35.377041
-35.277000
-35.635818
-35.415051
-35.504375
-35.800304
-35.702171
-35.861664
-35.600925
-35.930454
-36.188370
-36.198204
-36.235157
-36.301647
-36.277355
-36.329052
-36.616051
-36.698139
-36.583710
-36.698944
-36.813271
-36.837685
-37.196491
-36.974316
-37.206360
-37.137699
-37.427387
-37.580246
-37.579960
-37.762363
-37.803570
-37.869183
-38.122532
-38.166382
-38.260799
-38.201477
-38.744343
-38.709274
-38.527527
-38.829914
-39.183491
-38.971077
-39.015198
-39.213108
-39.603970
-39.348381
-39.591076
-39.750145
-40.009365
-40.011658
-40.120602
-40.427719
-40.551731
-40.724903
-40.883286
-40.864922
-41.362434
-41.299870
-41.444866
-41.733776
-41.943497
-42.008331
-42.069038
-42.403740
-42.592655
-42.708141
-42.973484
-42.849789
-43.192013
-43.500282
-43.634468
-43.882263
-43.849529
-44.157600
-44.447731
-44.470493
-44.827454
-44.875336
-45.217651
-45.201450
-45.590118
-45.765282
-45.821800
-46.110546
-46.319530
-46.641918
-46.785309
-46.756969
-47.080559
-47.504749
-47.475220
-47.705109
-47.865883
-48.219894
-48.243061
-48.388351
-48.648327
-48.883785
-49.115997
-48.868900
-49.408115
-49.680485
-49.874088
-49.836098
-49.974163
-50.414421
-50.350590
-50.461555
-50.686783
-50.911713
-51.124714
-51.267963
-51.321217
-51.456993
-51.650902
-51.912327
-51.881363
-52.150650
-52.136543
-52.361446
-52.547558
-52.750389
-52.711182
-52.748753
-53.122925
-53.059410
-53.079163
-53.477486
-53.609440
-53.679741
-53.700554
-53.821533
-54.005280
-54.091740
-54.203014
-54.403061
-54.583614
-54.698322
-54.669376
-54.901756
-55.007301
-55.138706
-55.099545
-55.261868
-55.569191
-55.543221
-55.722012
-55.730896
-55.834858
-56.182983
-56.081272
-56.128620
-56.309174
-56.517979
-56.643040
-56.641003
-56.843544
-56.810833
-56.997341
-57.138351
-57.267399
-57.373890
-57.129086
-57.597099
-57.778492
-57.578873
-57.872288
-57.885147
-58.155514
-58.071022
-58.288158
-58.422802
-58.374077
-58.510693
-58.504280
-58.889275
-58.838928
-58.689720
-58.730408
-59.218086
-59.134583
-59.031906
-59.098045
-59.496540
-59.258579
-59.394299
-59.643383
-59.611595
-59.734184
-59.490784
-59.975266
-59.955574
-59.936436
-59.803970
-60.023724
-60.340042
-60.033009
-60.204601
-60.151302
-60.474731
-60.487427
-60.313148
-60.671661
-60.558693
-60.599026
-60.610809
-60.761414
-60.818268
-60.922951
-60.864033
-60.894646
-61.007534
-61.041237
-61.087051
-61.079174
-61.205887
-61.067997
-61.474514
-61.181805
-61.400906
-61.253872
-61.333866
-61.418644
-61.438641
-61.632515
-61.385609
-61.597103
-61.508213
-61.619129
-61.728600
-61.566204
-61.714489
-61.836678
-61.801193
-61.787628
-61.637630
-61.906200
-61.970360
-61.941936
-61.818657
-61.840755
-62.069916
-61.847919
-62.008411
-61.982639
-62.195488
-61.953823
-62.025204
-62.174374
-62.105122
-62.066257
-62.036713
-62.161156
-62.200462
-62.100960
-62.177032
-62.194607
-62.056339
-62.195381
-62.018299
-62.015923
-62.065250
-62.040386
-62.127258
-62.030693
-62.131573
-61.846397
-61.865623
-61.829433
-62.000145
-62.083706
-61.648640
-61.901608
-61.915398
-61.849201
-61.942154
-61.843712
-61.878502
-61.754856
-62.006279
-61.861813
-61.720753
-61.679565
-61.707066
-61.896076
-61.713985
-61.528057
-61.431782
-61.468014
-61.702061
-61.416008
-61.270309
-61.431416
-61.328800
-61.456364
-61.215065
-61.514912
-61.290600
-61.313541
-61.465977
-61.359673
-61.405491
-61.173653
-61.481083
-61.535034
-61.363182
-61.544804
-61.245556
-61.174812
-61.468777
-61.578449
-61.217121
-61.146290
-61.593231
-61.568478
-61.268360
-61.142239
-61.164444
-61.438889
-61.115009
-61.120667
-61.499077
-61.447712
-61.305500
-61.240658
-60.979969
-61.202229
-61.208633
-61.378464
-61.044525
-61.413307
-61.160290
-61.020203
-60.947620
-60.914005
-61.142887
-60.991978
-61.068237
-61.153824
-60.925720
-60.874016
-60.866215
-61.169415
-61.000565
-60.895679
-60.914146
-60.875408
-61.163029
-60.629238
-60.676449
-60.911549
-60.910492
-60.896133
-60.648102
-60.911503
-60.845551
-60.856422
-60.799587
-60.683750
-61.029953
-60.695362
-60.731846
-60.858116
-61.009560
-60.782616
-60.334541
-60.666317
-60.843723
-60.884586
-60.625458
-60.673416
-60.782379
-60.653980
-60.683479
-60.815163
-60.657452
-60.788002
-60.612915
-60.740585
-60.785324
-60.786446
-60.761322
-60.455986
-60.522991
-60.548271
-60.909939
-60.554539
-60.417084
-60.634510
-60.441525
-60.529854
-60.494186
-60.341076
-60.502598
-60.336586
-60.439472
-60.146976
-60.306316
-60.478588
-60.286209
-60.083187
-60.315506
-60.436066
-60.096760
-59.741600
-60.399014
-60.319538
-59.923439
-60.066738
-60.151402
-60.173458
-59.731987
-59.834732
-59.984234
-60.026482
-59.731209
-59.796795
-60.017563
-60.019924
-59.697311
-59.728058
-59.848778
-60.094097
-59.795692
-59.808346
-59.899456
-60.131798
-59.834091
-59.687218
-60.061108
-59.989521
-59.687820
-59.943867
-59.775551
-60.045441
-59.698727
-59.797493
-59.776783
-59.855797
-59.831566
-59.618992
-59.695740
-59.698761
-59.765751
-59.877399
-59.613441
-59.872837
-59.744282
-59.692162
-59.593697
-59.675232
-59.767113
-59.625954
-59.806007
-59.786247
-59.768597
-59.582932
-59.440845
-59.942356
-59.759686
-59.650436
-59.788216
-59.622902
-59.889050
-59.738853
-59.702366
-59.798328
-59.848598
-59.815685
-59.738266
-59.767529
-59.727871
-59.946209
-59.939892
-59.807297
-59.905807
-59.826340
-59.850323
-59.926441
-59.890495
-59.858585
-59.767590
-60.099884
-60.042244
-59.733692
-59.924355
-59.975700
-60.092415
-59.659477
-59.798149
-60.040012
-59.991379
-59.772362
-59.740456
-60.154068
-59.770668
-59.678123
-59.967541
-59.825981
-59.799801
-59.607498
-59.960247
-59.804066
-59.745079
-59.741833
-59.665619
-59.774055
-59.782978
-59.630219
-59.623390
-59.684284
-59.753063
-59.522396
-59.691067
-59.591999
-59.588539
-59.648197
-59.343655
-59.596462
-59.570969
-59.671387
-59.491810
-59.624767
-59.665257
-59.486790
-59.254505
-59.516121
-59.623131
-59.554626
-59.387321
-59.523861
-59.658623
-59.461231
-59.315807
-59.481625
-59.694664
-59.468704
-59.297619
-59.652779
-59.485817
-59.428692
-59.203842
-59.287598
-59.575550
-59.509338
-59.305634
-59.250183
-59.333633
-59.441669
-59.111389
-59.376797
-59.380817
-59.512943
-59.130672
-59.229218
-59.466370
-59.307064
-59.299297
-59.313873
-59.453678
-59.457306
-59.262440
-59.355297
-59.454277
-59.683601
-59.499310
-59.282104
-59.605099
-59.612755
-59.629265
-59.516876
-59.712017
-59.710583
-59.558067
-59.754131
-59.679081
-59.764111
-59.678215
-59.590179
-59.765339
-59.636433
-60.047310
-59.395344
-59.765480
-59.734219
-59.613659
-59.607670
-59.404602
-59.913910
-59.652920
-59.508369
-59.686596
-59.704346
-59.728107
-59.469372
-59.761169
-59.464649
-59.727127
-59.849316
-59.666367
-59.677883
-59.782677
-59.494308
-59.538509
-59.400696
-59.606701
-59.731743
-59.671642
-59.643707
-59.791973
-59.820534
-59.426815
-59.363766
-59.784424
-59.849518
-59.778992
-59.486111
-59.639023
-59.745232
-59.551365
-59.659729
-59.542316
-60.017429
-59.728260
-59.531929
-59.382957
-59.673092
-59.841343
-59.690319
-59.567589
-59.717033
-59.819180
-59.786438
-59.524448
-59.499966
-59.756500
-59.439381
-59.804047
-59.778664
-59.790440
-59.573185
-59.488968
-59.831779
-59.731964
-59.633125
-59.648209
-59.755730
-59.884541
-59.679863
-59.859325
-59.805351
-59.760109
-59.883060
-59.568108
-59.881580
-59.771202
-59.659286
-59.924477
-60.010147
-59.747570
-59.368229
-59.994751
-59.989151
-59.611202
-59.713425
-59.793251
-60.014645
-59.974152
-59.722675
-59.859413
-59.746471
-59.888733
-59.713104
-59.608547
-59.881027
-59.807587
-59.760082
-59.623043
-59.637314
-59.697819
-59.622562
-59.759979
-59.681976
-59.629936
-59.828812
-59.544888
-59.719303
-59.662598
-59.732311
-59.520779
-59.604561
-59.890278
-59.535358
-59.719627
-59.720707
-59.713783
-59.725101
-59.608696
-59.667316
-59.832348
-59.690247
-59.908649
-59.663467
-59.845264
-59.831852
-59.800087
-59.839954
-59.731102
-60.029781
-59.923256
-59.631115
-59.842514
-59.928993
-59.901947
-59.721649
-59.925369
-59.863804
-59.734013
-59.808060
-59.732761
-59.889935
-59.768272
-59.849632
-59.814350
-59.783195
-59.744431
-59.897556
-59.746792
-59.746780
-59.759563
-59.779396
-59.724380
-59.610790
-60.027641
-59.621006
-59.734314
-59.847511
-59.895638
-59.700554
-59.535465
-59.901978
-59.969681
-59.912655
-59.795391
-59.719608
-59.915432
-59.695141
-59.811600
-59.987568
-59.870834
-59.840282
-59.738571
-59.944996
-59.997414
-59.863594
-59.818428
-59.849594
-60.094982
-60.005524
-59.825108
-59.824322
-59.981350
-59.942074
-59.808247
-59.941395
-60.098377
-59.833466
-59.942024
-59.922657
-60.172562
-60.047279
-59.837902
-60.096256
-60.144505
-60.218353
-60.018414
-60.025394
-60.094944
-60.048588
-60.299522
-60.098095
-60.252747
-60.068874
-60.100834
-60.477444
-60.291836
-60.195827
-60.190235
-60.490513
-60.571892
-60.306217
-60.423332
-60.479229
-60.717529
-60.571983
-60.593758
-60.664810
-60.614834
-60.619236
-60.720234
-60.666668
-60.841507
-60.813850
-60.957920
-60.855873
-60.864223
-60.883175
-60.943245
-61.198322
-60.834213
-61.034145
-61.184845
-61.158691
-61.051441
-60.897266
-61.288876
-61.262917
-61.091225
-61.212635
-61.359524
-61.395847
-61.083679
-61.236019
-61.493443
-61.267689
-61.309017
-61.182854
-61.457043
-61.565411
-61.266586
-61.300144
-61.464855
-61.506798
-61.395397
-61.371197
-61.423592
-61.560207
-61.663605
-61.578793
-61.459522
-61.677959
-61.397408
-61.632866
-61.427204
-61.534622
-61.652996
-61.408226
-61.434837
-61.493382
-61.533916
-61.390209
-61.391541
-61.364799
-61.500465
-61.552650
-61.480495
-61.360931
-61.538696
-61.540268
-61.399639
-61.523438
-61.474789
-61.607517
-61.358017
-61.618027
-61.621883
-61.376045
-61.447857
-61.322514
-61.558926
-61.576672
-61.272396
-61.536861
-61.318462
-61.348640
-61.251652
-61.272999
-61.382656
-61.240326
-61.375069
-61.310036
-61.401054
-61.430744
-61.203850
-61.388397
-61.345966
-61.344864
-61.422897
-61.310158
-61.401546
-61.251137
-61.312992
-61.284084
-61.225578
-61.432983
-61.431488
-61.149723
-61.354580
-61.393860
-61.462818
-61.355541
-61.381596
-61.379387
-61.443378
-61.725571
-61.259418
-61.427753
-61.459091
-61.413052
-61.610069
-61.351681
-61.424114
-61.646416
-61.341610
-61.452858
-61.550175
-61.611309
-61.308361
-61.390717
-61.507442
-61.444229
-61.472771
-61.488300
-61.319992
-61.571037
-61.225090
-61.471085
-61.360260
-61.313370
-61.353886
-61.453079
-61.214512
-61.309937
-61.335472
-61.185776
-61.011765
-61.489052
-61.344147
-61.007565
-61.108795
-61.165104
-61.197697
-61.232914
-61.099670
-61.022221
-60.856377
-61.151989
-60.935928
-61.012268
-60.967247
-61.089088
-60.759106
-60.876537
-60.978970
-60.877792
-60.510426
-60.968971
-60.970955
-60.849373
-60.701672
-60.628971
-61.004421
-60.658508
-60.629990
-60.650719
-60.631046
-60.725754
-60.590813
-60.781021
-60.620144
-60.395226
-60.527370
-60.532467
-60.596272
-60.475971
-60.531063
-60.694420
-60.517311
-60.377789
-60.584221
-60.281052
-60.479374
-60.419773
-60.645061
-60.501656
-60.417751
-60.563782
-60.556675
-60.596985
-60.455318
-60.468861
-60.668995
-60.642185
-60.647160
-60.679916
-60.460777
-60.664009
-60.497269
-60.664455
-60.566601
-60.602051
-60.690899
-60.634331
-60.854977
-60.516422
-60.707912
-60.561874
-60.560158
-60.781235
-60.784992
-60.595100
-60.630611
-60.756191
-60.825565
-60.602730
-60.580456
-60.681026
-60.672325
-60.821014
-60.548435
-60.756420
-60.727104
-60.561100
-60.869164
-60.515572
-60.771214
-60.587391
-60.663776
-60.774845
-60.650661
-60.696362
-60.716404
-60.645020
-60.853729
-60.622143
-60.743973
-60.632416
-60.746582
-60.864777
-60.599010
-60.708733
-60.891106
-60.855331
-60.772240
-60.597507
-60.852554
-60.695290
-60.730515
-60.845005
-60.930992
-60.794403
-60.782768
-60.750401
-60.876518
-60.757076
-60.921238
-60.940083
-60.843849
-60.962894
-60.924618
-61.063240
-60.954380
-60.811474
-60.978104
-60.688995
-61.252972
-60.948219
-60.990128
-60.975998
-61.041924
-61.113125
-60.867844
-60.885597
-61.294476
-61.040970
-61.031078
-61.044987
-61.066441
-61.150188
-61.117741
-61.212399
-61.015217
-61.238888
-61.139431
-61.183403
-61.296425
-61.409828
-61.125614
-61.311790
-61.282585
-61.566315
-61.216885
-61.253918
-61.511532
-61.499470
-61.541073
-61.299473
-61.683144
-61.646355
-61.415897
-61.555161
-61.602757
-61.746540
-61.670761
-61.711147
-61.943470
-61.948479
-61.712791
-61.747841
-61.985134
-61.899899
-61.742180
-61.978764
-62.066490
-61.836010
-61.897724
-61.759697
-61.865410
-61.652195
-61.652779
-61.817551
-61.754749
-61.797352
-61.654484
-61.542130
-61.739906
-61.680645
-61.545753
-61.485481
-61.837391
-61.731800
-61.424511
-61.461323
-61.527348
-61.617790
-61.656105
-61.692684
-61.750000
-61.541157
-61.508934
-61.749744
-61.732594
-61.880138
-61.683216
-61.780239
-61.770794
-61.784302
-61.840881
-61.613091
-61.931957
-61.876518
-61.974182
-62.078487
-61.777042
-61.873257
-62.126507
-62.249485
-61.935200
-61.829144
-62.241383
-62.054131
-61.807106
-61.906174
-62.032154
-62.023163
-61.878235
-61.830360
-61.767170
-61.710869
-61.848061
-61.755333
-61.706608
-61.990097
-61.974113
-61.879887
-61.646931
-61.835495
-61.869850
-61.841808
-61.871433
-61.899506
-62.005573
-62.057301
-61.938477
-62.025928
-61.948994
-61.998489
-62.083893
-61.967197
-62.294968
-62.193497
-62.178391
-62.186199
-62.354633
-62.402599
-62.121731
-62.473835
-62.757263
-62.491432
-62.403885
-62.190315
-62.602470
-62.358150
-62.506500
-62.874790
-63.143543
-62.615574
-62.262161
-62.627968
-62.946312
-62.795441
-63.016937
-63.144421
-63.001808
-62.561039
-62.437836
-62.324772
-61.962357
-61.953766
-61.924213
-62.035233
-62.089272
-61.684723
-61.505814
-61.573421
-61.911530
-62.006416
-61.815468
-61.767361
-62.125397
-62.334480
-61.852364
-61.436634
-61.791477
-61.885014
-62.003403
-61.835960
-61.546684
-61.428917
-61.527977
-61.869892
-61.710632
-61.824883
-61.991764
-62.301003
-62.137501
-61.887325
-62.627285
-62.566620
-62.033970
-62.577736
-63.016254
-62.840103
-62.081017
-62.104191
-62.599831
-62.719955
-62.449539
-62.387833
-62.429062
-62.861038
-62.351212
-61.901573
-61.805340
-61.931107
-62.600525
-62.426430
-62.587261
-62.304848
-62.053112
-61.716145
-62.520229
-62.640995
-62.608921
-62.960510
-62.952972
-62.074062
-62.120499
-62.050995
-62.115932
-62.286884
-62.343094
-62.484097
-62.381035
-62.362953
-61.966194
-61.993607
-62.303730
-62.420345
-62.292542
-62.272366
-62.302517
-62.551533
-62.030731
-61.805435
-62.035858
-62.717571
-62.375256
-62.176590
-62.440586
-62.732815
-62.957439
-62.590126
-62.058704
-62.066231
-62.113029
-62.503246
-62.671917
-62.534191
-62.310417
-62.059921
-62.358032
-62.287262
-62.218010
-62.480518
-62.439793
-62.566246
-62.612831
-62.792900
-62.776134
-62.552242
-62.386955
-62.537575
-62.783466
-62.735519
-62.416027
-62.602959
-62.583935
-62.581211
-62.673553
-62.484055
-62.687611
-62.577393
-62.903397
-62.813854
-62.630417
-62.574268
-62.528210
-62.913822
-63.017010
-62.709381
-62.465614
-62.752823
-62.946163
-62.629395
-62.544201
-62.616028
-62.634106
-62.567379
-62.628342
-62.487289
-62.502251
-62.250778
-62.247349
-62.597969
-62.851475
-62.676826
-62.510498
-62.439011
-62.459396
-62.674053
-62.538914
-62.613724
-62.735527
-62.900963
-62.805737
-62.733631
-62.607506
-62.416798
-62.643394
-62.553604
-62.699642
-62.641815
-62.610085
-62.499489
-62.699825
-62.656116
-62.511333
-62.528027
-62.600586
-62.631599
-62.556374
-62.797611
-62.728683
-62.582584
-62.594219
-62.688690
-62.728966
-62.667740
-62.619488
-62.494099
-62.908417
-62.835121
-62.916477
-62.665951
-62.697063
-62.723755
-62.872189
-62.893280
-62.844807
-62.826416
-62.760948
-62.937325
-63.007317
-62.953335
-62.740330
-62.717106
-62.893940
-62.911816
-62.740002
-62.881153
-62.724686
-62.928749
-62.879856
-62.802666
-62.833397
-62.928848
-62.968208
-62.787453
-63.045719
-62.861877
-63.016720
-62.923885
-62.871288
-63.033699
-63.028534
-62.971268
-62.769321
-63.074905
-63.089729
-63.063046
-63.173729
-63.156487
-63.328445
-63.109276
-63.241478
-63.377186
-63.340263
-63.193714
-63.412399
-63.431343
-63.436535
-63.412796
-63.336346
-63.283337
-63.473011
-63.350685
-63.420696
-63.275948
-63.452950
-63.358829
-63.426373
-63.389297
-63.379601
-63.330139
-63.412891
-63.281895
-63.224060
-63.399845
-63.486847
-63.329395
-63.270576
-63.278057
-63.262180
-63.105564
-63.293915
-63.240940
-63.259819
-63.222939
-63.319080
-63.150318
-63.201290
-63.175137
-63.388180
-63.385059
-63.320679
-63.374069
-63.413536
-63.407120
-63.435791
-63.583271
-63.492168
-63.644691
-63.585812
-63.702217
-63.735764
-63.674728
-63.710075
-64.016243
-63.856003
-63.973293
-64.073608
-64.112404
-64.053963
-64.275223
-64.209183
-64.333160
-64.323456
-64.435600
-64.483322
-64.538322
-64.556335
-64.596458
-64.645142
-64.715408
-64.738121
-64.841423
-64.915428
-64.999023
-65.003456
-65.109703
-65.158356
-65.285309
-65.449142
-65.398331
-65.556381
-65.649414
-65.602295
-65.722351
-65.750137
-65.980667
-65.975723
-65.899399
-65.898247
-66.037529
-66.077728
-66.047020
-65.993263
-66.084335
-66.296066
-66.130066
-66.198296
-66.220901
-66.187630
-66.267426
-66.273216
-66.322853
-66.274811
-66.317772
-66.371887
-66.342186
-66.354530
-66.289589
-66.223915
-66.129379
-66.379738
-66.357513
-66.231674
-66.187691
-66.190643
-66.220367
-66.173790
-66.280220
-66.186050
-66.184875
-66.077385
-66.142738
-66.144798
-66.075180
-65.939560
-66.075531
-65.950653
-66.049316
-65.891579
-65.610931
-65.825974
-65.787010
-65.712708
-65.684860
-65.719589
-65.640274
-65.639297
-65.644905
-65.627411
-65.543007
-65.456703
-65.589905
-65.583549
-65.584351
-65.500328
-65.597183
-65.566010
-65.644287
-65.582069
-65.541725
-65.639915
-65.765923
-65.733894
-65.736649
-65.882256
-65.912781
-65.748329
-65.809616
-66.049019
-65.864487
-65.952576
-66.106689
-66.173187
-66.104523
-65.993317
-66.046669
-66.103142
-66.249138
-66.272820
-66.258934
-66.271225
-66.367897
-66.527016
-66.278679
-66.274673
-66.336906
-66.414108
-66.459564
-66.457222
-66.483047
-66.296181
-66.258217
-66.394981
-66.410187
-66.426903
-66.331902
-66.289124
-66.301186
-66.363167
-66.315948
-66.098373
-66.178505
-66.447510
-66.455414
-66.185120
-66.151985
-66.273476
-66.419434
-66.317368
-66.473228
-66.348412
-66.384003
-66.444427
-66.535355
-66.560410
-66.533569
-66.516365
-66.521156
-66.780975
-66.580750
-66.611931
-66.579674
-66.667221
-66.508606
-66.670418
-66.559158
-66.538445
-66.471191
-66.515236
-66.634163
-66.418060
-66.468323
-66.266632
-66.234543
-66.237061
-66.209076
-66.040184
-66.037872
-66.010223
-66.036697
-65.856438
-65.814293
-65.810440
-66.009018
-65.957161
-65.899612
-66.014938
-66.165657
-66.052200
-66.076378
-66.175453
-66.278877
-66.028069
-65.910522
-66.006386
-66.113129
-65.719490
-65.671501
-65.764008
-65.597260
-65.575836
-65.487328
-65.556656
-65.570114
-65.479401
-65.479851
-65.635696
-65.671349
-65.529472
-65.408447
-65.651810
-65.608696
-65.461525
-65.519691
-65.627487
-65.610680
-65.439934
-65.462532
-65.664391
-65.651711
-65.426926
-65.555138
-65.816780
-65.732323
-65.747993
-65.687592
-65.706009
-65.830719
-65.789253
-65.726135
-65.758339
-65.985657
-65.689796
-65.866447
-65.907303
-65.814247
-65.661156
-65.881393
-65.992462
-65.979660
-65.946663
-66.128433
-66.160858
-66.202156
-66.142174
-66.271698
-66.275787
-66.377724
-66.545219
-66.588364
-66.521179
-66.755363
-66.814240
-66.822372
-66.787811
-66.736664
-66.928581
-66.814568
-66.675774
-66.637810
-66.587471
-66.466232
-66.449234
-66.312477
-66.185234
-66.348877
-66.350655
-66.575447
-66.585411
-66.594048
-66.738937
-66.856941
-66.820549
-66.810684
-66.909492
-67.059753
-66.861984
-66.631454
-66.699860
-66.583740
-66.547752
-66.648445
-66.765289
-66.580269
-66.579559
-66.717224
-66.786285
-66.533737
-66.113190
-66.289925
-66.291359
-65.881851
-65.801743
-66.168724
-65.801414
-65.416603
-65.379654
-65.711449
-66.152443
-66.161400
-65.791512
-65.985817
-66.251312
-66.211761
-66.304214
-66.282135
-66.390984
-66.481850
-66.519051
-66.397141
-66.260880
-66.332085
-66.300941
-66.641548
-66.873062
-66.848778
-66.764709
-66.831665
-67.039917
-66.984352
-67.002037
-66.880119
-67.109299
-67.250015
-67.342667
-67.525848
-67.072548
-67.075066
-67.017334
-67.408333
-67.338791
-67.399010
-67.238724
-67.441811
-67.526863
-67.420456
-67.135368
-67.226097
-67.264977
-67.441902
-67.341919
-67.354858
-67.285843
-67.213028
-67.207642
-67.283134
-67.262321
-67.066971
-67.094116
-67.123222
-67.199005
-67.120766
-66.998466
-66.874245
-67.226860
-67.157654
-67.017288
-66.962601
-66.995850
-67.020531
-67.005630
-67.039398
-67.009628
-67.118729
-66.930840
-66.976532
-66.927757
-66.956566
-66.908875
-66.913048
-66.862717
-66.885223
-66.890015
-66.801308
-66.854385
-66.891876
-66.678833
-66.599823
-66.626282
-66.635216
-66.540718
-66.497047
-66.552704
-66.518051
-66.291748
-66.254372
-66.220398
-66.418205
-66.272118
-66.145721
-66.139160
-66.437683
-66.202820
-66.018333
-66.217216
-66.283791
-66.214203
-65.971222
-66.167068
-66.314339
-66.113968
-66.081764
-66.215660
-66.269081
-66.197914
-65.992561
-66.118340
-66.136421
-66.210388
-66.078194
-66.041992
-66.166321
-66.180702
-66.023987
-65.981133
-66.128090
-65.947441
-65.939629
-66.050903
-66.178169
-65.998421
-65.986420
-66.079117
-66.033714
-65.892174
-65.843742
-65.983177
-65.896690
-65.915421
-65.911125
-65.974274
-65.991264
-65.652824
-65.762604
-65.881157
-66.012611
-65.754890
-65.741051
-65.806976
-65.879097
-65.783257
-65.819687
-65.699112
-65.716545
-65.704247
-65.758293
-65.803108
-65.824989
-65.514732
-65.770386
-65.819756
-65.794250
-65.729782
-65.700806
-65.832703
-65.841904
-65.902863
-65.636154
-65.855690
-65.912086
-65.817131
-65.774323
-65.697952
-65.677109
-65.630203
-65.582321
-65.727051
-65.662155
-65.626709
-65.556007
-65.690834
-65.642540
-65.608841
-65.502113
-65.518394
-65.578934
-65.448296
-65.519836
-65.320168
-65.353554
-65.242340
-65.289665
-65.153267
-65.098083
-65.069611
-64.882240
-65.003059
-65.039040
-64.969452
-64.884712
-65.005005
-64.890686
-64.869095
-65.042183
-64.933075
-64.829018
-64.888199
-64.851585
-64.879501
-64.757545
-64.801704
-64.608353
-64.707283
-64.622284
-64.704124
-64.601524
-64.851120
-64.766090
-64.601707
-64.782822
-64.726425
-64.770668
-64.737175
-64.880165
-64.847610
-64.783173
-64.578720
-64.730003
-64.755829
-64.651550
-64.643326
-64.652771
-64.601791
-64.624954
-64.656609
-64.729477
-64.631523
-64.745201
-64.730820
-64.777954
-64.716812
-64.773987
-64.698364
-64.599380
-64.653984
-64.792946
-64.530228
-64.406738
-64.475288
-64.586334
-64.243309
-64.336861
-64.333130
-64.148895
-64.070343
-64.098328
-63.952187
-63.989037
-63.997875
-63.880875
-63.825249
-63.821674
-63.978176
-63.886509
-63.772480
-63.766937
-63.594372
-63.672405
-63.926994
-63.606476
-63.640236
-63.516148
-63.635197
-63.460491
-63.603397
-63.594547
-63.530815
-63.539726
-63.569305
-63.761440
-63.592361
-63.358925
-63.518196
-63.757591
-63.710781
-63.703346
-63.709629
-63.335091
-63.517445
-63.476875
-63.439400
-63.559303
-63.651089
-63.453526
-63.520683
-63.524559
-63.382477
-63.348736
-63.339390
-63.508343
-63.632389
-63.409767
-63.331253
-63.148540
-63.215603
-63.163837
-63.194725
-63.188396
-63.293766
-63.158840
-63.011868
-63.307846
-63.135563
-62.932541
-62.864525
-63.090881
-63.019825
-63.026794
-63.036587
-62.711109
-62.614769
-62.586266
-62.779850
-62.600727
-62.562458
-62.547966
-62.607075
-62.542625
-62.310036
-62.377487
-62.469692
-62.618896
-62.273888
-62.259151
-62.320541
-62.225571
-62.405804
-62.311703
-62.439941
-62.342644
-62.309784
-62.269684
-62.496143
-62.367085
-62.140491
-62.184784
-62.208794
-62.296055
-62.162270
-62.054943
-62.078392
-62.014114
-62.038067
-61.887260
-62.056599
-61.997334
-61.816097
-61.830059
-61.968174
-61.755322
-61.726151
-61.707977
-61.652519
-61.517529
-61.370655
-61.366753
-61.428028
-61.225800
-61.161850
-61.184475
-61.304710
-61.043346
-60.872643
-61.057114
-61.087769
-60.844135
-60.782032
-60.953663
-60.994534
-60.708191
-60.639542
-60.611942
-60.701836
-60.358109
-60.405216
-60.398689
-60.359852
-60.178844
-59.998207
-60.126469
-59.994511
-59.914440
-59.835819
-59.845051
-59.851990
-59.805065
-59.805782
-59.758583
-59.786160
-59.614723
-59.586929
-59.672527
-59.500996
-59.429028
-59.421051
-59.412865
-59.346176
-59.193642
-59.098366
-59.077972
-58.988762
-58.854019
-58.837910
-58.715786
-58.592293
-58.343895
-58.359749
-58.332191
-58.198059
-57.959663
-57.920067
-57.951580
-57.675568
-57.572239
-57.432972
-57.363369
-57.172607
-57.035805
-56.757290
-56.712360
-56.486340
-56.207973
-56.023586
-55.860382
-55.578392
-55.391762
-55.196495
-54.988884
-54.785591
-54.468807
-54.163887
-54.033440
-53.768913
-53.365208
-53.013687
-52.795757
-52.448624
-52.174232
-51.843010
-51.559505
-51.146854
-50.918201
-50.447578
-50.115025
-49.956280
-49.453007
-49.260880
-48.891895
-48.497337
-48.008820
-47.627594
-47.258327
-46.991962
-46.605042
-46.123116
-45.739773
-45.407806
-44.897755
-44.536015
-44.147190
-43.770531
-43.428349
-43.031128
-42.673901
-42.349041
-41.843681
-41.517879
-41.180107
-40.833572
-40.274303
-40.015221
-39.678406
-39.177776
-38.784672
-38.384243
-38.050304
-37.658737
-37.260098
-36.798428
-36.495541
-36.206963
-35.707546
-35.311562
-34.949108
-34.662262
-34.253536
-33.833828
-33.433735
-33.146431
-32.817219
-32.226669
-31.944967
-31.657879
-31.197273
-30.851982
-30.522749
-30.170485
-29.833874
-29.479906
-29.090816
-28.840027
-28.459591
-28.092541
-27.800289
-27.566526
-27.187965
-26.895895
-26.614782
-26.336922
-25.961437
-25.620235
-25.454744
-25.153811
-24.944485
-24.620241
-24.433189
-23.999765
-23.896503
-23.534380
-23.348166
-23.045229
-22.807161
-22.588572
-22.369259
-22.262152
-22.004436
-21.629625
-21.412096
-21.343107
-21.234720
-21.026625
-20.797144
-20.766365
-20.471498
-20.328999
-20.241617
-20.209841
-19.936512
-19.876343
-19.655827
-19.591146
-19.370945
-19.122210
-19.032354
-18.839344
-18.669031
-18.545712
-18.534990
-18.266815
-18.047260
-17.835428
-17.700008
-17.672640
-17.434986
-17.195042
-17.233253
-16.996981
-16.820587
-16.578960
-16.396395
-16.390139
-16.188108
-16.074083
-16.042952
-15.954983
-15.652730
-15.467653
-15.411188
-15.473382
-15.358232
-15.172407
-14.980119
-14.974941
-14.786943
-14.691369
-14.649466
-14.430327
-14.273083
-14.175928
-14.207524
-14.132465
-13.873780
-13.729776
-13.577104
-13.503427
-13.397638
-13.352960
-13.277205
-13.209655
-13.074338
-13.000880
-12.931390
-12.710405
-12.666240
-12.546632
-12.359517
-12.171311
-12.093163
-11.999820
-11.741163
-11.591303
-11.349894
-11.157403
-11.125722
-10.973033
-10.846629
-10.611520
-10.660706
-10.484346
-10.406029
-10.341087
-10.232008
-10.147603
-10.034204
-9.915537
-9.624288
-9.525765
-9.247769
-9.047125
-8.826014
-8.620186
-8.497099
-8.211255
-8.117632
-7.828935
-7.507121
-7.257827
-7.157704
-6.830700
-6.596314
-6.491866
-6.229962
-6.010706
-5.864652
-5.851031
-5.738273
-5.739909
-5.460924
-5.341211
-5.444858
-5.519780
-5.224237
-4.963138
-4.991233
-4.808212
-4.798957
-4.816112
-4.951933
-4.778413
-4.566914
-4.509295
-4.645893
-4.622096
-4.508084
-4.493513
-4.378903
-4.253708
-4.305565
-4.046232
-3.905963
-3.909391
-3.708043
-3.681099
-3.820442
-3.682797
-3.522228
-3.453145
-3.539745
-3.585079
-3.384222
-3.057141
-2.922589
-2.762473
-2.504838
-2.424417
-2.092313
-1.653362
-1.552735
-1.535000
-1.818483
-1.900903
-1.839327
-1.970715
-1.907957
-1.701327
-1.997862
-2.402925
-2.274738
-2.103059
-2.132498
-2.286289
-2.344402
-2.215426
-1.925392
-2.117018
-2.392884
-2.241670
-2.200442
-1.948511
-1.567763
-1.629693
-1.603059
-1.633434
-1.777943
-1.502386
-1.179202
-1.299996
-0.716767
-0.391887
-0.646918
-0.935736
-0.987071
-1.053751
-1.148564
-1.412941
-1.521296
-1.380414
-1.185920
-0.914654
-1.091007
-1.198389
-0.701105
-0.179527
0.121411
0.320927
0.371974
0.282409
0.171926
0.087646
-0.022001
-0.046134
-0.385700
-0.498913
-0.361986
-0.354035
-0.276659
-0.293938
-0.309965
-0.055799
0.359791
0.622066
0.960232
0.917182
0.878377
0.769052
0.726212
0.754797
0.717032
0.469052
0.456727
0.471989
0.437331
0.294501
0.307891
0.385958
0.401143
0.531651
0.799089
0.859605
0.809870
0.850692
0.766616
0.846072
0.843072
0.813884
0.552149
0.780764
0.755830
0.657456
0.535781
0.641670
0.525362
0.699184
0.729810
0.858372
0.844604
0.725920
0.787117
0.940640
0.801706
0.733319
0.796146
0.813899
0.658771
0.820453
0.650284
0.630470
0.593910
0.771104
0.721960
0.917495
0.960968
0.796178
0.918142
0.897237
1.057348
0.903690
1.006392
0.969805
1.083420
0.913056
1.033260
1.075895
0.856011
1.125911
1.059120
0.971017
0.998122
1.056544
0.878005
1.007996
1.027460
0.884195
0.773002
0.787847
0.762353
0.848288
0.731402
0.627334
0.644045
0.640670
0.659301
0.647595
0.685964
0.591000
0.586496
0.612617
0.589105
0.674184
0.514996
0.473172
0.470066
0.594013
0.507486
0.409292
0.362075
0.342667
0.516826
0.432740
0.423495
0.413653
0.452765
0.353437
0.494262
0.530752
0.487131
0.365125
0.451568
0.596722
0.400393
0.396503
0.480362
0.385581
0.376511
0.484224
0.480818
0.434749
0.426093
0.345610
0.415277
0.360490
0.337962
0.323367
0.290288
0.281777
0.240244
0.317764
0.279252
0.258480
0.369103
0.219118
0.323522
0.324878
0.260073
0.294419
0.316313
0.291434
0.216184
0.297876
0.273244
0.362477
0.152919
0.214291
0.282744
0.307307
0.215090
0.286505
0.325382
0.335231
0.253444
0.249859
0.344330
0.277150
0.284988
0.281969
0.265937
0.179688
0.190135
0.262053
0.166371
0.081210
0.232325
0.240624
0.222994
0.131080
0.149936
0.212623
0.245964
0.133631
0.080049
0.150067
0.130995
0.209909
0.087967
0.062838
0.074036
0.124760
0.082953
0.069024
0.145844
0.154033
0.194675
0.217205
0.283332
0.227911
0.233613
0.358781
0.279272
0.263424
0.411061
0.306667
0.291222
0.234763
0.257226
0.284569
0.370320
0.083974
0.197942
0.188035
0.095317
0.024964
0.092769
-0.069398
-0.153531
-0.073639
-0.074766
-0.091993
-0.177229
-0.213689
-0.176528
-0.194012
-0.200068
-0.216720
-0.393950
-0.289891
-0.177053
-0.224456
-0.354479
-0.405342
-0.452135
-0.361347
-0.191439
-0.267661
-0.349011
-0.359323
-0.277365
-0.346439
-0.278642
-0.329594
-0.243579
-0.373628
-0.244572
-0.211703
-0.289270
-0.326552
-0.445784
-0.401671
-0.353197
-0.277642
-0.302456
-0.353513
-0.262027
-0.254238
-0.248614
-0.335797
-0.261861
-0.199740
-0.233049
-0.168849
-0.110486
-0.220056
-0.315204
-0.249010
-0.124654
-0.135302
-0.084773
-0.090661
0.017355
-0.122206
-0.085700
0.025598
0.139826
-0.016152
0.063365
0.221471
0.091255
0.125924
0.004618
0.130479
0.048413
0.202667
0.104990
0.294134
0.209849
0.158378
0.258714
0.226828
0.264124
0.223504
0.275520
0.336848
0.402310
0.175298
0.279459
0.190248
0.173530
0.273859
0.373693
0.331007
0.250200
0.377445
0.289398
0.421149
0.414556
0.446576
0.487951
0.422616
0.490528
0.434051
0.520611
0.429760
0.483871
0.503296
0.542327
0.477883
0.448375
0.584930
0.497036
0.424894
0.479020
0.556928
0.566148
0.567923
0.489708
0.439284
0.475179
0.518412
0.600093
0.516745
0.472666
0.428340
0.416790
0.475536
0.408444
0.401780
0.486543
0.446704
0.372212
0.440536
0.345635
0.357552
0.362185
0.319346
0.363417
0.350553
0.324092
0.241742
0.376711
0.256026
0.238854
0.157187
0.234015
0.236996
0.196172
0.171454
0.167286
0.164795
0.056986
0.108373
0.172651
0.017026
0.060093
0.015490
0.117604
0.091990
0.084539
0.007491
0.020248
-0.032370
0.013386
-0.008680
0.071914
-0.010937
-0.099023
-0.169964
-0.131107
-0.009641
-0.127753
-0.151308
-0.232841
-0.126374
-0.125349
-0.185312
-0.253336
-0.174204
-0.217987
-0.163244
-0.143069
-0.242053
-0.234394
-0.232489
-0.198336
-0.220894
-0.171129
-0.364595
-0.212213
-0.220565
-0.238804
-0.275119
-0.227110
-0.261462
-0.241293
-0.231133
-0.169960
-0.231997
-0.195655
-0.302518
-0.235695
-0.201061
-0.223868
-0.289924
-0.305419
-0.213990
-0.242996
-0.383957
-0.302778
-0.279854
-0.280099
-0.295899
-0.294732
-0.364998
-0.319091
-0.388830
-0.323152
-0.363958
-0.351789
-0.486374
-0.395960
-0.345562
-0.444973
-0.435641
-0.513045
-0.375311
-0.312463
-0.426458
-0.431320
-0.487180
-0.406156
-0.389300
-0.352499
-0.452519
-0.445886
-0.448965
-0.467918
-0.422249
-0.419459
-0.444009
-0.502370
-0.471129
-0.456866
-0.375185
-0.504443
-0.451896
-0.528625
-0.457107
-0.465022
-0.381997
-0.533881
-0.509347
-0.507244
-0.425729
-0.538378
-0.464194
-0.574292
-0.514703
-0.533897
-0.462557
-0.584682
-0.607173
-0.464071
-0.554950
-0.504722
-0.611801
-0.567832
-0.607813
-0.591087
-0.503108
-0.570919
-0.594150
-0.598617
-0.609906
-0.670324
-0.628574
-0.534109
-0.675566
-0.692508
-0.523573
-0.631756
-0.616832
-0.679353
-0.654649
-0.628797
-0.573917
-0.644655
-0.658118
-0.633864
-0.656207
-0.619742
-0.669328
-0.585661
-0.742743
-0.650824
-0.691581
-0.554009
-0.712945
-0.682411
-0.716279
-0.716862
-0.603994
-0.671414
-0.589163
-0.688727
-0.684511
-0.689205
-0.621436
-0.667580
-0.601070
-0.715742
-0.602018
-0.629637
-0.702439
-0.729487
-0.705704
-0.599599
-0.685865
-0.596691
-0.782563
-0.607977
-0.625073
-0.607095
-0.630642
-0.651584
-0.691212
-0.590646
-0.666086
-0.572947
-0.616453
-0.625539
-0.705076
-0.591816
-0.634356
-0.642278
-0.629630
-0.664772
-0.594349
-0.603294
-0.566893
-0.619995
-0.602562
-0.634985
-0.549707
-0.565626
-0.520572
-0.556807
-0.549023
-0.546049
-0.513677
-0.588256
-0.522538
-0.559994
-0.567861
-0.543944
-0.549688
-0.578999
-0.514934
-0.545352
-0.477019
-0.483685
-0.489579
-0.517675
-0.407140
-0.415685
-0.505761
-0.452887
-0.478720
-0.450466
-0.439188
-0.424636
-0.463177
-0.460680
-0.447920
-0.501176
-0.425727
-0.397342
-0.437921
-0.496464
-0.474335
-0.428881
-0.385538
-0.425140
-0.408840
-0.434130
-0.458881
-0.358829
-0.429815
-0.396829
-0.471400
-0.445849
-0.381593
-0.396481
-0.435325
-0.378274
-0.330866
-0.350526
-0.403387
-0.366801
-0.371600
-0.343149
-0.392050
-0.344667
-0.436468
-0.358044
-0.397945
-0.356910
-0.436943
-0.404792
-0.427028
-0.428052
-0.337955
-0.391505
-0.438614
-0.340901
-0.413597
-0.429041
-0.416581
-0.342312
-0.411764
-0.417267
-0.347076
-0.413980
-0.366736
-0.467331
-0.380059
-0.341797
-0.344277
-0.367867
-0.355244
-0.322886
-0.351277
-0.304417
-0.352461
-0.318633
-0.392341
-0.436867
-0.322260
-0.345834
-0.407181
-0.407117
-0.404452
-0.285596
-0.351545
-0.382011
-0.405254
-0.373975
-0.406407
-0.443329
-0.329002
-0.414365
-0.429289
-0.464089
-0.436984
-0.417220
-0.421104
-0.539152
-0.478981
-0.419103
-0.486560
-0.455715
-0.503102
-0.489606
-0.478739
-0.484927
-0.492665
-0.441504
-0.550091
-0.566317
-0.478736
-0.476839
-0.526377
-0.620077
-0.534026
-0.572209
-0.537732
-0.645550
-0.593180
-0.580308
-0.637241
-0.582472
-0.603370
-0.594505
-0.616856
-0.673808
-0.637773
-0.630998
-0.640165
-0.680127
-0.629770
-0.652529
-0.680226
-0.690301
-0.670691
-0.670961
-0.721067
-0.706990
-0.713499
-0.688860
-0.755749
-0.645270
-0.680748
-0.696774
-0.829172
-0.768545
-0.687253
-0.697754
-0.788475
-0.746530
-0.750600
-0.784005
-0.838473
-0.746565
-0.768878
-0.812808
-0.892546
-0.760955
-0.796428
-0.791032
-0.924217
-0.800021
-0.919926
-0.838682
-0.867426
-0.836746
-0.854373
-0.915395
-0.892395
-0.853102
-0.911733
-0.920515
-0.931369
-0.846111
-0.908516
-0.933429
-0.948812
-0.890982
-0.908937
-0.968974
-0.929058
-0.908136
-0.933972
-0.964988
-0.906151
-0.885555
-0.981614
-0.938114
-0.965116
-0.852802
-0.932931
-0.990399
-1.004238
-0.988784
-0.962271
-1.058616
-0.991534
-1.094103
-1.115587
-1.132607
-1.083218
-1.086272
-1.124772
-1.189354
-1.103350
-1.120815
-1.107901
-1.229974
-1.350865
-1.169399
-1.161758
-1.108145
-1.230552
-1.151767
-1.179647
-1.158867
-1.217432
-1.280266
-1.255720
-1.300427
-1.354717
-1.295349
-1.404397
-1.509768
-1.479142
-1.433238
-1.427421
-1.540684
-1.466350
-1.402220
-1.454498
-1.486055
-1.340891
-1.391410
-1.317787
-1.291281
-1.192157
-1.151122
-1.169766
-1.224149
-1.221205
-1.152925
-1.225018
-1.216275
-1.132402
-1.101566
-1.157207
-1.086544
-1.064606
-1.017702
-1.096388
-1.093096
-1.133524
-1.007655
-1.016604
-1.021785
-1.042620
-1.113411
-1.168370
-1.116287
-1.133963
-1.194766
-1.133625
-1.117910
-1.069122
-0.937023
-1.001037
-1.133234
-1.162728
-1.033605
-1.010968
-1.077219
-1.117239
-1.088545
-1.096125
-1.084111
-1.049974
-1.048475
-1.035004
-1.055867
-0.971729
-0.854171
-0.887681
-0.900972
-0.937811
-0.947605
-0.928358
-0.980375
-1.099740
-1.174540
-1.096309
-1.009227
-1.022004
-1.037389
-1.006485
-1.058315
-0.998422
-0.857074
-0.852378
-0.841465
-0.836348
-0.789824
-0.781958
-0.823282
-0.887737
-0.835019
-0.950516
-0.888763
-0.996134
-0.979429
-1.065809
-1.080933
-1.017725
-0.962499
-0.959095
-1.024719
-0.921908
-0.825329
-0.827864
-0.788158
-0.842927
-0.768197
-0.790519
-0.927286
-0.896434
-0.919683
-0.950050
-1.050014
-0.945293
-0.984842
-0.931449
-0.857813
-0.867523
-0.924102
-0.842910
-0.744071
-0.798901
-0.722774
-0.708181
-0.770680
-0.907692
-0.924248
-0.992713
-0.863992
-0.946349
-0.980165
-1.174828
-1.079139
-1.175448
-1.036225
-1.039779
-1.072028
-1.278642
-1.105800
-1.123474
-1.024548
-1.064510
-1.156241
-1.167326
-1.152169
-1.108690
-0.990545
-1.043155
-1.112775
-0.980928
-0.739060
-0.759522
-0.805593
-0.862167
-0.894879
-0.929820
-0.952080
-0.958119
-0.929556
-0.916173
-0.983701
-0.922088
-0.962601
-0.959979
-0.926423
-0.867268
-0.756439
-0.756571
-0.801177
-0.746283
-0.647505
-0.795439
-0.782372
-0.822538
-0.863038
-0.939470
-0.888342
-0.946266
-0.898472
-1.121850
-1.116294
-0.991431
-1.048870
-1.186122
-1.213683
-1.220042
-1.185174
-1.180550
-1.387857
-1.444727
-1.317263
-1.255789
-1.072531
-1.083467
-1.160637
-1.232225
-1.179539
-0.937659
-0.785664
-0.923585
-0.994118
-0.809290
-0.710905
-0.696871
-0.736624
-0.882064
-0.901944
-0.869004
-0.856580
-0.858999
-0.914974
-0.770383
-0.773188
-0.703939
-0.789883
-0.835360
-0.836088
-0.818690
-0.659781
-0.690534
-0.708707
-0.899060
-0.854450
-0.702273
-0.811449
-0.955594
-1.013999
-0.895518
-0.747081
-0.596249
-0.625592
-0.923316
-0.929006
-0.937540
-0.755560
-0.699453
-0.817280
-1.113167
-1.103082
-0.969800
-0.856113
-0.920344
-1.177940
-1.165604
-1.038414
-0.945366
-0.818955
-0.905336
-0.912461
-0.903527
-0.772873
-0.741185
-0.693744
-0.925625
-1.062603
-0.899399
-0.830792
-0.939698
-0.988029
-0.966183
-0.937347
-0.943545
-0.840211
-0.909936
-0.954994
-0.893772
-0.829642
-0.691177
-0.774618
-0.854137
-0.965076
-0.835634
-0.861362
-0.857826
-1.075371
-0.939664
-0.987259
-0.926922
-0.856535
-0.935486
-0.933934
-0.959363
-0.879310
-0.779611
-0.831336
-0.888347
-0.800238
-0.818831
-0.829338
-0.857067
-0.874929
-0.929888
-0.951035
-0.991060
-0.851633
-0.846093
-0.928664
-0.954683
-0.865082
-0.942407
-0.903093
-0.791540
-0.859666
-0.984030
-0.885908
-0.838182
-0.881997
-0.914956
-1.031817
-0.986238
-0.890966
-0.952202
-1.046794
-0.995918
-0.928929
-0.937158
-0.915127
-0.933178
-0.963757
-1.030466
-0.902567
-0.848847
-0.847422
-1.077245
-1.007706
-0.936578
-0.910308
-1.081985
-0.997558
-1.005793
-0.943159
-1.033776
-0.981530
-0.911503
-1.008628
-1.050546
-0.890774
-0.868504
-0.988076
-1.065763
-0.988148
-0.930736
-0.990690
-1.060768
-1.001163
-1.019712
-1.046638
-1.050355
-1.023463
-1.016526
-1.108898
-0.991870
-1.071531
-0.983867
-1.020180
-0.991037
-1.060458
-1.070662
-1.071751
-1.069281
-1.006187
-1.063906
-1.102958
-1.130428
-1.025281
-1.069602
-1.132358
-1.179630
-1.070878
-1.053510
-1.132667
-1.089629
-1.041288
-1.127428
-1.205074
-1.087541
-1.012560
-1.080838
-1.164145
-1.151431
-1.021480
-1.137324
-1.161657
-1.140644
-1.101826
-1.080802
-1.135434
-1.132111
-1.082346
-1.121295
-1.162956
-1.104097
-1.150927
-1.196660
-1.176176
-1.037827
-1.153332
-1.070052
-1.249253
-1.028514
-1.142673
-1.059948
-1.158632
-1.099485
-1.094525
-1.090425
-1.085541
-1.088667
-1.151440
-1.103867
-1.083778
-1.112696
-1.084384
-1.091753
-1.139742
-1.113556
-1.149978
-1.109655
-1.149514
-1.091049
-1.112125
-1.121644
-1.197805
-1.113460
-1.073932
-1.143374
-1.165618
-1.158511
-1.137086
-1.038053
-1.192047
-1.185258
-1.126045
-1.100306
-1.145759
-1.163795
-1.060975
-1.116303
-1.023446
-1.049460
-1.002788
-1.065522
-1.147029
-1.091239
-1.006069
-0.996642
-1.095529
-1.021118
-1.019876
-1.027991
-1.052067
-0.954945
-1.039434
-1.015133
-0.981629
-0.937796
-0.904596
-0.956998
-0.925164
-1.011379
-0.879564
-0.876920
-0.986526
-0.985842
-0.825617
-0.902962
-0.862049
-0.951032
-0.883842
-0.988614
-0.933974
-0.893360
-0.831293
-0.904121
-0.903565
-0.901020
-0.756911
-0.886176
-0.820693
-0.858806
-0.790580
-0.898308
-0.836850
-0.900437
-0.827420
-0.859315
-0.858033
-0.856314
-0.800881
-0.862965
-0.873160
-0.873805
-0.813355
-0.746918
-0.792988
-0.828428
-0.773923
-0.746680
-0.778140
-0.767854
-0.817944
-0.858310
-0.898207
-0.787553
-0.738195
-0.862683
-0.882914
-0.809916
-0.719627
-0.759218
-0.765237
-0.802518
-0.684751
-0.640632
-0.689578
-0.713737
-0.643310
-0.772705
-0.695933
-0.638043
-0.640260
-0.644347
-0.764830
-0.646428
-0.630516
-0.691224
-0.837823
-0.722049
-0.635661
-0.620998
-0.652840
-0.688367
-0.657744
-0.749468
-0.654969
-0.690510
-0.641836
-0.764081
-0.758691
-0.743664
-0.665964
-0.723348
-0.794199
-0.842444
-0.826849
-0.778131
-0.686743
-0.730773
-0.719101
-0.785753
-0.732430
-0.701531
-0.703837
-0.743787
-0.809706
-0.779078
-0.741415
-0.767266
-0.828604
-0.835497
-0.889651
-0.779129
-0.792037
-0.904050
-0.899052
-0.802441
-0.773030
-0.781491
-0.781940
-0.798502
-0.783403
-0.814106
-0.730999
-0.772695
-0.732659
-0.938444
-0.832299
-0.779269
-0.811437
-0.833344
-0.782097
-0.822227
-0.748205
-0.780815
-0.726764
-0.683901
-0.827435
-0.751635
-0.647445
-0.685872
-0.787381
-0.723881
-0.771533
-0.752054
-0.658139
-0.696338
-0.715346
-0.811357
-0.770693
-0.773409
-0.665465
-0.749504
-0.772638
-0.709678
-0.683667
-0.700558
-0.755778
-0.800159
-0.726462
-0.698224
-0.683648
-0.734319
-0.752607
-0.794296
-0.699729
-0.638841
-0.657645
-0.632200
-0.675573
-0.604675
-0.620195
-0.539833
-0.507796
-0.617541
-0.666490
-0.568485
-0.492997
-0.432293
-0.600978
-0.639313
-0.548330
-0.454719
-0.483519
-0.586114
-0.581905
-0.525054
-0.437865
-0.461643
-0.496266
-0.523158
-0.553717
-0.515638
-0.385668
-0.395536
-0.439025
-0.459779
-0.408917
-0.382583
-0.304409
-0.381036
-0.413588
-0.378404
-0.405526
-0.386958
-0.300352
-0.339024
-0.435753
-0.426096
-0.394213
-0.344283
-0.449315
-0.398116
-0.351263
-0.356222
-0.338553
-0.316554
-0.313418
-0.314500
-0.311271
-0.269173
-0.211239
-0.380803
-0.458222
-0.352336
-0.344023
-0.387281
-0.437376
-0.505497
-0.497194
-0.467634
-0.487528
-0.475414
-0.502866
-0.434741
-0.511623
-0.420418
-0.327487
-0.342100
-0.431775
-0.352715
-0.242859
-0.277456
-0.223116
-0.268123
-0.232510
-0.195891
-0.240027
-0.306742
-0.375237
-0.346222
-0.202314
-0.263778
-0.363212
-0.425216
-0.514890
-0.587212
-0.655319
-0.593982
-0.655145
-0.733018
-0.680794
-0.694190
-0.643120
-0.628035
-0.623114
-0.555775
-0.481794
-0.443367
-0.310121
-0.271793
-0.448255
-0.432432
-0.428223
-0.475256
-0.517963
-0.615715
-0.717474
-0.754792
-0.804947
-0.707422
-0.757668
-0.856588
-0.946888
-0.666116
-0.571191
-0.463868
-0.492762
-0.523266
-0.529333
-0.461755
-0.308628
-0.187354
-0.330744
-0.428135
-0.416770
-0.426674
-0.543572
-0.552285
-0.674437
-0.614577
-0.455052
-0.325358
-0.313038
-0.374749
-0.445046
-0.428872
-0.315806
-0.415575
-0.314765
-0.351955
-0.292531
-0.402288
-0.394033
-0.589613
-0.529931
-0.511254
-0.420988
-0.368531
-0.327955
-0.430466
-0.481987
-0.331823
-0.243233
-0.335944
-0.388215
-0.406951
-0.332194
-0.382942
-0.399472
-0.581746
-0.540523
-0.447308
-0.424210
-0.333754
-0.271384
-0.554711
-0.551199
-0.453394
-0.305176
-0.404997
-0.537382
-0.487430
-0.364632
-0.444708
-0.804598
-0.916223
-0.736023
-0.721520
-0.728833
-0.690575
-0.681270
-0.856292
-0.818796
-0.730808
-0.660852
-0.578381
-0.631489
-0.585449
-0.423002
-0.507949
-0.528686
-0.554864
-0.623787
-0.647951
-0.627857
-0.507329
-0.551306
-0.591293
-0.636310
-0.548941
-0.380871
-0.424935
-0.432414
-0.328066
-0.249371
-0.251245
-0.380014
-0.476012
-0.343599
-0.358331
-0.322521
-0.440157
-0.490852
-0.550493
-0.457010
-0.447956
-0.405112
-0.499482
-0.351812
-0.270812
-0.159705
-0.308085
-0.399057
-0.492502
-0.362956
-0.330506
-0.216560
-0.244197
-0.212734
-0.248791
-0.305047
-0.253690
-0.227608
-0.231877
-0.195522
-0.214979
-0.088545
-0.095202
-0.118881
-0.183407
-0.102748
-0.128481
-0.094258
-0.080203
0.066401
0.040692
0.019250
0.051791
0.015478
0.006636
-0.012632
0.160984
0.127889
0.121618
0.094899
0.122365
0.112634
0.112132
0.118975
0.132695
0.227729
0.166058
0.170185
0.149544
0.299207
0.178079
0.206190
0.245097
0.347096
0.287205
0.221469
0.292715
0.307144
0.202938
0.226599
0.347634
0.359836
0.289747
0.218285
0.324390
0.284408
0.342624
0.288817
0.391452
0.324424
0.332608
0.359045
0.398724
0.334040
0.256445
0.392702
0.378511
0.356539
0.349653
0.395077
0.314117
0.371274
0.359548
0.353728
0.328442
0.393498
0.336435
0.424964
0.387285
0.366011
0.319668
0.356801
0.385600
0.299955
0.328247
0.305367
0.321266
0.283602
0.317309
0.280378
0.231726
0.231082
0.272946
0.339644
0.319333
0.200147
0.328443
0.322253
0.348032
0.296252
0.274871
0.349807
0.371383
0.355048
0.265176
0.332104
0.228005
0.300174
0.251335
0.336656
0.257089
0.131070
0.202922
0.216807
0.313195
0.194335
0.156469
0.190687
0.215718
0.151386
0.233029
0.156014
0.092374
-0.039390
0.159448
0.043753
0.120929
0.027786
0.039780
0.001165
0.004010
0.018726
0.040132
-0.036424
0.054533
0.045467
0.055252
-0.023416
0.018446
0.030494
0.024041
0.017493
-0.051080
-0.042453
-0.138149
-0.029624
-0.064726
-0.041110
-0.066480
-0.116213
-0.098774
-0.082909
-0.045966
-0.069258
-0.068104
-0.106734
-0.106354
-0.151597
-0.116792
-0.193925
-0.189651
-0.229457
-0.174049
-0.219806
-0.239796
-0.270059
-0.263767
-0.226379
-0.238490
-0.259103
-0.269003
-0.293697
-0.252837
-0.257915
-0.340631
-0.376367
-0.338547
-0.364285
-0.408336
-0.404998
-0.387908
-0.444234
-0.509420
-0.439150
-0.391820
-0.440859
-0.483137
-0.428733
-0.458600
-0.426844
-0.525900
-0.542643
-0.490408
-0.495226
-0.490955
-0.559973
-0.507504
-0.528292
-0.590584
-0.616399
-0.585627
-0.548715
-0.570879
-0.517593
-0.592750
-0.601208
-0.596407
-0.495932
-0.664781
-0.674166
-0.664115
-0.546663
-0.591903
-0.687089
-0.752351
-0.703056
-0.660084
-0.806581
-0.693675
-0.734323
-0.689592
-0.819254
-0.745735
-0.808699
-0.831627
-0.787134
-0.790241
-0.788809
-0.848220
-0.943983
-0.853489
-0.947396
-0.905134
-0.960572
-0.931772
-1.009482
-0.974814
-1.084828
-1.025526
-1.075931
-1.135334
-1.159770
-1.133694
-1.205108
-1.147315
-1.201532
-1.215834
-1.305102
-1.308213
-1.281032
-1.316358
-1.291267
-1.444613
-1.404846
-1.437536
-1.375041
-1.393626
-1.529861
-1.499737
-1.526831
-1.483506
-1.534883
-1.511493
-1.557248
-1.565207
-1.672794
-1.568697
-1.646898
-1.736393
-1.810537
-1.693727
-1.763140
-1.821774
-1.859241
-1.877406
-1.872094
-1.911484
-1.932711
-1.923509
-2.055362
-2.005284
-2.119916
-2.045077
-2.261791
-2.271503
-2.343176
-2.306345
-2.376782
-2.441642
-2.499430
-2.561295
-2.571113
-2.640380
-2.657947
-2.713153
-2.791260
-2.794557
-2.880191
-2.893675
-2.982483
-3.032746
-3.188736
-3.167813
-3.193530
-3.318505
-3.434422
-3.406783
-3.506967
-3.557432
-3.646513
-3.613351
-3.716304
-3.799504
-3.775156
-3.713623
-3.940324
-4.150546
-4.078374
-4.063422
-4.101539
-4.306070
-4.414900
-4.433605
-4.569832
-4.689448
-4.710873
-4.748590
-4.940115
-5.072238
-5.057507
-5.177546
-5.252946
-5.429560
-5.411820
-5.579066
-5.659950
-5.719103
-5.873454
-5.949121
-6.135634
-6.147892
-6.314198
-6.403790
-6.696471
-6.676497
-6.796600
-6.948144
-7.111503
-7.138634
-7.344809
-7.403646
-7.542299
-7.596860
-7.793890
-7.932474
-8.118353
-8.125679
-8.265387
-8.416994
-8.627625
-8.616466
-8.766389
-9.027666
-9.037761
-9.188934
-9.190624
-9.375765
-9.493744
-9.605318
-9.576881
-9.747987
-9.887551
-9.960748
-10.079481
-10.240410
-10.388775
-10.439754
-10.547441
-10.727672
-10.979868
-10.965000
-11.102641
-11.247019
-11.483491
-11.452550
-11.637634
-11.743321
-11.844044
-12.097352
-12.230982
-12.244158
-12.383333
-12.544344
-12.654489
-12.848781
-13.015177
-13.041712
-13.162342
-13.360588
-13.459400
-13.560849
-13.798270
-13.984599
-14.065824
-14.320947
-14.494855
-14.610758
-14.783644
-14.927645
-15.121942
-15.209201
-15.396800
-15.543864
-15.746579
-15.804551
-15.957906
-16.090357
-16.210089
-16.344124
-16.591351
-16.728355
-16.925388
-16.982513
-17.171709
-17.415962
-17.578129
-17.704653
-17.850164
-18.054497
-18.203114
-18.385887
-18.514559
-18.551659
-18.811699
-18.904406
-19.099899
-19.295984
-19.513510
-19.573040
-19.822779
-19.936893
-20.097055
-20.334438
-20.439863
-20.713224
-20.807587
-20.959627
-21.115133
-21.242178
-21.449730
-21.565626
-21.769854
-21.909878
-22.175776
-22.276329
-22.453680
-22.656563
-22.787231
-23.024216
-23.101059
-23.488857
-23.575161
-23.749146
-23.931347
-24.190422
-24.325563
-24.447685
-24.587948
-24.844397
-24.949928
-25.172821
-25.373854
-25.528091
-25.748703
-25.739103
-26.124548
-26.301430
-26.483742
-26.565554
-26.923229
-27.134186
-27.240589
-27.470261
-27.724855
-27.889477
-27.974617
-28.206305
-28.506060
-28.652870
-28.684475
-29.087107
-29.258781
-29.440283
-29.550121
-29.892477
-29.952654
-30.144733
-30.396618
-30.597992
-30.730820
-30.884361
-31.054033
-31.274691
-31.411283
-31.592278
-31.806334
-31.979269
-32.149635
-32.464020
-32.581711
-32.732185
-33.009018
-33.179939
-33.351345
-33.504929
-33.700024
-33.929401
-34.144520
-34.253952
-34.473381
-34.723705
-34.837555
-34.973610
-35.191490
-35.455887
-35.616676
-35.792660
-35.938297
-36.106247
-36.380062
-36.466614
-36.604610
-36.927170
-37.000683
-37.142479
-37.277515
-37.539284
-37.587391
-37.710865
-37.911339
-38.145851
-38.231438
-38.371967
-38.555084
-38.680847
-38.795910
-38.927731
-39.115940
-39.266544
-39.460743
-39.496937
-39.549744
-39.798389
-39.915077
-39.960472
-40.054848
-40.209316
-40.446453
-40.513477
-40.609058
-40.593029
-40.937450
-40.947376
-40.970463
-41.216682
-41.370380
-41.345360
-41.484989
-41.589371
-41.664955
-41.708729
-41.793236
-41.965248
-42.100552
-41.993484
-42.159786
-42.375271
-42.421959
-42.418243
-42.565235
-42.615276
-42.842491
-42.929108
-42.938267
-43.051357
-43.207008
-43.260651
-43.283958
-43.400566
-43.554966
-43.583973
-43.701584
-43.752426
-43.907856
-43.919010
-43.968872
-44.139915
-44.284554
-44.309990
-44.350861
-44.445408
-44.632099
-44.671646
-44.691196
-44.861370
-44.841148
-45.009483
-45.006264
-45.151203
-45.276325
-45.295811
-45.411034
-45.466618
-45.579025
-45.590225
-45.769672
-45.940266
-45.973877
-45.986225
-46.104908
-46.118244
-46.250759
-46.329041
-46.367008
-46.459869
-46.602993
-46.641026
-46.766109
-46.780384
-46.882446
-46.907829
-47.063046
-47.176434
-47.275127
-47.244568
-47.430317
-47.440189
-47.534790
-47.643337
-47.754852
-47.677650
-47.795372
-47.905418
-48.026138
-48.003147
-47.981697
-48.158894
-48.345333
-48.397686
-48.340477
-48.434956
-48.523342
-48.589287
-48.658646
-48.620293
-48.775272
-48.738083
-48.842896
-48.990044
-48.934006
-48.928883
-48.931953
-49.055370
-49.278790
-49.113380
-49.107677
-49.227543
-49.390366
-49.227623
-49.235004
-49.360233
-49.248039
-49.294617
-49.392239
-49.358418
-49.510872
-49.335247
-49.337456
-49.411488
-49.622200
-49.618130
-49.629673
-49.759415
-49.932922
-50.049397
-50.053814
-50.346741
-50.697598
-50.826229
-50.694653
-50.796455
-51.045761
-51.118523
-51.342190
-51.317486
-51.337563
-51.351025
-51.366444
-51.236656
-51.466362
-51.625381
-51.458771
-51.357605
-51.199303
-51.273159
-51.413845
-51.250881
-51.327061
-51.315800
-51.098354
-50.986198
-51.245556
-51.171101
-51.030514
-51.088287
-51.362431
-51.440918
-51.354824
-51.121891
-51.293694
-51.492065
-51.464539
-51.665123
-51.827667
-51.812168
-51.759861
-52.033115
-52.330742
-52.462860
-52.321415
-52.373848
-52.680725
-52.823765
-52.793171
-52.808781
-52.828472
-52.832947
-52.746181
-52.770607
-52.725716
-52.576210
-52.458557
-52.538383
-52.671780
-52.557343
-52.338089
-52.365993
-52.597809
-52.664848
-52.583344
-52.568314
-52.725273
-52.729370
-52.967915
-52.999912
-52.910007
-52.808289
-52.937904
-53.172638
-53.293182
-53.131851
-52.990398
-53.186775
-53.209255
-53.179661
-53.005550
-53.138710
-53.224026
-53.447392
-53.398922
-53.333996
-53.417156
-53.514065
-53.579739
-53.624664
-53.560432
-53.578873
-53.583199
-53.710560
-53.855606
-53.910439
-53.867748
-53.876175
-54.105431
-54.333275
-54.461075
-54.379814
-54.610870
-54.587776
-54.872971
-54.717720
-54.802200
-54.829624
-54.726757
-54.467861
-54.564548
-54.622051
-54.494598
-54.316208
-54.307972
-54.459209
-54.343491
-54.310532
-54.432434
-54.429840
-54.542244
-54.516476
-54.507374
-54.578693
-54.505917
-54.365814
-54.472382
-54.518116
-54.242493
-54.227711
-54.462643
-54.306660
-54.333267
-54.272671
-54.331451
-54.301769
-54.340736
-54.389332
-54.423889
-54.552399
-54.350742
-54.271694
-54.427868
-54.374611
-54.396446
-54.257000
-54.325714
-54.361458
-54.370396
-54.266602
-54.261868
-54.407124
-54.355335
-54.379051
-54.496239
-54.496483
-54.551853
-54.512165
-54.536938
-54.587013
-54.645756
-54.643887
-54.638016
-54.683712
-54.683876
-54.681213
-54.716679
-54.697098
-54.725430
-54.759712
-54.789600
-54.688675
-54.705711
-54.688602
-54.625515
-54.723263
-54.690968
-54.571381
-54.601288
-54.782372
-54.731339
-54.667740
-54.733986
-54.797535
-54.751419
-54.817818
-54.784504
-54.874123
-54.927341
-54.778439
-54.899311
-54.905457
-54.966274
-54.947632
-54.943611
-54.902332
-55.062862
-55.107773
-55.161324
-55.223282
-55.314503
-55.313805
-55.460453
-55.510204
-55.590721
-55.570366
-55.734688
-55.674644
-55.791805
-55.801403
-55.825237
-55.666470
-55.862438
-55.941654
-55.913422
-55.891891
-56.012753
-55.987278
-56.012592
-56.117241
-56.264038
-56.226723
-56.114925
-56.212421
-56.460186
-56.267891
-56.197491
-56.271973
-56.422134
-56.382710
-56.361561
-56.396099
-56.451820
-56.570473
-56.506042
-56.527840
-56.646633
-56.572769
-56.576786
-56.674835
-56.739483
-56.672279
-56.584839
-56.604500
-56.748737
-56.749836
-56.642502
-56.648426
-56.772785
-56.845249
-56.870949
-56.937504
-56.929970
-56.956551
-56.928726
-57.051876
-57.153355
-57.064011
-57.093853
-57.149773
-57.110859
-57.134315
-57.098152
-57.126583
-57.056065
-57.149860
-57.118477
-57.150085
-57.138573
-57.210827
-57.123180
-57.068756
-57.143673
-57.162792
-57.225037
-56.995323
-57.119598
-57.079983
-57.080761
-57.011082
-56.937832
-56.916317
-57.037243
-56.962414
-56.936775
-56.953739
-56.919876
-56.879848
-56.838333
-56.789837
-56.819225
-56.829273
-56.810066
-56.732544
-56.792225
-56.736862
-56.675648
-56.708073
-56.621861
-56.552380
-56.658665
-56.589382
-56.574726
-56.573349
-56.581413
-56.534641
-56.463367
-56.478119
-56.508286
-56.477966
-56.494850
-56.422504
-56.394032
-56.420132
-56.525669
-56.463539
-56.358719
-56.333054
-56.459541
-56.410316
-56.357815
-56.350952
-56.430885
-56.388096
-56.269650
-56.475063
-56.364090
-56.347721
-56.280525
-56.380844
-56.341606
-56.360134
-56.313877
-56.250751
-56.261669
-56.223385
-56.450405
-56.254189
-56.157566
-56.296677
-56.358498
-56.421669
-56.486187
-56.385250
-56.473827
-56.562664
-56.582394
-56.571106
-56.670353
-56.552528
-56.594788
-56.692841
-56.720150
-56.610180
-56.556587
-56.660374
-56.697205
-56.614422
-56.675869
-56.829475
-56.785351
-56.590481
-56.796062
-56.912365
-56.882381
-56.813812
-56.933266
-56.998985
-56.942867
-56.877541
-56.917351
-57.032013
-57.102440
-57.165413
-57.184216
-57.118084
-57.241074
-57.314117
-57.345062
-57.352604
-57.448353
-57.455627
-57.497009
-57.547966
-57.634060
-57.534916
-57.496758
-57.483765
-57.626987
-57.627281
-57.562675
-57.614780
-57.618626
-57.591648
-57.563862
-57.719570
-57.471054
-57.639072
-57.761703
-57.666180
-57.630280
-57.664909
-57.786434
-57.447163
-57.538212
-57.542847
-57.608665
-57.508446
-57.485531
-57.532497
-57.444786
-57.359383
-57.279026
-57.534420
-57.374287
-57.250366
-57.398239
-57.373039
-57.232796
-57.171738
-57.247269
-57.191204
-57.089386
-57.097897
-57.109238
-57.241062
-57.019772
-57.132580
-56.875523
-56.788414
-56.932358
-57.010468
-56.934090
-56.781876
-56.828506
-56.855007
-56.870518
-56.702496
-56.579124
-56.606762
-56.687466
-56.744946
-56.618790
-56.596359
-56.400444
-56.578159
-56.453304
-56.523571
-56.474941
-56.463978
-56.360794
-56.477028
-56.495461
-56.324402
-56.281433
-56.320683
-56.364708
-56.225315
-56.304932
-56.248997
-56.165112
-56.327278
-56.179192
-56.284035
-56.427681
-56.269245
-56.428425
-56.256531
-56.239059
-56.164089
-56.477612
-56.340675
-56.358875
-56.313976
-56.268303
-56.517498
-56.473148
-56.335659
-56.365101
-56.417179
-56.542286
-56.583366
-56.705540
-56.632191
-56.794449
-56.735897
-56.775955
-56.849026
-56.919434
-57.029068
-56.919750
-57.048103
-56.981804
-57.122524
-57.165321
-57.134045
-57.232460
-57.204639
-57.329556
-57.266945
-57.359966
-57.403786
-57.528748
-57.461262
-57.576694
-57.642910
-57.564285
-57.602825
-57.646145
-57.635910
-57.682701
-57.668461
-57.773739
-57.784267
-57.902443
-57.768166
-57.811924
-57.833805
-57.869778
-57.957077
-58.013763
-57.995975
-58.091602
-57.957062
-57.923588
-58.063526
-58.139988
-58.039421
-58.148441
-58.126869
-58.152687
-58.199200
-58.205605
-58.172935
-58.139137
-58.191071
-58.254986
-58.248615
-58.184292
-58.203003
-58.336128
-58.246380
-58.207439
-58.127422
-58.220783
-58.151142
-58.274384
-58.246212
-58.183849
-58.141888
-58.159721
-58.348370
-58.212826
-58.077587
-58.283390
-58.242924
-58.213131
-58.250759
-58.236755
-58.097492
-58.334183
-58.197411
-58.277241
-58.143501
-58.279552
-58.200424
-58.268211
-58.291138
-58.273869
-58.268341
-58.200539
-58.360401
-58.330307
-58.117794
-58.212078
-58.404610
-58.305233
-58.038906
-58.151474
-58.144203
-58.128063
-58.161762
-58.113857
-58.115112
-58.259624
-58.317631
-58.520294
-58.429016
-58.508945
-58.456169
-58.487820
-58.775169
-58.956676
-59.020508
-58.877220
-58.745590
-58.486874
-58.747494
-58.896679
-58.926697
-58.597561
-58.602345
-58.545441
-58.657036
-58.568924
-58.565300
-58.654125
-58.809986
-58.798542
-58.850285
-58.764374
-58.576370
-58.439224
-58.495808
-58.370529
-58.432606
-58.343636
-58.372803
-58.270771
-58.275463
-58.269390
-58.395252
-58.216499
-58.239700
-58.526154
-58.522594
-58.384945
-58.359306
-58.378933
-58.422630
-58.553944
-58.277763
-58.298820
-58.671242
-58.585209
-58.801403
-58.843708
-58.799767
-58.905357
-59.165726
-59.205948
-59.023624
-59.063042
-59.000832
-59.149467
-59.143074
-59.051319
-59.153969
-59.096386
-59.055962
-59.057095
-59.232235
-59.097252
-59.098991
-59.151669
-59.287640
-59.529587
-59.552834
-59.679512
-59.360664
-59.214073
-59.249573
-59.492500
-59.395481
-59.227894
-59.306931
-59.352795
-59.195030
-59.092903
-59.148388
-59.274666
-59.360409
-59.332531
-59.498356
-59.677811
-59.416946
-59.292068
-59.383167
-59.323425
-59.363213
-59.289551
-59.229965
-59.354969
-59.449474
-59.308029
-59.156185
-59.214714
-59.248238
-59.318375
-59.387882
-59.256950
-59.317959
-59.208248
-59.192970
-59.182247
-59.086761
-58.988632
-58.914612
-59.129486
-58.943848
-58.937958
-58.995186
-58.876160
-58.780537
-58.763699
-58.901260
-58.971355
-58.792862
-58.733913
-58.826870
-58.818375
-58.713303
-58.716164
-58.701889
-58.731457
-58.664726
-58.628479
-58.642555
-58.604301
-58.560509
-58.638187
-58.474583
-58.596371
-58.566345
-58.472710
-58.462215
-58.571140
-58.477455
-58.421196
-58.511539
-58.520309
-58.525108
-58.325226
-58.393837
-58.428120
-58.293381
-58.363007
-58.269985
-58.318069
-58.290760
-58.378872
-58.219170
-58.280125
-58.306622
-58.317844
-58.308670
-58.344486
-58.369179
-58.374645
-58.378075
-58.409794
-58.448387
-58.376911
-58.394573
-58.437820
-58.369282
-58.425861
-58.559067
-58.543957
-58.410324
-58.593979
-58.599022
-58.614056
-58.553265
-58.660725
-58.629604
-58.597809
-58.745052
-58.629890
-58.811745
-58.749386
-58.797268
-58.815010
-58.820374
-58.732365
-58.807735
-58.898659
-58.817402
-58.912140
-58.930607
-58.820362
-58.890839
-58.904518
-59.003017
-58.887802
-58.910549
-58.832912
-58.998890
-58.992538
-58.974426
-58.784241
-58.877686
-58.847240
-58.843513
-58.825134
-58.954899
-58.939228
-58.680801
-58.732712
-58.811592
-58.966988
-58.838345
-58.842487
-58.807182
-58.808544
-58.632545
-58.678104
-58.647530
-58.577320
-58.497704
-58.634972
-58.706356
-58.441902
-58.406464
-58.525299
-58.546970
-58.343899
-58.489021
-58.564980
-58.722176
-58.444447
-58.406898
-58.517384
-58.611561
-58.474640
-58.367741
-58.383091
-58.349953
-58.344261
-58.189323
-58.186848
-58.249477
-58.238567
-58.390541
-58.274544
-58.199913
-58.132938
-58.370239
-58.322224
-58.218914
-58.181072
-57.985813
-58.283459
-58.018497
-57.881130
-57.907890
-57.947273
-57.852673
-57.884274
-57.885754
-57.830128
-58.009125
-57.832355
-57.829037
-57.927376
-57.961914
-57.792263
-57.751469
-57.836540
-57.711723
-57.797504
-57.689720
-57.475685
-57.477619
-57.512211
-57.377724
-57.539299
-57.530422
-57.463524
-57.364204
-57.486507
-57.418064
-57.410950
-57.400814
-57.306362
-57.443008
-57.386787
-57.445152
-57.235481
-57.204048
-57.094288
-57.234081
-57.203602
-57.051701
-57.095444
-57.002220
-57.069000
-57.113724
-56.953617
-56.947941
-56.900162
-56.967056
-56.944294
-56.817394
-56.709816
-56.733006
-56.828514
-56.579880
-56.759354
-56.439339
-56.580177
-56.497673
-56.462833
-56.433502
-56.521061
-56.463772
-56.207806
-56.153065
-56.186344
-56.219933
-56.193115
-55.944698
-56.194828
-56.088333
-55.997475
-55.852318
-55.914749
-55.855183
-55.788460
-55.968323
-55.695427
-55.727196
-55.566528
-55.654240
-55.484978
-55.495457
-55.407539
-55.431747
-55.169544
-55.118042
-55.164883
-55.090611
-55.014019
-55.055744
-54.955170
-54.917896
-54.822857
-54.806252
-54.753441
-54.637646
-54.602013
-54.516083
-54.736759
-54.398293
-54.339165
-54.249184
-54.341259
-54.222691
-54.206234
-53.963322
-53.803780
-54.139114
-53.947544
-53.996849
-53.830452
-53.642342
-53.493576
-53.724495
-53.511967
-53.462276
-53.502785
-53.332973
-53.127769
-53.098042
-53.151718
-52.964130
-52.847366
-52.861622
-52.793297
-52.693169
-52.607613
-52.467625
-52.599052
-52.555698
-52.444656
-52.220097
-52.257320
-52.131493
-52.212627
-52.168945
-52.163616
-52.027706
-52.079834
-51.853943
-51.647530
-51.657410
-51.783737
-51.758289
-51.659416
-51.672894
-51.538376
-51.444569
-51.591431
-51.546253
-51.492931
-51.391983
-51.438717
-51.299786
-51.380939
-51.299145
-51.160130
-51.109432
-51.020813
-51.099209
-51.132706
-50.937122
-50.942635
-51.009792
-51.006695
-50.953888
-50.997601
-51.059696
-50.869568
-50.981476
-50.899708
-51.011459
-50.873669
-50.749008
-50.715076
-50.837090
-50.784245
-50.601158
-50.691975
-50.734482
-50.674042
-50.598820
-50.590969
-50.603565
-50.659256
-50.636936
-50.741241
-50.707428
-50.577793
-50.479130
-50.661091
-50.521576
-50.649536
-50.556499
-50.581844
-50.637329
-50.691753
-50.545471
-50.516216
-50.702282
-50.459435
-50.594578
-50.691227
-50.785233
-50.678078
-50.556835
-50.612900
-50.669956
-50.623764
-50.547096
-50.679497
-50.602894
-50.753128
-50.713112
-50.713379
-50.640297
-50.655201
-50.707603
-50.756573
-50.721119
-50.735237
-50.726326
-50.729061
-50.640114
-50.906826
-50.536758
-50.751904
-50.674133
-50.836014
-50.675426
-50.763317
-50.651005
-50.749920
-50.778206
-50.728100
-50.771843
-50.811138
-50.722572
-50.781197
-50.877480
-50.861839
-50.756435
-50.893192
-50.792828
-50.898827
-50.936897
-50.727314
-51.007874
-50.943386
-50.842793
-50.833332
-50.923492
-50.888481
-50.917618
-50.929977
-50.835522
-50.969925
-50.864567
-50.914398
-50.867584
-50.960701
-50.916206
-50.867626
-50.935650
-50.961212
-51.069965
-50.907898
-50.947052
-50.822292
-50.974125
-50.953564
-50.972927
-51.061562
-50.807720
-50.859783
-50.961269
-51.069370
-50.963264
-50.878174
-50.986488
-51.042725
-51.147911
-51.010235
-51.000847
-50.983097
-51.040710
-51.008945
-51.036289
-51.086361
-50.799259
-50.884827
-51.117729
-51.111397
-51.068977
-50.996628
-50.982479
-51.081570
-51.133953
-51.094105
-51.084862
-51.044342
-50.878063
-51.132854
-51.071350
-50.991909
-50.819313
-50.792461
-51.002476
-51.059822
-50.959171
-50.905399
-51.022099
-50.930664
-50.975456
-51.041088
-50.988815
-51.105507
-51.085281
-50.989586
-51.048203
-51.037331
-50.892555
-50.959595
-51.136574
-50.940979
-51.062515
-50.931099
-50.995918
-51.055733
-50.996395
-51.016571
-51.032089
-51.067596
-51.041630
-51.082340
-50.939911
-51.081467
-50.856850
-50.911289
-50.971260
-50.916950
-50.889931
-50.923161
-50.869453
-50.795498
-50.905178
-50.804203
-50.826965
-50.752972
-50.770397
-50.930470
-50.659245
-50.845974
-50.757679
-50.851917
-50.633587
-50.778160
-50.805038
-50.839199
-50.742348
-50.758530
-50.770515
-50.702393
-50.752743
-50.707115
-50.779877
-50.743458
-50.839249
-50.744621
-50.764965
-50.727898
-50.742767
-50.637840
-50.778179
-50.741699
-50.688492
-50.726154
-50.686962
-50.611969
-50.648994
-50.751820
-50.588917
-50.613983
-50.599354
-50.568913
-50.778191
-50.514278
-50.494785
-50.578487
-50.616978
-50.544579
-50.567158
-50.505199
-50.438957
-50.565620
-50.454823
-50.585049
-50.520229
-50.511242
-50.476402
-50.601849
-50.476269
-50.404644
-50.531879
-50.422012
-50.316498
-50.435764
-50.567059
-50.465309
-50.233154
-50.422092
-50.355495
-50.449047
-50.317413
-50.459579
-50.366711
-50.332005
-50.379662
-50.368874
-50.375278
-50.194534
-50.285030
-50.295033
-50.246490
-50.289841
-50.236012
-50.234940
-50.186646
-50.411133
-50.114925
-50.071671
-50.349453
-50.104443
-50.254555
-50.126369
-50.187332
-50.043266
-50.131828
-50.047474
-50.053825
-50.074970
-50.037678
-50.121685
-50.014454
-50.083931
-49.988472
-50.020897
-50.038700
-50.003704
-49.973427
-49.969639
-49.955711
-49.857983
-49.943829
-49.984543
-49.921474
-50.071117
-49.851612
-50.049061
-49.815319
-49.961960
-49.948315
-49.904758
-49.890213
-49.975494
-49.853188
-49.838497
-49.759373
-49.792294
-49.738266
-49.801430
-49.775314
-49.782566
-49.737507
-49.575520
-49.689445
-49.772728
-49.632317
-49.527828
-49.537666
-49.581409
-49.486301
-49.500320
-49.418446
-49.493710
-49.242741
-49.328690
-49.358673
-49.232658
-49.055077
-49.118050
-49.114052
-49.109779
-49.093536
-49.063816
-49.010792
-49.021919
-48.966721
-48.865734
-48.906746
-48.939075
-48.831062
-48.805145
-48.831898
-48.690182
-48.632648
-48.599911
-48.654877
-48.589767
-48.557243
-48.519501
-48.630386
-48.455624
-48.353622
-48.351112
-48.376030
-48.375019
-48.314964
-48.369541
-48.402222
-48.209202
-48.104488
-48.286270
-48.233143
-48.127800
-48.117973
-48.277248
-48.140724
-47.956951
-47.911160
-48.031528
-48.023018
-47.917721
-47.948223
-47.976055
-47.898087
-47.955994
-47.867168
-47.851856
-47.839195
-47.829235
-47.750942
-47.892773
-47.732109
-47.558693
-47.693230
-47.685543
-47.587124
-47.518250
-47.633865
-47.561859
-47.481407
-47.425674
-47.428780
-47.628551
-47.482193
-47.462475
-47.495377
-47.451313
-47.394333
-47.486313
-47.463291
-47.514854
-47.437210
-47.369942
-47.528919
-47.524017
-47.403996
-47.560966
-47.541195
-47.677685
-47.484764
-47.592941
-47.508110
-47.664825
-47.585972
-47.523529
-47.588779
-47.495308
-47.504967
-47.471703
-47.566982
-47.436398
-47.402653
-47.354183
-47.456219
-47.587929
-47.474049
-47.477070
-47.540573
-47.521572
-47.490414
-47.554535
-47.486893
-47.576721
-47.627743
-47.584061
-47.601410
-47.588539
-47.482136
-47.636456
-47.599499
-47.553867
-47.340958
-47.570435
-47.559937
-47.550419
-47.472004
-47.484581
-47.624264
-47.647865
-47.668327
-47.679234
-47.560112
-47.633415
-47.698734
-47.644665
-47.659462
-47.624283
-47.614780
-47.687008
-47.742096
-47.565628
-47.540607
-47.530994
-47.701508
-47.611927
-47.637127
-47.545029
-47.559940
-47.574348
-47.480938
-47.467739
-47.523308
-47.438717
-47.345432
-47.397137
-47.403839
-47.323166
-47.218403
-47.092407
-47.113579
-47.252625
-47.147953
-47.071320
-47.111839
-47.181038
-46.962822
-47.003227
-46.926643
-46.953388
-46.755405
-46.802273
-46.841064
-46.717720
-46.688499
-46.712559
-46.622536
-46.507042
-46.594357
-46.554424
-46.468334
-46.509850
-46.460468
-46.465134
-46.437084
-46.392239
-46.307259
-46.231133
-46.281761
-46.218311
-46.231533
-46.182224
-46.212135
-46.059212
-46.212490
-46.057987
-46.045887
-45.906658
-45.951530
-45.856606
-46.035679
-45.856724
-45.731274
-45.784958
-45.707249
-45.620987
-45.501228
-45.444550
-45.339520
-45.334938
-45.315109
-45.187229
-45.046219
-44.917336
-44.839436
-44.694431
-44.824753
-44.559875
-44.528301
-44.430183
-44.403671
-44.225048
-44.129642
-44.082687
-43.950207
-43.888180
-43.767563
-43.784702
-43.601028
-43.461502
-43.368576
-43.416027
-43.265919
-43.202019
-43.105511
-43.002644
-42.940441
-42.778381
-42.570278
-42.745724
-42.540672
-42.485107
-42.313339
-42.450500
-42.191257
-42.130791
-41.927036
-42.064442
-41.971306
-41.804253
-41.782265
-41.798740
-41.646053
-41.461426
-41.539764
-41.478035
-41.427303
-41.302773
-41.187119
-41.416439
-41.193146
-41.036633
-41.007534
-41.136234
-40.939716
-40.762726
-40.802902
-40.744389
-40.691883
-40.550243
-40.611092
-40.550491
-40.431881
-40.381863
-40.330223
-40.369080
-40.235630
-40.192200
-40.123333
-40.122643
-40.226173
-39.960957
-40.067043
-39.913246
-39.952080
-39.876251
-39.852657
-40.046879
-39.859604
-39.884727
-39.718975
-39.927086
-39.646217
-39.691994
-39.770702
-39.777153
-39.706638
-39.536465
-39.685883
-39.596363
-39.561428
-39.499935
-39.557430
-39.687229
-39.452686
-39.580318
-39.597561
-39.656101
-39.593365
-39.602657
-39.586582
-39.434799
-39.697872
-39.497940
-39.654682
-39.516006
-39.436684
-39.453232
-39.556320
-39.418648
-39.375031
-39.533401
-39.472443
-39.457340
-39.408047
-39.523304
-39.414078
-39.252148
-39.332382
-39.434589
-39.352627
-39.305244
-39.282814
-39.328686
-39.266628
-39.316818
-39.278824
-39.318287
-39.198509
-39.269962
-39.163822
-39.272621
-39.186119
-39.101986
-39.185116
-39.344807
-39.065784
-39.085274
-39.168423
-39.050083
-38.978546
-39.020100
-39.017452
-39.001247
-38.914787
-38.927570
-38.941860
-38.944122
-38.798576
-38.850834
-38.940567
-38.856724
-38.657463
-38.749077
-38.663509
-38.656830
-38.754833
-38.659088
-38.583160
-38.407291
-38.529102
-38.575485
-38.468487
-38.386883
-38.437004
-38.372833
-38.429760
-38.390427
-38.347340
-38.322880
-38.256451
-38.222801
-38.209774
-38.231674
-38.164715
-38.237362
-37.980503
-38.073738
-38.013744
-37.968857
-38.000614
-37.901119
-37.924717
-37.815483
-37.909344
-37.761475
-37.873405
-37.806324
-37.761181
-37.831287
-37.694176
-37.799164
-37.696449
-37.617599
-37.622570
-37.658005
-37.658096
-37.529305
-37.582767
-37.558598
-37.533394
-37.464108
-37.554703
-37.391750
-37.245533
-37.571228
-37.217667
-37.430904
-37.216133
-37.312721
-37.247162
-37.168262
-37.257095
-37.289940
-37.300102
-37.085644
-37.116989
-37.117500
-37.244366
-37.166721
-36.882702
-37.032223
-37.104568
-37.042751
-36.908718
-36.923824
-37.011757
-37.004318
-36.841770
-36.851460
-37.000782
-36.950909
-36.796947
-36.881855
-36.940952
-36.887474
-36.786800
-36.788258
-36.921970
-36.865227
-36.765560
-36.736881
-36.877884
-36.785748
-36.890991
-36.859116
-36.810852
-36.765591
-36.726803
-36.838066
-36.948307
-36.728851
-36.668724
-36.787029
-36.967152
-36.929096
-36.588345
-36.870193
-36.919289
-36.848717
-36.679161
-36.949154
-36.979710
-36.801235
-36.840458
-36.770309
-37.019314
-36.824364
-36.785278
-36.833199
-36.921261
-36.969364
-36.849705
-36.848583
-36.787571
-36.926319
-36.972130
-36.870934
-36.990803
-36.911686
-36.782074
-36.878605
-37.053608
-36.834827
-36.852947
-36.869274
-36.913486
-36.867638
-36.799015
-36.848995
-36.872223
-36.826710
-36.771774
-36.799290
-36.882389
-36.832989
-36.842525
-36.742973
-36.770386
-36.973488
-36.812595
-36.753094
-36.777664
-36.883575
-36.704899
-36.783478
-36.703239
-36.846092
-36.694592
-36.560631
-36.709286
-36.817066
-36.600349
-36.650036
-36.729927
-36.747505
-36.537296
-36.664841
-36.704731
-36.706650
-36.564594
-36.542301
-36.657314
-36.623646
-36.634148
-36.565742
-36.604942
-36.559101
-36.539433
-36.512554
-36.534924
-36.532932
-36.397892
-36.426514
-36.485821
-36.448715
-36.441002
-36.314880
-36.455929
-36.325703
-36.384647
-36.281551
-36.449406
-36.436432
-36.277954
-36.338203
-36.350834
-36.276157
-36.226048
-36.287189
-36.248508
-36.224838
-36.270638
-36.146690
-36.114643
-36.095627
-36.111969
-36.035172
-36.008610
-36.050858
-35.896656
-36.130299
-35.957123
-35.934658
-35.815987
-35.813251
-35.974098
-35.880100
-35.703247
-35.748409
-35.931671
-35.680279
-35.700027
-35.652153
-35.762596
-35.613693
-35.650261
-35.557720
-35.556602
-35.634655
-35.440647
-35.553322
-35.523384
-35.467815
-35.375172
-35.400715
-35.364326
-35.327835
-35.256680
-35.103386
-35.338882
-35.159508
-35.206860
-35.019226
-34.984032
-35.078480
-35.087528
-34.999969
-34.889648
-34.986160
-34.828293
-34.894569
-34.930035
-34.959705
-34.767242
-34.815029
-34.967403
-34.962749
-34.872520
-34.736439
-34.926304
-34.870964
-34.976803
-34.911053
-34.890060
-34.800850
-34.866730
-34.755524
-34.882061
-34.805546
-34.602085
-34.583004
-34.774136
-34.607372
-34.754189
-34.467735
-34.588314
-34.326473
-34.523991
-34.518608
-34.373585
-34.236153
-34.255878
-34.334362
-34.256474
-34.249336
-34.122402
-34.154949
-34.306240
-34.217182
-34.456581
-34.189575
-34.189648
-34.279308
-34.285110
-34.226883
-34.153492
-34.269241
-34.208263
-34.172630
-34.222546
-34.170002
-34.261791
-34.097794
-34.208767
-34.181858
-34.223915
-34.239941
-34.258835
-34.253521
-34.176830
-34.314915
-34.119522
-34.254486
-34.199669
-34.360359
-34.225739
-34.133842
-34.246929
-34.133129
-34.140129
-34.146118
-34.173645
-34.072910
-34.173012
-34.036980
-34.075771
-33.981537
-33.919949
-34.026039
-34.042992
-34.091217
-34.113091
-34.107124
-33.904205
-34.047535
-34.035854
-33.965816
-34.055038
-34.008461
-34.109837
-33.928349
-33.956440
-33.787964
-33.987587
-33.907784
-33.879597
-33.876785
-33.893112
-33.983051
-33.936054
-33.802002
-33.828075
-33.966778
-33.872944
-33.930988
-33.920681
-33.994354
-33.981327
-33.823990
-33.859131
-33.962868
-33.897110
-33.836723
-33.943707
-33.950806
-33.962704
-33.948997
-33.923214
-33.888241
-34.070545
-33.941959
-33.991898
-33.981319
-34.052547
-34.010265
-34.163452
-33.920246
-33.954628
-34.161583
-33.947418
-34.058083
-33.866001
-33.956039
-33.922020
-34.165920
-33.965057
-33.957531
-33.973904
-34.078629
-34.057369
-33.954090
-34.075993
-34.067875
-33.941952
-34.065414
-34.076084
-34.135620
-33.927055
-33.933807
-34.017765
-34.194832
-34.106129
-33.951000
-34.187042
-34.136040
-34.226051
-34.070766
-34.099457
-34.022327
-34.026356
-34.145458
-33.996292
-34.197361
-34.046833
-34.104385
-33.965508
-33.972157
-34.143436
-34.031391
-33.963291
-33.963001
-34.120842
-34.069534
-33.901443
-33.992817
-33.806301
-33.958157
-33.829044
-34.124428
-33.895596
-33.773830
-33.762020
-33.872795
-33.923599
-33.854885
-33.961147
-33.905060
-33.916183
-34.056694
-33.934887
