Az       (ft/s^2)
-31.856483
-31.615530
-31.613024
-31.777931
-31.703169
-31.768627
-31.716211
-31.896513
-31.710686
-31.807831
-31.756132
-31.768183
-31.782907
-31.815283
-31.616858
-31.750443
-31.998695
-31.791403
-31.661112
-31.835619
-31.794310
-31.710743
-31.781290
-31.887579
-31.753403
-31.806343
-31.820885
-31.893955
-31.744318
-31.825409
-31.761095
-31.815470
-31.850693
-31.829428
-31.826328
-31.820824
-31.902700
-31.797319
-31.750614
-31.801346
-31.883162
-31.953775
-31.835829
-31.765348
-31.892340
-31.813059
-31.982672
-31.813868
-31.791523
-31.885834
-31.823311
-31.921587
-31.820847
-31.836105
-31.916948
-31.865894
-31.785860
-31.876726
-31.976229
-31.812992
-31.810242
-31.762274
-31.893084
-32.034065
-31.772436
-31.930071
-31.902910
-31.967447
-31.772728
-31.955835
-32.064339
-31.900894
-32.063606
-31.995539
-31.901630
-31.865761
-32.067699
-31.952539
-32.006565
-32.029861
-31.857853
-32.007256
-31.955114
-32.087494
-31.869791
-32.059761
-31.988091
-32.052727
-32.083557
-31.972105
-32.074841
-32.026047
-32.008461
-32.208363
-32.036003
-32.010166
-31.975100
-32.236198
-32.095036
-32.189621
-32.124424
-32.073860
-32.085136
-32.188847
-32.258827
-32.166519
-32.122433
-32.149269
-32.119442
-32.205498
-32.093807
-32.359016
-32.242840
-32.220303
-32.084652
-32.250343
-32.340939
-32.191071
-32.145992
-32.283928
-32.267448
-32.192192
-32.359806
-32.248665
-32.287083
-32.172253
-32.329018
-32.309139
-32.296692
-32.228550
-32.349312
-32.248100
-32.303749
-32.291485
-32.242382
-32.412590
-32.333416
-32.296898
-32.202129
-32.354706
-32.366482
-32.336857
-32.404480
-32.426922
-32.414104
-32.240841
-32.362190
-32.447983
-32.443695
-32.397678
-32.314907
-32.514736
-32.355335
-32.403118
-32.311081
-32.437103
-32.373535
-32.315815
-32.456856
-32.444027
-32.455273
-32.250515
-32.491219
-32.437164
-32.364815
-32.366428
-32.421494
-32.436913
-32.320328
-32.574219
-32.482845
-32.451416
-32.358284
-32.393139
-32.341648
-32.512066
-32.535480
-32.374004
-32.417446
-32.377502
-32.360531
-32.440056
-32.430874
-32.556316
-32.384609
-32.408062
-32.566948
-32.473858
-32.303028
-32.415432
-32.574478
-32.353558
-32.507557
-32.392662
-32.439774
-32.445740
-32.500347
-32.419773
-32.451397
-32.516632
-32.427254
-32.430904
-32.661999
-32.408039
-32.405426
-32.329498
-32.593727
-32.561920
-32.396942
-32.459980
-32.403042
-32.525120
-32.543102
-32.464394
-32.389366
-32.654251
-32.470966
-32.399376
-32.550671
-32.594994
-32.540512
-32.425331
-32.537628
-32.520206
-32.527264
-32.560890
-32.575478
-32.672302
-32.495304
-32.557747
-32.634388
-32.530910
-32.595566
-32.689568
-32.620934
-32.542713
-32.602207
-32.725166
-32.618465
-32.627045
-32.692875
-32.655334
-32.737801
-32.614838
-32.720592
-32.714516
-32.622581
-32.680466
-32.681595
-32.719090
-32.683559
-32.743324
-32.630386
-32.651745
-32.706154
-32.724861
-32.631363
-32.722057
-32.883739
-32.535690
-32.570992
-32.951645
-32.545738
-32.552883
-32.719543
-32.835777
-32.546494
-32.685505
-32.701244
-32.724808
-32.749355
-32.613548
-32.709045
-32.839619
-32.809853
-32.597466
-32.717346
-32.801716
-32.672943
-32.752399
-32.730347
-32.642948
-32.865902
-32.817875
-32.749123
-32.703751
-32.904984
-32.738075
-32.686489
-32.875408
-32.855488
-32.854362
-32.606358
-32.833759
-32.744541
-32.844536
-32.765503
-32.755466
-32.889893
-32.664326
-32.886719
-32.805950
-32.866570
-32.805923
-32.728561
-32.838741
-32.756317
-32.962826
-32.835167
-32.812840
-32.761681
-32.784508
-32.870808
-32.886902
-32.888905
-32.844593
-32.923866
-32.989491
-32.906357
-32.861668
-32.926113
-32.959103
-32.703739
-32.973774
-33.058765
-33.036926
-32.761127
-32.931210
-33.057831
-32.746178
-32.994854
-32.970905
-33.023842
-32.740410
-32.995110
-33.060230
-32.769600
-33.011631
-32.930054
-32.982185
-32.896824
-33.065952
-32.926548
-32.850624
-33.090385
-32.875992
-32.958946
-32.827492
-33.080372
-33.004910
-32.970196
-32.988659
-33.034233
-33.104401
-32.987961
-32.869946
-32.923656
-33.249847
-32.853954
-32.815289
-33.065849
-33.072231
-32.873493
-32.902328
-33.050831
-33.108681
-32.827526
-33.034088
-32.959415
-33.084209
-33.072124
-33.009575
-32.954815
-33.077282
-33.179840
-32.996525
-33.068459
-33.138760
-33.167461
-33.085995
-33.038048
-33.182701
-33.191971
-33.020306
-32.947174
-33.243107
-33.207523
-33.029202
-33.121120
-33.175472
-33.142071
-33.077240
-33.204571
-33.179150
-33.060505
-33.148380
-33.211426
-33.238865
-33.111752
-33.174461
-33.155186
-33.121368
-33.326706
-33.290340
-33.087563
-33.316650
-33.250736
-33.174046
-33.269848
-33.158657
-33.310764
-33.379467
-33.214241
-33.260471
-33.339432
-33.282131
-33.121124
-33.299667
-33.322250
-33.339497
-33.241478
-33.102974
-33.221615
-33.467857
-33.387169
-33.229450
-33.196316
-33.327862
-33.202133
-33.243206
-33.386673
-33.271873
-33.249748
-33.197338
-33.288300
-33.151649
-33.228054
-33.191563
-33.228863
-33.208580
-33.214802
-33.190075
-33.303806
-33.203781
-33.087334
-33.111820
-33.201496
-33.258034
-33.221107
-33.171021
-33.082153
-33.257576
-33.166477
-33.175056
-32.871719
-33.177071
-33.119270
-33.218689
-33.023323
-33.309155
-33.109226
-32.957882
-33.129795
-33.216599
-33.150894
-33.100933
-33.145691
-32.989433
-33.202271
-33.196892
-33.024109
-33.237038
-32.906601
-33.038841
-33.210136
-33.370022
-32.909405
-32.985710
-33.209835
-32.964420
-33.014851
-33.167976
-33.012321
-33.036156
-33.194946
-33.039387
-32.983925
-33.024002
-33.104263
-32.981987
-33.071377
-33.024387
-33.120174
-32.902050
-32.937950
-32.964249
-33.200577
-32.901287
-33.073074
-33.078350
-33.108891
-33.024925
-32.926804
-33.052139
-33.017513
-33.004490
-32.983315
-33.095417
-32.996048
-33.084236
-32.944424
-33.003868
-32.969246
-33.161777
-33.130688
-32.924023
-32.974537
-33.121288
-33.062885
-33.015053
-33.131241
-32.999332
-32.957062
-33.037579
-33.176933
-33.059013
-32.952187
-33.165417
-32.972950
-33.105110
-32.974926
-32.982277
-33.071976
-33.109756
-33.159809
-32.919994
-33.222134
-32.951031
-33.014019
-32.991749
-33.204079
-32.975864
-33.069561
-33.102585
-33.087162
-33.160526
-32.906765
-33.028515
-33.052166
-33.277794
-33.175472
-32.963062
-33.318913
-32.918461
-33.196373
-33.129177
-33.113903
-33.069164
-33.149323
-33.212860
-33.161331
-33.198044
-33.172943
-33.149326
-33.079487
-33.403603
-33.185154
-33.139652
-33.189716
-33.066124
-33.312431
-33.268898
-33.115810
-33.146839
-33.228901
-33.379856
-33.125793
-33.306927
-33.183067
-33.068855
-33.029388
-33.296459
-33.334038
-33.119137
-33.175316
-33.097599
-33.176571
-33.222183
-33.182060
-33.059776
-33.337090
-33.169140
-33.297352
-33.137711
-33.071083
-33.042583
-33.290710
-33.205410
-33.126972
-33.068363
-33.238922
-33.162964
-33.151505
-33.241611
-32.998848
-33.252422
-33.103138
-33.056026
-33.338291
-33.208691
-33.046333
-32.980404
-33.438046
-33.102440
-32.924664
-33.185207
-33.238766
-33.163784
-33.074116
-33.061134
-33.097816
-33.265808
-32.997086
-33.113838
-33.311882
-33.253624
-32.725769
-33.162914
-33.306416
-33.192924
-33.042297
-32.971546
-33.158546
-33.189152
-33.117767
-33.194798
-33.051968
-33.278843
-33.209564
-32.954880
-33.318092
-33.203800
-33.286686
-33.148232
-33.156769
-33.315647
-33.089642
-33.279148
-33.183151
-33.546417
-33.154552
-33.257870
-33.302906
-33.312847
-33.201206
-33.246288
-33.332233
-33.458275
-33.375641
-33.187576
-33.264145
-33.339241
-33.338966
-33.190350
-33.478958
-33.421967
-33.288593
-33.246853
-33.427803
-33.402809
-33.109840
-33.099903
-33.516956
-33.520237
-33.435608
-33.099827
-33.318844
-33.304771
-33.192562
-33.422848
-33.311722
-33.339886
-33.179428
-33.168526
-33.334385
-33.327152
-33.109543
-33.195129
-33.231647
-33.301441
-33.247120
-33.248348
-33.355698
-33.062195
-33.211468
-33.251842
-33.422623
-33.343441
-33.332874
-33.291672
-32.927948
-33.352512
-33.422638
-33.210648
-33.187130
-33.214577
-33.185848
-33.007488
-33.186554
-33.210857
-33.081047
-33.033691
-33.219406
-33.471115
-33.287464
-32.962547
-33.200638
-33.166557
-33.189747
-33.299767
-33.148254
-33.105869
-33.074295
-33.168064
-33.206406
-33.051567
-33.179836
-33.254696
-33.150169
-33.078358
-33.261902
-33.469086
-33.060921
-33.355476
-33.183823
-33.123478
-33.167652
-33.359245
-33.401257
-33.169456
-33.432476
-33.166462
-33.260201
-33.441071
-33.368942
-33.120449
-33.428524
-33.456062
-33.402443
-33.441730
-33.551933
-33.358585
-33.422688
-33.590221
-33.500988
-33.611961
-33.624001
-33.561459
-33.740200
-33.515839
-33.811203
-33.871853
-33.754089
-33.995693
-33.823864
-34.057110
-34.078915
-34.118034
-34.081005
-34.174488
-34.245529
-34.264618
-34.346397
-34.563129
-34.482914
-34.553722
-34.760712
-34.829967
-34.809692
-34.942062
-34.984749
-34.962044
-35.154465
-35.694363
-35.268135
-35.443985
-35.575928
-35.822708
-35.793640
-35.862183
-36.240376
-36.201241
-36.139061
-36.237885
-36.562866
-36.872971
-36.552025
-36.857513
-36.956341
-37.165424
-37.231716
-37.270470
-37.670650
-37.623058
-37.717743
-37.869396
-37.998398
-38.349087
-38.190975
-38.360405
-38.708515
-38.829098
-38.779778
-38.938213
-39.120922
-39.391560
-39.333923
-39.778458
-39.538582
-39.886948
-40.071129
-40.111004
-40.278385
-40.537292
-40.651703
-40.533890
-40.910721
-41.176163
-41.084503
-41.352764
-41.483013
-41.583553
-41.737976
-41.959763
-41.977036
-42.071583
-42.312160
-42.575535
-42.394722
-42.727215
-42.710625
-43.019989
-42.942848
-43.038406
-43.431545
-43.235886
-43.607979
-43.648445
-43.695576
-43.946793
-43.982502
-44.279579
-44.316051
-44.377598
-44.483101
-44.726593
-45.000320
-44.906395
-45.027496
-45.237858
-45.351772
-45.525303
-45.422382
-45.605350
-45.907459
-45.928558
-46.010658
-46.192692
-46.294086
-46.339581
-46.334866
-46.731670
-46.670471
-46.997135
-47.066479
-47.185928
-47.219379
-47.467968
-47.559948
-47.573978
-48.008453
-47.998585
-48.151699
-48.296822
-48.410305
-48.681622
-48.744816
-48.750725
-48.932186
-49.066692
-49.308563
-49.440521
-49.373363
-49.720959
-49.651459
-49.686531
-49.685429
-49.998222
-50.233421
-50.140381
-50.313747
-50.214607
-50.547844
-50.339478
-50.579151
-50.837543
-50.719597
-51.016212
-51.074444
-51.406639
-51.193104
-51.260799
-51.462360
-51.624115
-51.738705
-51.741955
-51.784199
-51.915367
-51.945595
-51.992130
-52.160675
-52.407745
-52.447811
-52.476402
-52.629959
-52.810749
-52.895504
-52.943420
-53.025993
-53.188663
-53.243679
-53.489605
-53.476467
-53.446613
-53.617867
-53.745926
-53.853939
-53.943558
-54.109379
-54.201103
-54.199894
-54.336502
-54.369484
-54.614445
-54.572018
-54.674404
-54.898209
-54.975174
-55.088303
-55.095551
-55.184025
-55.425426
-55.510880
-55.622986
-55.666576
-55.817051
-55.907406
-55.993900
-56.210617
-56.193901
-56.196182
-56.306808
-56.352283
-56.570465
-56.467846
-56.725861
-56.724358
-56.887608
-56.980042
-56.873760
-57.166080
-57.181725
-57.318886
-57.360020
-57.439106
-57.682556
-57.672916
-57.789944
-57.662052
-57.801922
-58.070084
-58.052143
-58.035587
-58.110142
-58.217098
-58.476624
-58.331013
-58.418358
-58.518513
-58.673885
-58.555912
-58.575748
-58.844444
-58.727123
-58.852493
-58.831650
-58.836720
-58.963600
-58.899940
-59.039371
-58.970322
-59.090504
-59.140602
-59.022331
-59.412006
-59.236443
-59.392818
-59.223022
-59.434013
-59.542568
-59.550877
-59.460175
-59.497078
-59.690853
-59.653400
-59.638058
-59.836746
-59.811146
-59.798260
-59.842022
-60.059273
-60.131836
-59.925419
-60.106209
-60.225338
-60.334766
-60.321373
-60.395718
-60.376755
-60.582619
-60.590900
-60.516666
-60.487305
-60.896248
-60.764591
-60.827980
-60.958134
-60.952255
-61.063656
-61.009510
-61.242558
-61.230473
-61.382748
-61.478027
-61.354252
-61.530762
-61.546741
-61.727432
-61.609837
-61.639809
-62.038177
-61.934528
-62.047859
-61.923054
-62.042233
-62.322216
-62.328381
-62.354412
-62.367905
-62.514786
-62.585709
-62.538635
-62.753799
-62.642868
-62.765366
-62.759975
-62.782520
-63.135754
-62.786110
-62.922504
-62.922897
-63.143223
-63.108734
-63.116753
-63.288742
-63.084759
-63.256298
-63.273819
-63.329712
-63.252388
-63.392532
-63.448608
-63.293816
-63.502438
-63.362469
-63.435581
-63.541908
-63.452953
-63.544529
-63.471813
-63.598137
-63.597725
-63.486992
-63.510731
-63.510384
-63.658543
-63.580452
-63.536701
-63.445225
-63.636333
-63.619614
-63.482407
-63.489788
-63.693733
-63.559448
-63.517502
-63.564892
-63.568192
-63.436207
-63.679760
-63.603401
-63.534195
-63.590115
-63.690079
-63.449001
-63.609478
-63.636330
-63.632145
-63.486767
-63.629711
-63.751198
-63.665771
-63.448139
-63.535484
-63.815342
-63.760468
-63.555885
-63.629509
-63.552505
-63.785393
-63.704582
-63.626419
-63.735676
-63.695839
-63.766953
-63.664860
-63.891804
-63.790230
-63.669121
-63.802216
-63.911869
-63.897892
-63.762917
-63.998451
-63.957172
-63.871422
-64.015938
-63.952560
-64.042839
-63.922451
-64.084251
-64.172211
-64.029762
-64.181091
-64.033417
-64.252831
-64.177147
-64.198395
-64.375061
-64.262726
-64.359528
-64.357841
-64.463753
-64.415565
-64.456001
-64.615776
-64.676720
-64.589928
-64.590950
-64.655701
-64.855415
-64.835602
-64.852905
-64.861610
-65.015129
-65.069260
-64.854752
-65.154823
-65.158379
-65.258545
-65.130463
-65.233467
-65.342636
-65.259575
-65.273346
-65.336113
-65.459808
-65.427063
-65.438362
-65.593040
-65.435638
-65.455292
-65.645195
-65.646935
-65.650497
-65.603050
-65.774239
-65.745064
-65.858505
-65.963310
-65.859756
-65.889549
-65.922707
-65.970383
-66.019913
-66.082062
-66.238304
-66.003502
-66.232910
-66.342033
-66.303558
-66.250603
-66.325104
-66.329086
-66.489304
-66.447968
-66.514168
-66.561401
-66.566612
-66.470177
-66.630501
-66.578835
-66.640488
-66.764549
-66.731117
-66.798416
-66.803810
-66.915764
-66.886841
-66.794472
-67.091682
-66.994911
-67.065910
-67.010422
-67.073296
-67.206947
-67.092110
-67.224564
-67.198555
-67.211388
-67.230919
-67.372093
-67.437531
-67.371422
-67.383873
-67.426216
-67.549835
-67.576683
-67.460747
-67.466644
-67.619217
-67.727493
-67.640152
-67.558006
-67.731956
-67.723869
-67.748436
-67.858887
-67.949020
-67.912537
-67.832458
-68.052216
-68.059349
-68.075775
-68.062378
-68.070038
-68.141533
-67.991661
-68.192787
-68.268349
-68.256279
-68.172600
-68.298912
-68.361862
-68.294205
-68.323685
-68.390144
-68.368477
-68.554153
-68.425896
-68.440659
-68.575089
-68.666245
-68.517075
-68.478584
-68.770515
-68.616867
-68.589211
-68.596016
-68.734261
-68.752724
-68.573174
-68.676842
-68.747864
-68.834381
-68.632797
-68.707054
-68.706589
-68.657524
-68.797714
-68.731827
-68.569725
-68.664818
-68.722214
-68.568275
-68.627640
-68.589127
-68.785492
-68.392677
-68.545151
-68.560432
-68.522400
-68.482330
-68.546669
-68.570427
-68.295433
-68.512878
-68.531868
-68.489960
-68.439117
-68.434753
-68.502388
-68.314697
-68.419373
-68.433189
-68.508339
-68.463036
-68.223213
-68.379677
-68.375977
-68.399368
-68.316475
-68.356918
-68.276749
-68.300240
-68.282272
-68.257179
-68.240593
-68.225128
-68.223923
-68.314842
-68.127190
-68.169006
-68.286644
-68.097580
-68.246132
-68.074554
-68.092773
-68.100296
-68.224869
-68.179085
-68.011093
-68.227493
-68.012856
-68.234215
-68.220688
-68.052177
-67.913628
-68.069901
-68.294655
-68.057755
-68.013573
-68.094879
-68.121544
-67.986885
-67.917725
-68.041603
-68.121010
-67.930229
-67.983963
-68.031502
-68.097343
-67.949631
-68.091972
-67.998505
-67.886017
-68.073807
-67.991539
-68.018608
-68.001305
-68.021324
-68.015816
-68.011665
-67.937424
-67.927368
-67.940689
-68.062225
-67.899055
-68.033501
-67.748444
-67.970581
-67.963936
-67.910149
-67.792641
-67.899208
-67.869041
-67.780914
-67.782326
-67.901062
-67.684708
-67.833557
-67.818474
-67.765427
-67.695602
-67.970711
-67.851204
-67.714066
-67.868408
-67.938469
-67.902145
-67.798859
-67.804398
-67.986069
-67.927200
-67.875641
-67.848175
-67.828407
-67.926048
-67.980698
-67.897179
-67.759300
-67.792862
-67.802505
-67.788300
-67.875343
-67.687004
-67.730614
-67.653183
-67.824554
-67.773506
-67.648422
-67.754456
-67.590790
-67.831734
-67.712936
-67.690704
-67.656052
-67.647079
-67.711372
-67.693970
-67.623421
-67.575562
-67.630775
-67.555649
-67.563011
-67.605896
-67.555763
-67.608841
-67.487701
-67.687096
-67.485115
-67.582840
-67.528069
-67.465767
-67.475693
-67.428810
-67.525749
-67.413086
-67.444252
-67.359741
-67.495171
-67.392212
-67.487976
-67.470474
-67.408798
-67.495415
-67.473129
-67.568596
-67.529564
-67.550591
-67.554001
-67.431313
-67.579903
-67.462181
-67.623146
-67.526199
-67.480675
-67.601738
-67.523125
-67.578110
-67.475601
-67.723518
-67.632317
-67.385880
-67.582520
-67.590004
-67.757164
-67.437088
-67.468430
-67.539688
-67.442894
-67.521881
-67.468552
-67.560921
-67.465729
-67.389977
-67.428764
-67.513885
-67.406837
-67.300423
-67.351761
-67.355904
-67.212105
-67.341148
-67.353065
-67.290665
-67.164352
-67.114723
-67.345413
-67.096611
-67.209106
-67.151688
-67.237030
-67.211769
-67.242584
-67.217209
-67.064331
-67.176369
-67.297760
-67.159912
-67.106102
-67.116867
-67.247574
-67.072952
-67.063232
-67.267326
-67.172340
-67.142479
-67.053329
-67.260925
-67.277473
-67.154495
-67.070587
-67.175606
-67.317505
-67.196228
-67.073936
-67.165649
-67.111931
-67.119576
-66.990273
-67.096367
-67.089630
-67.058517
-67.036484
-66.953468
-67.065712
-67.137650
-66.900291
-67.086563
-66.984550
-67.000465
-66.881859
-67.093300
-67.015976
-66.878571
-67.022476
-66.937401
-66.924133
-66.903183
-66.972710
-67.011848
-66.811249
-67.001320
-66.908188
-67.029083
-66.905563
-66.775162
-67.028328
-66.876724
-66.915459
-66.825462
-66.873672
-66.882133
-66.748863
-66.958603
-66.801315
-66.808258
-66.673454
-66.758934
-66.956055
-66.639061
-66.774391
-66.807617
-66.752106
-66.641190
-66.471596
-66.711304
-66.560890
-66.611244
-66.543671
-66.630058
-66.534561
-66.372208
-66.517860
-66.647964
-66.533241
-66.487549
-66.570763
-66.695389
-66.441185
-66.495399
-66.554741
-66.492836
-66.554146
-66.372330
-66.335258
-66.263885
-66.405602
-66.206429
-66.210983
-66.361801
-66.259674
-66.185974
-66.351700
-66.376503
-66.197281
-66.115540
-66.281013
-66.354317
-66.200386
-66.302185
-66.081001
-66.311386
-66.025848
-66.021164
-66.015175
-66.146233
-66.148300
-65.976822
-66.011925
-66.047226
-66.043571
-66.156693
-65.899315
-65.982140
-65.927795
-66.116180
-66.101601
-66.146416
-66.061371
-65.936691
-66.115036
-66.044861
-66.085258
-65.888260
-66.044617
-66.140892
-66.069511
-65.987480
-66.075829
-66.022163
-65.915550
-65.912933
-66.118752
-66.057411
-65.839035
-66.173988
-66.130844
-65.995911
-65.982071
-66.071991
-66.075867
-66.013229
-66.192947
-66.147217
-66.014297
-66.154419
-66.028526
-66.066780
-66.157455
-66.258331
-66.211082
-66.028267
-66.198380
-66.133827
-66.314018
-66.068413
-66.212463
-66.160217
-66.188774
-66.251060
-66.149117
-66.276466
-66.106468
-66.103889
-66.307381
-66.227928
-66.111916
-66.090393
-66.291588
-66.318565
-65.954948
-66.039207
-66.197212
-66.199158
-66.064545
-65.976021
-66.147568
-66.149414
-66.045074
-65.897911
-66.039360
-66.075859
-65.986244
-65.969177
-65.965385
-66.003960
-65.920418
-65.928574
-65.876686
-65.820107
-65.848351
-65.852615
-65.716362
-65.818039
-65.637642
-65.627342
-65.698166
-65.755600
-65.640800
-65.405632
-65.673599
-65.668739
-65.624733
-65.554596
-65.548470
-65.649124
-65.663879
-65.587158
-65.565605
-65.517990
-65.669586
-65.403046
-65.544319
-65.688461
-65.411285
-65.470573
-65.482018
-65.692131
-65.307518
-65.433281
-65.480629
-65.555588
-65.419380
-65.452492
-65.706055
-65.522774
-65.402496
-65.407463
-65.557724
-65.596390
-65.432686
-65.535652
-65.503189
-65.418442
-65.475937
-65.354843
-65.356621
-65.507111
-65.462128
-65.369682
-65.166847
-65.414513
-65.392159
-65.295540
-65.207230
-65.292664
-65.295326
-65.181259
-65.135345
-65.290710
-65.055252
-65.266754
-65.027328
-65.083450
-65.183777
-65.182526
-64.984550
-64.973480
-65.288551
-65.101257
-64.982300
-65.077377
-65.148422
-64.986473
-64.939377
-65.018257
-65.046104
-64.999535
-65.038757
-64.867554
-65.010551
-65.084389
-64.872597
-64.952812
-65.212395
-65.140327
-64.941833
-65.110062
-65.225624
-65.055099
-65.144638
-65.046318
-65.170433
-65.175179
-65.140594
-65.207436
-65.001289
-65.345398
-65.141335
-65.040009
-65.202698
-65.301216
-65.359917
-65.079887
-65.393280
-65.204857
-65.321663
-65.249512
-65.298119
-65.350296
-65.316711
-65.304146
-65.349129
-65.273972
-65.189049
-65.261497
-65.314636
-65.236061
-65.220833
-65.351555
-65.251534
-65.218483
-65.272614
-65.163101
-65.378242
-65.290680
-65.205040
-65.162979
-65.352760
-65.222717
-65.127342
-65.101982
-65.107002
-65.191299
-65.085960
-64.918434
-65.006073
-65.067711
-65.165840
-65.208229
-65.103416
-65.106651
-65.149712
-65.279022
-65.235039
-65.303406
-65.299416
-65.140701
-65.512413
-65.278137
-65.310440
-65.484619
-65.390434
-65.432152
-65.307243
-65.500893
-65.275208
-65.603706
-65.565086
-65.472038
-65.431252
-65.646828
-65.679222
-65.654465
-65.735878
-65.800835
-65.820877
-65.924698
-65.884727
-65.898224
-66.100319
-66.157410
-66.109482
-66.124535
-66.239571
-66.380226
-66.267036
-66.333099
-66.485825
-66.542343
-66.535645
-66.544373
-66.614868
-66.695747
-66.703644
-66.519806
-66.681023
-66.811790
-66.846588
-66.818611
-66.704559
-66.890366
-66.723434
-66.783073
-66.830444
-66.714905
-66.742683
-66.638290
-66.806160
-66.663246
-66.719315
-66.450851
-66.477333
-66.566467
-66.406952
-66.500732
-66.454330
-66.606575
-66.430435
-66.429504
-66.619545
-66.626472
-66.723938
-66.800018
-66.881371
-66.898972
-67.153763
-67.147827
-67.147476
-67.274780
-67.303246
-67.217339
-67.260307
-67.365372
-67.414528
-67.155640
-67.187531
-67.175560
-67.254929
-67.199631
-67.215454
-67.267662
-67.333618
-67.394547
-67.250587
-67.414970
-67.487579
-67.388268
-67.374947
-67.410294
-67.390984
-67.212524
-67.175446
-67.176636
-67.084892
-67.155899
-67.222946
-67.097710
-66.950905
-67.221611
-67.325394
-67.163010
-67.076103
-67.097000
-67.139977
-67.211067
-67.254326
-67.071182
-67.020920
-67.218727
-66.943596
-66.961365
-66.946098
-67.000481
-66.987999
-66.901527
-67.045609
-66.940765
-67.086983
-67.104851
-67.142639
-67.026161
-67.325333
-67.214211
-67.153351
-67.296677
-67.287758
-67.315201
-67.262688
-67.293350
-67.447029
-67.406845
-67.419281
-67.447807
-67.582390
-67.575562
-67.505783
-67.665825
-67.731422
-67.706589
-67.741714
-67.771782
-67.838097
-67.790138
-67.619919
-67.844330
-67.881844
-67.825729
-67.693352
-67.895416
-67.798065
-67.810204
-67.806046
-67.864700
-67.847031
-67.970833
-68.061493
-67.791962
-67.896645
-67.935188
-67.993690
-67.892303
-67.895775
-67.874954
-67.886658
-67.863358
-67.879906
-67.867653
-67.849091
-67.719475
-67.565926
-67.686317
-67.791283
-67.634033
-67.679230
-67.665703
-67.522873
-67.338593
-67.558105
-67.735680
-67.466423
-67.458427
-67.495331
-67.508499
-67.528267
-67.459679
-67.269173
-67.294212
-67.525681
-67.458862
-67.321907
-67.294319
-67.356445
-67.302559
-67.305489
-67.220329
-67.219666
-67.254211
-67.321312
-67.354370
-67.393608
-67.177856
-67.267654
-67.237167
-67.354897
-67.328766
-67.500229
-67.353134
-67.468185
-67.472252
-67.521553
-67.500893
-67.486977
-67.612015
-67.559654
-67.656326
-67.743492
-67.637985
-67.662056
-67.600105
-67.755180
-67.864326
-67.930206
-67.848633
-67.960838
-68.202774
-68.120399
-68.112457
-68.142647
-68.306854
-68.396423
-68.537849
-68.544052
-68.618973
-68.673080
-68.787476
-68.842171
-68.861580
-69.121117
-69.187607
-69.155060
-69.277023
-69.405922
-69.512802
-69.373543
-69.496292
-69.553368
-69.684921
-69.682762
-69.721252
-69.678589
-69.668579
-69.797119
-69.782852
-69.732582
-69.674713
-69.756355
-69.812378
-69.744606
-69.725060
-69.753426
-69.684326
-69.680542
-69.646912
-69.720291
-69.673363
-69.682495
-69.776985
-69.828926
-69.854713
-69.711845
-69.769562
-69.964592
-69.826561
-69.829521
-69.608910
-69.816902
-69.690384
-69.775803
-69.768311
-69.600433
-69.513947
-69.514473
-69.548660
-69.544678
-69.608070
-69.475739
-69.458138
-69.578140
-69.558250
-69.370926
-69.503387
-69.451500
-69.512634
-69.427078
-69.508942
-69.447067
-69.403709
-69.580414
-69.460732
-69.530678
-69.365318
-69.454094
-69.500198
-69.571129
-69.472183
-69.517448
-69.513596
-69.572441
-69.722870
-69.499649
-69.557777
-69.509041
-69.589417
-69.548256
-69.602844
-69.657341
-69.532730
-69.520050
-69.482391
-69.629532
-69.519203
-69.409698
-69.531540
-69.489319
-69.592743
-69.406799
-69.611244
-69.682465
-69.545486
-69.599159
-69.704430
-69.653015
-69.623810
-69.723373
-69.800987
-69.882133
-69.816505
-69.949791
-69.986732
-69.980804
-70.153809
-69.987915
-70.124298
-70.202477
-70.333755
-70.336800
-70.341629
-70.510651
-70.403748
-70.359535
-70.482445
-70.491081
-70.591240
-70.623146
-70.488510
-70.459122
-70.518311
-70.715446
-70.626450
-70.642929
-70.703911
-70.625526
-70.673897
-70.717522
-70.912727
-70.712593
-70.737404
-70.699692
-70.737099
-70.789169
-70.786697
-70.617271
-70.729408
-70.691505
-70.572746
-70.591576
-70.736221
-70.737984
-70.572388
-70.627922
-70.622284
-70.625084
-70.596962
-70.515335
-70.581558
-70.472168
-70.420250
-70.392143
-70.373901
-70.295403
-69.983772
-70.164940
-70.100655
-70.059715
-69.937538
-69.869049
-69.908806
-69.777275
-69.767517
-69.743912
-69.748833
-69.369759
-69.436768
-69.551498
-69.520966
-69.407639
-69.420769
-69.236877
-69.110153
-69.255074
-69.132500
-68.915169
-68.995544
-69.035088
-68.958977
-68.880249
-68.849846
-68.756104
-68.781738
-68.828087
-68.746574
-68.666481
-68.585167
-68.706238
-68.473991
-68.501511
-68.512772
-68.476639
-68.348564
-68.332001
-68.591339
-68.373795
-68.433159
-68.286995
-68.396118
-68.502808
-68.416367
-68.477898
-68.311409
-68.369621
-68.434021
-68.469978
-68.179832
-68.367035
-68.398323
-68.285881
-68.427452
-68.460228
-68.442970
-68.412903
-68.652817
-68.555107
-68.586128
-68.735893
-68.602623
-68.658356
-68.804771
-68.615974
-68.551834
-68.543968
-68.520866
-68.480255
-68.429016
-68.334442
-68.285004
-68.358444
-68.473778
-68.292168
-68.346848
-68.398148
-68.356407
-68.469475
-68.567856
-68.602760
-68.412132
-68.344818
-68.457237
-68.405067
-68.392532
-68.274399
-68.290070
-68.194855
-68.267418
-68.139793
-68.193787
-68.148590
-68.111221
-68.088539
-67.957657
-68.043381
-68.081047
-68.077034
-67.880424
-67.909431
-67.858742
-67.836235
-67.768341
-67.781281
-67.642838
-67.544907
-67.436890
-67.459595
-67.365837
-67.385818
-67.191566
-67.239105
-67.152290
-67.118050
-67.006042
-66.961395
-67.114967
-66.981316
-66.870445
-66.846703
-66.966988
-66.945557
-66.932793
-66.902534
-66.995422
-66.982170
-67.062660
-67.140488
-67.283386
-67.244453
-67.212303
-67.178986
-67.280464
-67.299332
-67.275345
-67.187881
-67.041580
-67.063713
-67.010231
-66.965111
-66.857971
-66.892212
-66.797646
-66.566010
-66.528397
-66.643356
-66.698608
-66.512482
-66.472946
-66.514580
-66.546509
-66.367020
-66.400810
-66.326294
-66.306259
-66.283325
-66.288589
-66.187462
-66.281143
-66.216141
-66.209366
-66.123047
-66.133606
-66.131180
-66.103798
-66.088669
-66.088371
-66.028397
-66.036461
-65.834015
-65.852486
-65.766022
-65.763161
-65.587753
-65.546318
-65.566788
-65.558838
-65.498230
-65.517212
-65.585358
-65.517632
-65.489647
-65.551010
-65.561752
-65.597099
-65.408394
-65.493385
-65.526344
-65.422958
-65.349426
-65.128395
-65.353287
-65.180138
-65.286743
-65.232719
-65.218712
-65.277809
-65.207909
-65.351784
-65.172760
-65.271782
-65.251503
-65.305588
-65.244743
-65.172211
-65.175087
-65.225388
-65.319710
-65.186401
-65.247238
-65.253113
-65.387268
-65.335495
-65.426910
-65.444420
-65.603218
-65.573524
-65.719002
-65.798286
-65.829933
-65.815216
-65.918159
-65.926300
-65.897659
-66.000458
-65.904800
-66.006989
-66.009201
-66.085884
-65.873878
-66.058739
-65.914963
-65.844627
-65.829437
-65.830368
-65.751808
-65.708717
-65.621284
-65.580017
-65.371124
-65.336273
-65.229912
-65.164299
-65.096535
-64.932335
-64.932076
-64.889915
-64.748466
-64.601334
-64.632507
-64.429855
-64.336411
-64.253204
-64.221581
-64.042343
-63.948826
-63.895172
-63.674606
-63.621235
-63.546684
-63.476265
-63.381638
-63.436932
-63.406784
-63.266857
-63.282375
-63.213470
-63.264885
-63.167164
-63.186050
-63.209095
-63.058781
-63.182373
-63.123199
-63.188137
-62.981419
-63.165169
-63.174084
-63.109245
-63.098362
-63.134895
-63.320145
-63.182148
-63.133575
-63.159874
-63.151436
-63.162231
-63.088783
-63.028904
-63.086803
-63.099937
-62.918797
-62.971092
-63.066559
-62.924118
-62.774754
-62.932659
-62.930843
-62.889267
-62.775360
-62.781147
-62.782303
-62.728748
-62.552532
-62.619530
-62.560635
-62.419201
-62.289467
-62.377159
-62.247089
-62.096832
-61.934734
-61.955200
-61.968681
-61.701275
-61.608082
-61.571392
-61.506893
-61.303848
-61.132767
-61.129833
-60.919830
-60.863037
-60.757050
-60.611702
-60.432266
-60.280701
-60.104713
-59.911919
-59.837269
-59.685123
-59.367001
-59.282436
-59.152523
-58.849281
-58.580173
-58.430756
-58.121002
-57.863525
-57.724148
-57.443665
-57.195183
-57.022301
-56.782764
-56.525917
-56.343735
-56.034199
-55.827026
-55.600731
-55.411274
-55.177532
-54.902061
-54.510166
-54.208427
-54.040653
-53.697044
-53.377262
-52.875111
-52.650188
-52.337181
-51.901894
-51.562305
-51.238712
-50.843979
-50.356907
-50.015301
-49.658672
-49.186993
-48.849236
-48.463684
-48.030663
-47.500446
-47.313560
-46.908676
-46.454491
-45.954296
-45.606194
-45.211433
-44.792706
-44.500256
-44.000893
-43.677052
-43.336720
-42.851528
-42.465458
-42.140427
-41.737080
-41.183784
-40.868515
-40.681015
-40.307121
-39.769817
-39.206299
-38.918736
-38.809086
-38.272636
-37.801044
-37.468136
-37.010674
-36.710613
-36.513752
-36.243935
-35.788090
-35.535969
-35.073784
-34.754688
-34.526493
-34.190987
-33.777695
-33.322151
-33.088020
-32.866776
-32.455643
-32.109100
-31.869692
-31.507462
-31.101912
-30.932056
-30.955683
-30.465878
-30.050625
-29.735485
-29.564993
-29.341589
-29.065647
-28.736050
-28.436724
-28.214397
-27.998913
-27.745781
-27.468063
-27.311638
-27.051315
-26.610149
-26.386148
-26.236597
-25.896782
-25.543308
-25.417589
-25.235329
-24.872959
-24.473698
-24.381775
-24.227894
-23.847275
-23.606277
-23.577412
-23.352022
-23.175264
-23.060066
-22.749590
-22.478895
-22.342663
-21.972000
-21.814690
-21.639841
-21.381981
-21.115271
-20.835480
-20.460102
-20.320887
-20.032993
-19.829733
-19.701429
-19.540379
-19.362158
-19.291059
-19.199640
-19.022036
-18.856358
-18.708521
-18.703056
-18.496994
-18.402155
-18.233795
-18.053780
-17.667679
-17.542345
-17.351746
-16.939344
-16.751654
-16.520973
-16.208252
-15.939887
-15.722330
-15.520247
-15.157399
-14.922627
-14.671417
-14.458741
-14.242887
-14.059826
-13.833634
-13.574729
-13.266906
-13.107539
-12.954628
-12.647830
-12.410990
-12.267097
-11.958649
-11.811764
-11.486123
-11.270995
-11.070758
-10.864311
-10.679016
-10.380857
-10.204183
-10.063803
-9.810591
-9.736550
-9.707827
-9.368465
-9.266897
-9.157201
-9.194309
-9.016016
-8.896005
-8.746207
-8.712456
-8.553369
-8.475945
-8.486985
-8.345750
-8.100604
-7.998095
-7.975337
-7.852364
-7.805816
-7.712291
-7.613804
-7.388546
-7.281815
-7.213417
-7.106743
-7.048846
-6.731585
-6.668696
-6.532681
-6.439292
-6.154161
-6.095799
-5.867217
-5.782839
-5.640795
-5.521165
-5.424984
-5.243135
-5.119570
-5.117413
-5.000152
-4.962738
-4.837348
-4.598764
-4.531554
-4.456757
-4.306493
-4.115174
-3.976485
-3.763550
-3.511421
-3.330242
-3.216713
-3.144340
-2.899033
-2.802777
-2.576382
-2.563060
-2.481008
-2.443567
-2.326748
-2.232568
-2.013036
-1.963663
-1.935143
-1.789171
-1.589369
-1.487848
-1.360948
-1.197577
-1.129537
-1.135951
-0.957030
-0.821457
-0.858326
-0.704954
-0.718833
-0.794218
-0.739303
-0.533756
-0.541448
-0.652808
-0.566283
-0.590606
-0.528121
-0.456125
-0.235323
-0.416400
-0.368739
-0.319522
-0.279281
-0.192040
-0.178841
-0.138402
-0.116574
-0.181484
0.025326
-0.015977
-0.040263
0.028516
-0.055221
-0.041571
0.098532
0.173258
0.004208
0.138505
0.210024
0.066859
0.071766
0.297521
0.189338
0.298417
0.348675
0.378196
0.246185
0.407916
0.407559
0.443116
0.395596
0.582244
0.506572
0.571532
0.558963
0.571160
0.476376
0.515914
0.630526
0.660452
0.502994
0.569501
0.556541
0.466378
0.497207
0.485934
0.473662
0.402948
0.466587
0.415442
0.398797
0.447798
0.432379
0.311142
0.166098
0.255960
0.257681
0.284271
0.012402
0.039109
0.031079
0.009993
-0.125142
0.056740
-0.195306
-0.269562
-0.359867
-0.046140
-0.190470
0.076355
-0.146229
-0.348041
-0.319274
-0.240886
-0.230653
-0.257084
-0.254434
-0.425309
-0.658011
-0.440720
-0.680516
-0.772176
-0.691127
-0.681917
-0.746305
-0.775408
-0.814326
-0.808075
-0.732126
-0.906139
-0.887812
-0.738247
-0.558686
-0.702095
-0.786358
-0.736559
-0.847312
-0.869339
-0.865782
-0.790746
-0.732533
-0.892982
-0.850657
-0.891540
-0.745958
-0.879330
-0.814218
-0.589995
-0.621198
-0.745067
-0.633624
-0.578995
-0.753379
-0.724355
-0.700900
-0.649885
-0.583908
-0.673336
-0.740922
-0.741884
-0.694695
-0.753790
-0.719985
-0.677213
-0.693457
-0.610773
-0.674148
-0.690079
-0.845178
-0.790480
-0.662343
-0.731709
-0.615890
-0.729598
-0.694886
-0.677562
-0.660678
-0.617972
-0.507517
-0.494914
-0.531843
-0.537076
-0.463060
-0.427197
-0.332452
-0.389780
-0.428274
-0.507269
-0.211404
-0.258363
-0.309839
-0.326538
-0.215722
-0.201043
-0.141980
-0.070045
-0.154177
-0.098153
-0.083853
-0.060598
-0.017848
0.150280
-0.035932
-0.035104
0.084751
0.154297
0.206134
0.077517
0.088191
0.052155
0.118261
0.198902
0.199850
0.058574
0.060976
-0.009577
0.059862
0.082263
0.062676
0.055937
0.004373
0.027704
0.115950
0.087027
0.171034
0.358238
0.210348
0.246317
0.557557
0.552873
0.595337
0.542559
0.677173
0.674769
0.648082
0.627597
0.611446
0.549953
0.508887
0.656078
0.749339
0.621915
0.688814
0.715139
0.549361
0.800546
0.830062
0.888960
0.889557
0.832041
0.823885
0.872862
0.896039
0.907775
0.932088
0.744513
0.798702
0.948854
1.081843
0.971298
0.885106
0.875098
0.886413
1.001147
0.995030
1.114973
1.053665
0.809912
0.948967
0.982801
0.986203
0.948775
0.935338
0.759438
0.839090
0.859897
0.962086
0.759054
0.870504
0.783421
0.807216
0.818024
0.836157
0.918576
0.748302
0.669522
0.830576
0.786589
0.770857
0.712768
0.649594
0.590723
0.724702
0.644740
0.636685
0.706319
0.617318
0.611275
0.667225
0.764329
0.699334
0.616654
0.602879
0.611687
0.660285
0.585875
0.559443
0.541555
0.504089
0.496104
0.457926
0.509656
0.399582
0.407018
0.451519
0.421140
0.412907
0.349840
0.369305
0.363329
0.348378
0.304386
0.290517
0.242875
0.313070
0.228322
0.222841
0.262859
0.224289
0.233490
0.142166
0.168401
0.277629
0.280138
0.152128
0.126399
0.188768
0.170040
0.147209
0.207753
0.144506
0.131540
0.175929
0.212704
0.119287
0.239756
0.178500
0.157572
0.189765
0.214632
0.226817
0.222544
0.265560
0.120706
0.204524
0.141683
0.111020
0.133992
0.090773
0.033388
0.012785
0.029336
0.005471
-0.034291
-0.117332
-0.043635
-0.130068
-0.105232
-0.157038
-0.083834
-0.052444
-0.186686
-0.155000
-0.195226
-0.139740
-0.164275
-0.122308
-0.257951
-0.189229
-0.238846
-0.243919
-0.153066
-0.216738
-0.206871
-0.207651
-0.117887
-0.269278
-0.148746
-0.219569
-0.307796
-0.276316
-0.225989
-0.275756
-0.395240
-0.340355
-0.399865
-0.433158
-0.407563
-0.319168
-0.441179
-0.438286
-0.434820
-0.446662
-0.390524
-0.453526
-0.412091
-0.440802
-0.414085
-0.472094
-0.431530
-0.469280
-0.556245
-0.516694
-0.592956
-0.504334
-0.563801
-0.628974
-0.623069
-0.619279
-0.599148
-0.637367
-0.661107
-0.639303
-0.635852
-0.685281
-0.713104
-0.716507
-0.758311
-0.855040
-0.816922
-0.781268
-0.796283
-0.914706
-0.988890
-0.865840
-0.845708
-0.882377
-0.986753
-0.756487
-0.828006
-0.896532
-0.893812
-0.832270
-0.841764
-0.898668
-0.903569
-0.887092
-0.869342
-0.920497
-0.911328
-0.926703
-0.941504
-0.957979
-0.917217
-0.930630
-0.906264
-0.942314
-0.974993
-0.936387
-0.992302
-0.910855
-1.000659
-1.088796
-1.077907
-1.064710
-1.143009
-1.122327
-1.084663
-1.174996
-1.263296
-1.246068
-1.248950
-1.210520
-1.216002
-1.167334
-1.202601
-1.244703
-1.298083
-1.179266
-1.127478
-1.199743
-1.254840
-1.192368
-1.100938
-1.100260
-1.195068
-1.123467
-1.118941
-1.102558
-1.157004
-1.022754
-1.063877
-1.060995
-1.008535
-1.003475
-0.991051
-1.047353
-0.976415
-1.060173
-0.910430
-0.956402
-0.967747
-1.019528
-0.993158
-0.894520
-1.012745
-0.953447
-0.977849
-0.972051
-1.040813
-1.025914
-1.018706
-1.047660
-0.936695
-1.033750
-1.037302
-1.058077
-1.110319
-1.038785
-1.117146
-1.113735
-1.144697
-1.137179
-1.179251
-1.111359
-1.177505
-1.227286
-1.246494
-1.159771
-1.199669
-1.211844
-1.171286
-1.204838
-1.222398
-1.190562
-1.200025
-1.183881
-1.169500
-1.228390
-1.246535
-1.211917
-1.139772
-1.176122
-1.201854
-1.185148
-1.224447
-1.299499
-1.253384
-1.130153
-1.170392
-1.215854
-1.259511
-1.232381
-1.102427
-1.190685
-1.142467
-1.130663
-1.082497
-1.143612
-1.086494
-1.101552
-1.011458
-1.014333
-0.949554
-0.991535
-0.958034
-0.871417
-0.927980
-0.854459
-0.810506
-0.762821
-0.795586
-0.732922
-0.664169
-0.609438
-0.681969
-0.626934
-0.585046
-0.489704
-0.588171
-0.624775
-0.508937
-0.546896
-0.491144
-0.506858
-0.527699
-0.537944
-0.492962
-0.511806
-0.483553
-0.478554
-0.415135
-0.475657
-0.447004
-0.356444
-0.413745
-0.472426
-0.436284
-0.366057
-0.395506
-0.346422
-0.329464
-0.308508
-0.445043
-0.400903
-0.319889
-0.236388
-0.260287
-0.259315
-0.239825
-0.242502
-0.195416
-0.170562
-0.175192
-0.204690
-0.186621
-0.157300
-0.151016
-0.204248
-0.210675
-0.194476
-0.193264
-0.200116
-0.101827
-0.080487
-0.168725
-0.231473
-0.165305
-0.100330
-0.111570
-0.174568
-0.125752
-0.144554
-0.093324
-0.145778
-0.106159
-0.068771
-0.113996
-0.086347
-0.097267
-0.087763
-0.117667
-0.033019
-0.089281
-0.134091
0.012691
-0.013007
-0.105019
-0.026472
0.027669
-0.068534
-0.019285
0.012508
0.028987
-0.063757
0.022675
0.030527
0.004504
-0.005479
0.022366
-0.028710
-0.009606
0.049438
-0.028714
-0.044426
-0.023858
0.071603
-0.027608
-0.014756
-0.027054
0.034600
-0.047468
-0.021788
-0.004813
-0.069074
0.069989
0.063700
-0.015694
-0.031466
0.047926
0.028249
0.008412
0.064506
0.051575
-0.018047
-0.015072
0.021113
0.027174
0.029046
-0.034646
-0.062854
0.043776
-0.032117
0.009443
-0.029038
-0.023191
-0.042277
0.003738
-0.005360
-0.075800
-0.002108
-0.099492
-0.016716
-0.013088
-0.094983
-0.054885
-0.131295
-0.036400
-0.096067
-0.056097
-0.126144
-0.154882
-0.101903
-0.137551
-0.071629
-0.033141
-0.175507
-0.163526
-0.155955
-0.065112
-0.083045
-0.176199
-0.130377
-0.132618
-0.184747
-0.131510
-0.158259
-0.124495
-0.171118
-0.172737
-0.226577
-0.149861
-0.143372
-0.196855
-0.257334
-0.264150
-0.213424
-0.269128
-0.301310
-0.251533
-0.282817
-0.350293
-0.234985
-0.241949
-0.333483
-0.362075
-0.391958
-0.272783
-0.341054
-0.269587
-0.330660
-0.306729
-0.406386
-0.373306
-0.294122
-0.271315
-0.323844
-0.363231
-0.391851
-0.269613
-0.365004
-0.331392
-0.393576
-0.355701
-0.373956
-0.398106
-0.401717
-0.377959
-0.485815
-0.519711
-0.439065
-0.431236
-0.564888
-0.654122
-0.575421
-0.530813
-0.621070
-0.597769
-0.572607
-0.595286
-0.720558
-0.729568
-0.600696
-0.642079
-0.610524
-0.737359
-0.648705
-0.652023
-0.690115
-0.707075
-0.822804
-0.745180
-0.758992
-0.767133
-0.662492
-0.762327
-0.778587
-0.819414
-0.790755
-0.726198
-0.742679
-0.687342
-0.760395
-0.745320
-0.755941
-0.677016
-0.683530
-0.644481
-0.721789
-0.762702
-0.634816
-0.699366
-0.634251
-0.615870
-0.684118
-0.709541
-0.625163
-0.593430
-0.634054
-0.635937
-0.662753
-0.637357
-0.649908
-0.512267
-0.491328
-0.657034
-0.636594
-0.648114
-0.556489
-0.619666
-0.592419
-0.553068
-0.582892
-0.651104
-0.535274
-0.498007
-0.562270
-0.533304
-0.489953
-0.510567
-0.435294
-0.446309
-0.426012
-0.394768
-0.363970
-0.477833
-0.371470
-0.299514
-0.383691
-0.334668
-0.294344
-0.344150
-0.381460
-0.278008
-0.336138
-0.280302
-0.338399
-0.316965
-0.263901
-0.272173
-0.305054
-0.311446
-0.203699
-0.315596
-0.330256
-0.214962
-0.189855
-0.288329
-0.283871
-0.239554
-0.243282
-0.226378
-0.215214
-0.202677
-0.210660
-0.287510
-0.161187
-0.237436
-0.148983
-0.224692
-0.187089
-0.135257
-0.165681
-0.211165
-0.180491
-0.098250
-0.101972
-0.144005
-0.099296
-0.106305
-0.059421
-0.118510
-0.047086
-0.010466
-0.016742
-0.072437
-0.086382
-0.069228
-0.045470
-0.023701
-0.025978
-0.017188
-0.065225
-0.030825
0.059886
0.053955
-0.011528
-0.028998
0.005029
-0.005433
0.075380
0.052180
-0.001585
0.019222
0.035627
-0.008185
-0.014487
0.086330
0.012170
0.032214
0.021730
0.095132
0.065320
0.056713
0.060348
0.127724
0.176912
0.080246
0.095185
0.150299
0.088690
0.107656
0.089104
0.157566
0.078497
0.076071
0.108863
0.136754
0.132640
0.077419
0.154248
0.104492
0.142770
0.071370
0.165118
0.101878
0.176048
0.108415
0.151161
0.122226
0.063628
0.131606
0.090980
0.092865
0.028765
0.114246
0.094447
0.150977
0.125933
0.004188
0.010961
0.068052
0.078082
0.002236
0.071811
0.048069
-0.024702
0.023929
0.057051
0.027906
-0.018896
-0.004454
0.012469
-0.092700
-0.009566
-0.032217
-0.004206
-0.111500
-0.072249
-0.049486
0.031134
0.004301
-0.066037
-0.081316
-0.110617
-0.021164
0.029826
-0.040784
-0.113973
-0.151426
-0.120813
-0.119122
-0.038276
-0.094526
-0.097182
-0.181786
-0.132144
-0.073600
-0.105840
-0.170192
-0.239175
-0.076410
-0.094486
-0.083496
-0.147719
-0.149339
-0.211315
-0.202673
-0.145172
-0.143681
-0.174975
-0.179179
-0.238559
-0.223382
-0.140833
-0.177800
-0.241168
-0.268197
-0.195243
-0.170473
-0.216460
-0.214697
-0.261850
-0.247642
-0.228165
-0.199416
-0.222802
-0.255815
-0.289763
-0.250054
-0.240592
-0.268469
-0.178215
-0.292355
-0.290082
-0.258904
-0.175848
-0.214113
-0.277643
-0.224452
-0.328558
-0.238293
-0.180063
-0.232909
-0.328370
-0.280353
-0.243495
-0.242119
-0.178411
-0.254432
-0.366513
-0.274463
-0.226936
-0.211355
-0.323436
-0.236310
-0.268449
-0.224504
-0.246194
-0.269401
-0.241903
-0.256472
-0.309612
-0.238343
-0.218234
-0.313337
-0.295485
-0.291398
-0.198076
-0.254710
-0.273070
-0.333173
-0.210721
-0.354453
-0.236940
-0.227803
-0.249439
-0.294359
-0.278307
-0.173896
-0.254992
-0.212454
-0.261824
-0.241075
-0.239368
-0.245685
-0.250848
-0.301841
-0.241122
-0.194613
-0.228384
-0.203842
-0.314310
-0.236717
-0.253599
-0.232336
-0.226188
-0.271850
-0.244080
-0.296363
-0.209057
-0.267199
-0.218014
-0.305666
-0.232884
-0.232765
-0.242384
-0.212659
-0.243182
-0.330939
-0.229257
-0.223630
-0.254126
-0.241240
-0.284926
-0.232947
-0.288280
-0.197228
-0.248916
-0.266027
-0.269353
-0.215130
-0.240308
-0.211400
-0.255868
-0.267286
-0.253482
-0.224872
-0.189262
-0.266392
-0.199763
-0.193156
-0.163255
-0.104363
-0.178657
-0.157926
-0.118619
-0.073187
-0.093603
-0.100717
-0.129738
-0.146862
-0.109693
-0.045998
-0.028482
-0.063622
-0.144505
-0.109277
-0.048828
0.015293
-0.030456
-0.069136
-0.098427
-0.011789
-0.021074
-0.033533
0.068546
-0.097118
-0.115595
-0.055061
0.048101
0.040799
-0.026021
-0.001333
-0.012271
0.076506
0.092940
0.116125
0.046903
0.027996
0.056133
0.201674
0.225938
0.127786
0.037033
0.102472
0.180452
0.167315
0.209527
0.141429
0.100840
0.118707
0.234929
0.240454
0.247179
0.168339
0.182418
0.205656
0.226436
0.282910
0.207734
0.244213
0.210826
0.305658
0.245171
0.263129
0.261600
0.179652
0.298561
0.335732
0.252468
0.258905
0.286916
0.242515
0.300178
0.370846
0.245703
0.294365
0.333194
0.389626
0.343769
0.377053
0.329601
0.289845
0.455680
0.394947
0.398568
0.398388
0.375438
0.357556
0.374185
0.429904
0.339653
0.400038
0.374776
0.448761
0.434227
0.456763
0.476676
0.305072
0.371400
0.357340
0.468074
0.394359
0.396494
0.412454
0.356814
0.413142
0.431952
0.443179
0.422609
0.387563
0.417957
0.409286
0.488412
0.374443
0.439572
0.409335
0.419040
0.419457
0.397096
0.377833
0.396731
0.415467
0.352266
0.349141
0.414845
0.379186
0.354904
0.341607
0.422798
0.394719
0.394573
0.454945
0.448005
0.424565
0.354054
0.457209
0.393358
0.400371
0.370283
0.418500
0.364825
0.415829
0.420380
0.375851
0.377153
0.426203
0.375579
0.398828
0.396175
0.370587
0.351949
0.411433
0.348478
0.398727
0.347679
0.362663
0.364017
0.264724
0.423174
0.352314
0.387115
0.210150
0.306396
0.289958
0.387702
0.289471
0.218193
0.221349
0.212434
0.294532
0.334822
0.165306
0.228302
0.188962
0.164688
0.136364
0.221112
0.192209
0.147144
0.128831
0.122404
0.160675
0.116510
0.141492
0.064104
0.125553
0.126897
0.113807
0.158962
0.064946
0.114218
0.040533
0.047752
0.082109
0.016145
-0.049328
-0.031657
0.122683
-0.033444
-0.020475
-0.027680
-0.009076
-0.040799
-0.024193
-0.061285
-0.087458
-0.032784
-0.078323
-0.087063
-0.093800
-0.172230
-0.140296
-0.165855
-0.203655
-0.152155
-0.180719
-0.161702
-0.156021
-0.221714
-0.142682
-0.168537
-0.191132
-0.250804
-0.129853
-0.187186
-0.200092
-0.270727
-0.253989
-0.325123
-0.239941
-0.194608
-0.276994
-0.296788
-0.381818
-0.299884
-0.324032
-0.343195
-0.335740
-0.224096
-0.362812
-0.349779
-0.327289
-0.312404
-0.317837
-0.376570
-0.276725
-0.307343
-0.346242
-0.340163
-0.327001
-0.328456
-0.399929
-0.407344
-0.392699
-0.346799
-0.371515
-0.387245
-0.346361
-0.331878
-0.409426
-0.366822
-0.356311
-0.334553
-0.281381
-0.353690
-0.329179
-0.350212
-0.342172
-0.407071
-0.298090
-0.282194
-0.343975
-0.374104
-0.298719
-0.314709
-0.305372
-0.226968
-0.296996
-0.264090
-0.255875
-0.288996
-0.286169
-0.222443
-0.208821
-0.227064
-0.225278
-0.257991
-0.312157
-0.194613
-0.148629
-0.199396
-0.262534
-0.178321
-0.213259
-0.174422
-0.197492
-0.190743
-0.176259
-0.222731
-0.223783
-0.122842
-0.097276
-0.223334
-0.235576
-0.128218
-0.116498
-0.209442
-0.147637
-0.165477
-0.158795
-0.189972
-0.074528
-0.154300
-0.117999
-0.184064
-0.095070
-0.071249
-0.090782
-0.184126
-0.111920
-0.038191
-0.186318
-0.080810
-0.069729
-0.060270
-0.141742
-0.027199
-0.071719
0.014119
-0.066278
-0.019978
0.040009
0.052033
-0.027428
-0.021571
0.060455
0.063208
0.096285
0.062797
0.074747
0.120101
0.057071
0.121195
0.128472
0.125173
0.054740
0.144258
0.134958
0.129573
0.192245
0.172877
0.115686
0.134838
0.156628
0.155449
0.228250
0.208504
0.133226
0.181790
0.191858
0.192653
0.195553
0.210299
0.161175
0.226867
0.229846
0.212297
0.156216
0.232256
0.183863
0.209570
0.279142
0.233503
0.245207
0.154632
0.226744
0.255490
0.290450
0.257007
0.233869
0.312223
0.248234
0.294928
0.275177
0.272263
0.253647
0.368809
0.301784
0.384649
0.351625
0.299338
0.326815
0.385502
0.304570
0.320574
0.304612
0.299424
0.322299
0.268783
0.288626
0.325311
0.304314
0.269331
0.258048
0.186403
0.329440
0.260296
0.293215
0.204199
0.239386
0.272673
0.217911
0.279583
0.266601
0.277150
0.145406
0.246282
0.239247
0.256768
0.266352
0.188686
0.183942
0.166958
0.250017
0.210055
0.200309
0.152877
0.099426
0.215635
0.202803
0.191308
0.111818
0.049016
0.168703
0.166477
0.170383
0.114733
0.080222
-0.004954
0.112138
0.051103
0.109875
0.008603
0.050775
-0.001450
-0.009933
0.003828
0.091338
0.044002
0.024067
0.005240
0.133870
0.205227
0.106047
0.096354
0.129659
0.174706
0.131777
0.239821
0.156251
0.150024
0.128140
0.117902
0.163692
0.160245
0.197577
0.104924
0.158250
0.199941
0.209951
0.217497
0.185472
0.256722
0.230121
0.256198
0.241229
0.255844
0.212865
0.193231
0.215854
0.208814
0.288889
0.216860
0.169305
0.131616
0.224094
0.243082
0.306189
0.241373
0.232522
0.226276
0.287103
0.337457
0.281740
0.257073
0.285154
0.213031
0.320332
0.238051
0.271546
0.251635
0.277315
0.252693
0.240292
0.314209
0.332218
0.330020
0.359391
0.352689
0.237251
0.365865
0.399399
0.386900
0.327188
0.392672
0.346859
0.358816
0.408845
0.384544
0.331879
0.422081
0.381423
0.511065
0.357196
0.472056
0.448391
0.464735
0.458518
0.559265
0.546214
0.473306
0.496365
0.469696
0.485872
0.496501
0.498060
0.396635
0.477829
0.497112
0.468868
0.461189
0.436976
0.456504
0.445941
0.468327
0.492570
0.446230
0.479469
0.403790
0.410898
0.441374
0.469208
0.432784
0.437678
0.388269
0.342333
0.384090
0.396384
0.424028
0.332621
0.334377
0.372283
0.335400
0.327353
0.340744
0.269477
0.215458
0.301176
0.259617
0.254515
0.201027
0.297998
0.268976
0.175368
0.285636
0.222785
0.234881
0.187403
0.176659
0.213031
0.190069
0.209267
0.107347
0.192179
0.129578
0.162779
0.103843
0.110788
0.084024
0.034704
0.089105
0.141752
0.033085
-0.035750
0.081415
0.060672
0.025535
0.079300
0.080064
0.024406
0.004220
0.075424
0.083493
0.106160
0.080697
0.111899
0.133307
0.172720
0.161215
0.131573
0.081721
0.243622
0.212504
0.231704
0.142881
0.157382
0.214084
0.148620
0.171693
0.191814
0.127285
0.083321
0.142850
0.096115
0.057676
0.094273
-0.001632
-0.002435
0.030250
0.066956
-0.030177
-0.015042
-0.037960
-0.052445
-0.027933
-0.036538
-0.056327
-0.147820
-0.212432
-0.149023
-0.184747
-0.186707
-0.160228
-0.224694
-0.227743
-0.230359
-0.169768
-0.195643
-0.202867
-0.213705
-0.211983
-0.183355
-0.106480
-0.184325
-0.263798
-0.150574
-0.199947
-0.244841
-0.180864
-0.132935
-0.229928
-0.255230
-0.249079
-0.209039
-0.235879
-0.282456
-0.303295
-0.163061
-0.204310
-0.290713
-0.263004
-0.247293
-0.317989
-0.270017
-0.253879
-0.257229
-0.391847
-0.401591
-0.454622
-0.449811
-0.392301
-0.465570
-0.587100
-0.541792
-0.587921
-0.586237
-0.673784
-0.628174
-0.667608
-0.669095
-0.728393
-0.716351
-0.717014
-0.781137
-0.822700
-0.852752
-0.805673
-0.823292
-0.823690
-0.865439
-0.932969
-0.895122
-0.944493
-0.812723
-0.897501
-0.847934
-0.892940
-0.939004
-0.893248
-0.853545
-0.954162
-1.026029
-0.936104
-0.968650
-1.023943
-0.980736
-0.971254
-1.003708
-1.115087
-1.044810
-1.124167
-1.077745
-1.159082
-1.061299
-1.210994
-1.131449
-1.175532
-1.159742
-1.193257
-1.171769
-1.221707
-1.260865
-1.201075
-1.156669
-1.165182
-1.123589
-1.120202
-1.151861
-1.075012
-1.069489
-0.988249
-1.029142
-1.033589
-0.929844
-0.929595
-1.010979
-0.982622
-0.942777
-1.018791
-0.924924
-0.952015
-0.979156
-0.963309
-1.031274
-0.885240
-0.928758
-0.894189
-0.937850
-0.831675
-0.919425
-0.871660
-0.809005
-0.885992
-0.870256
-0.779249
-0.804512
-0.793421
-0.837971
-0.858568
-0.780324
-0.810253
-0.810848
-0.805357
-0.775089
-0.743511
-0.675016
-0.758741
-0.767940
-0.733343
-0.679287
-0.707807
-0.704222
-0.786010
-0.742932
-0.684284
-0.740572
-0.756418
-0.773798
-0.732064
-0.655931
-0.691299
-0.758702
-0.648308
-0.768252
-0.757140
-0.610547
-0.674766
-0.739091
-0.673655
-0.690961
-0.718071
-0.666681
-0.794641
-0.805966
-0.754508
-0.703061
-0.850408
-0.712238
-0.790511
-0.794800
-0.817641
-0.722775
-0.786724
-0.765512
-0.868557
-0.821055
-0.823383
-0.709399
-0.804887
-0.824308
-0.812010
-0.862231
-0.881974
-0.795817
-0.811418
-0.906424
-0.768862
-0.910559
-0.905982
-0.971368
-0.892927
-1.030283
-0.959091
-1.019965
-0.948167
-1.063998
-1.059565
-1.034944
-1.111849
-1.074283
-1.078485
-1.029008
-1.088942
-1.093422
-1.101445
-1.099673
-1.128147
-1.218957
-1.179909
-1.153095
-1.163091
-1.300938
-1.191519
-1.181916
-1.260712
-1.230925
-1.222535
-1.333008
-1.335470
-1.294371
-1.337920
-1.338826
-1.407880
-1.394970
-1.459292
-1.423742
-1.541458
-1.532584
-1.525989
-1.506661
-1.587332
-1.678056
-1.625384
-1.642709
-1.638880
-1.764734
-1.660382
-1.769317
-1.844569
-1.849997
-1.808144
-1.867971
-1.874854
-2.031108
-1.933536
-1.972977
-2.064756
-2.127104
-2.032953
-2.114548
-2.106125
-2.231731
-2.175700
-2.260205
-2.248320
-2.295114
-2.271247
-2.380731
-2.409350
-2.416242
-2.387058
-2.361687
-2.548754
-2.446362
-2.598705
-2.549061
-2.559367
-2.452952
-2.583421
-2.637670
-2.540484
-2.645522
-2.575802
-2.666500
-2.692631
-2.712639
-2.730108
-2.780660
-2.750134
-2.880871
-2.931616
-2.953661
-2.927367
-2.956350
-3.003118
-3.058425
-3.037527
-3.212072
-3.143688
-3.068491
-3.170843
-3.327179
-3.344232
-3.381380
-3.371715
-3.420023
-3.409846
-3.558207
-3.589718
-3.709285
-3.660264
-3.701985
-3.795459
-3.965823
-3.914966
-3.907301
-4.069255
-4.104315
-4.053545
-4.231171
-4.323275
-4.391342
-4.389534
-4.433409
-4.461008
-4.556449
-4.639391
-4.662942
-4.737858
-4.746944
-4.817245
-4.841531
-4.900696
-5.028581
-4.988855
-5.057131
-5.174737
-5.281670
-5.246053
-5.371925
-5.458808
-5.491532
-5.597289
-5.644717
-5.837424
-5.804963
-6.027233
-6.041001
-6.225781
-6.374522
-6.401265
-6.566358
-6.598482
-6.853236
-6.999119
-7.170992
-7.212474
-7.434159
-7.584407
-7.656615
-7.812834
-7.875854
-8.067845
-8.275269
-8.471141
-8.519225
-8.549857
-8.783132
-8.992074
-9.163210
-9.391418
-9.252975
-9.390261
-9.768125
-10.116739
-10.255447
-10.472813
-10.555531
-10.406567
-10.415948
-10.812964
-10.999748
-10.981878
-11.206100
-11.134011
-11.162096
-11.130586
-11.384022
-11.810281
-11.917931
-11.942173
-11.913321
-12.023489
-12.132756
-12.139642
-12.308587
-12.321747
-12.503552
-12.511274
-12.569275
-12.709529
-12.989599
-12.796160
-12.770858
-12.955673
-13.147296
-13.214260
-13.357662
-13.635360
-13.756614
-13.737038
-13.665659
-13.829539
-13.965778
-14.170300
-14.267969
-14.453840
-14.703676
-14.733583
-14.890582
-14.929557
-15.150280
-15.107343
-15.361156
-15.469915
-15.726977
-15.854383
-16.032103
-16.152857
-16.298706
-16.453291
-16.688942
-16.850533
-17.077467
-17.215357
-17.537201
-17.573376
-17.717262
-17.825415
-17.866735
-18.030264
-18.225227
-18.539581
-18.657999
-18.733118
-18.902138
-19.176918
-19.212881
-19.406462
-19.633234
-19.781885
-19.906382
-20.132471
-20.347473
-20.520077
-20.634874
-20.849487
-21.047268
-21.192905
-21.352541
-21.446953
-21.584360
-21.873501
-22.100979
-22.273714
-22.229591
-22.437395
-22.737865
-23.065636
-23.291555
-23.469416
-23.524282
-23.868914
-24.093466
-24.272112
-24.473114
-24.675714
-24.952744
-25.050549
-25.303722
-25.540562
-25.769777
-25.709547
-25.928688
-26.244137
-26.506355
-26.671291
-26.812159
-27.088331
-27.306366
-27.484133
-27.661058
-27.949202
-28.070885
-28.271374
-28.418634
-28.686348
-28.922279
-28.964979
-29.051630
-29.314709
-29.414824
-29.614456
-29.732855
-29.892611
-30.080097
-30.271641
-30.382111
-30.536983
-30.736101
-30.845078
-30.938602
-31.195122
-31.318232
-31.420113
-31.545321
-31.754313
-31.824619
-31.947842
-32.146629
-32.214188
-32.322018
-32.443508
-32.506226
-32.655342
-32.826393
-32.881367
-32.999043
-33.124195
-33.173515
-33.323891
-33.400093
-33.596455
-33.635906
-33.680347
-33.841900
-33.951950
-33.989723
-34.043278
-34.171970
-34.252445
-34.327579
-34.397606
-34.469795
-34.538517
-34.582664
-34.728539
-34.783108
-34.807785
-34.821991
-34.948898
-35.028439
-35.058361
-35.229004
-35.336109
-35.403305
-35.374947
-35.562885
-35.700245
-35.794300
-35.866650
-35.890755
-36.071667
-36.138096
-36.329971
-36.327744
-36.429066
-36.621246
-36.701080
-36.751598
-36.917610
-37.182377
-37.276051
-37.277527
-37.471577
-37.796371
-37.861465
-37.919559
-38.137089
-38.293308
-38.468189
-38.667416
-38.803978
-38.925259
-39.036434
-39.196888
-39.389210
-39.645412
-39.829231
-39.972027
-40.129730
-40.292938
-40.534824
-40.705200
-40.873390
-40.993328
-41.203453
-41.426865
-41.553230
-41.735367
-41.834049
-42.100201
-42.179737
-42.325340
-42.481628
-42.767258
-42.898689
-42.789997
-43.066391
-43.247738
-43.298355
-43.348381
-43.643253
-43.840275
-43.774525
-44.009201
-44.115936
-44.322445
-44.489670
-44.452946
-44.734310
-44.842350
-45.072273
-45.151524
-45.329449
-45.505268
-45.580925
-45.832573
-45.937984
-46.165779
-46.194229
-46.408569
-46.555767
-46.553814
-46.829044
-46.847630
-46.960178
-47.141064
-47.290218
-47.372448
-47.448055
-47.720993
-47.732899
-47.904972
-48.012623
-48.165535
-48.245041
-48.333645
-48.490856
-48.519062
-48.651714
-48.759743
-48.879650
-48.889614
-48.905090
-48.983002
-49.032097
-49.028728
-49.120491
-49.113079
-49.168297
-49.229546
-49.241848
-49.193043
-49.253719
-49.301304
-49.308697
-49.377205
-49.425179
-49.557800
-49.499718
-49.692455
-49.698147
-49.742596
-49.702671
-49.872387
-49.915878
-49.963676
-50.035084
-50.086636
-50.225548
-50.203175
-50.311073
-50.412560
-50.499950
-50.540836
-50.646656
-50.827751
-50.811581
-50.851532
-50.817848
-50.873051
-50.922874
-50.941734
-50.919086
-50.879654
-50.939861
-50.909229
-50.925831
-50.944794
-51.028393
-51.019985
-50.980213
-51.053623
-51.206726
-51.290470
-51.320072
-51.315521
-51.380104
-51.526222
-51.658241
-51.547367
-51.658203
-51.722805
-51.899273
-51.813766
-51.919930
-51.957470
-51.992214
-52.046185
-52.019745
-52.241917
-52.326649
-52.387920
-52.416328
-52.472595
-52.564781
-52.692257
-52.632557
-52.852253
-52.907448
-52.901951
-52.970261
-53.045307
-53.282551
-53.257050
-53.308903
-53.358639
-53.568989
-53.544720
-53.510632
-53.721245
-53.697014
-53.706318
-53.658802
-53.980881
-54.019180
-54.055515
-54.124268
-54.193558
-54.239559
-54.326500
-54.452518
-54.393620
-54.420284
-54.437847
-54.661098
-54.682568
-54.610996
-54.650684
-54.618717
-54.874893
-54.976608
-54.873394
-54.850464
-55.164577
-55.134918
-55.019329
-55.172527
-55.164970
-55.139027
-55.197491
-55.407356
-55.248161
-55.250809
-55.226208
-55.311703
-55.306389
-55.447762
-55.365334
-55.399902
-55.404945
-55.452904
-55.429432
-55.482044
-55.711411
-55.459358
-55.559296
-55.678089
-55.770500
-55.558041
-55.692913
-55.835346
-55.646442
-55.594398
-55.786255
-55.765179
-55.587330
-55.816269
-55.735867
-55.599957
-55.631687
-55.819500
-55.785038
-55.599770
-55.816280
-55.828934
-55.752937
-55.842098
-55.872826
-56.016785
-56.003212
-56.005424
-55.903969
-56.055191
-56.012672
-56.059265
-56.127888
-56.143394
-56.105297
-56.096603
-56.173771
-56.214672
-56.215561
-56.248623
-56.304615
-56.352276
-56.394920
-56.429401
-56.553226
-56.521767
-56.543343
-56.598911
-56.658775
-56.632889
-56.772701
-56.856178
-56.747601
-56.795280
-56.814133
-56.913250
-56.925098
-56.964226
-56.919991
-57.013275
-57.177368
-57.150848
-57.118122
-57.193363
-57.263622
-57.184780
-57.304966
-57.381729
-57.409500
-57.327438
-57.458488
-57.498562
-57.493298
-57.538136
-57.542004
-57.568001
-57.555130
-57.635708
-57.720135
-57.587917
-57.703793
-57.740986
-57.714050
-57.701855
-57.716011
-57.717274
-57.827286
-57.895031
-57.663944
-57.884159
-57.865829
-57.829609
-57.800091
-57.890568
-57.877712
-57.869740
-57.946465
-57.905983
-57.876053
-57.900352
-57.911572
-57.989727
-57.884071
-57.979259
-57.999523
-58.069019
-57.975452
-57.875187
-58.057777
-58.009315
-58.009369
-57.976505
-58.075062
-57.853069
-58.032475
-58.094189
-57.984665
-57.862789
-58.059948
-58.072166
-57.867168
-57.929752
-58.068474
-58.087696
-57.916061
-57.964191
-58.051064
-58.010292
-57.958607
-57.928177
-58.059864
-57.937016
-57.904408
-57.907635
-57.944317
-57.902603
-57.782429
-57.745823
-57.842407
-57.798492
-57.667912
-57.668930
-57.709522
-57.624863
-57.506306
-57.574848
-57.536442
-57.463673
-57.343311
-57.444492
-57.497921
-57.445713
-57.406239
-57.396069
-57.606766
-57.548717
-57.500538
-57.590412
-57.678291
-57.662140
-57.659225
-57.752850
-57.730038
-57.750515
-57.651665
-57.784721
-57.834965
-57.704384
-57.690674
-57.688065
-57.922943
-57.837971
-57.645954
-57.810181
-57.875961
-57.878738
-57.654709
-57.825317
-57.844318
-57.802029
-57.859138
-57.961361
-57.864380
-57.936089
-57.888004
-57.999622
-57.978626
-58.050007
-58.059177
-58.188713
-58.159161
-58.313972
-58.342407
-58.395546
-58.423908
-58.513908
-58.612022
-58.607273
-58.787712
-58.825684
-58.872341
-58.873692
-58.905411
-59.088249
-59.093430
-59.260551
-59.237789
-59.328838
-59.422153
-59.529461
-59.644222
-59.720791
-59.736500
-59.781372
-59.893814
-60.059135
-60.041004
-60.107918
-60.087997
-60.317322
-60.226635
-60.283581
-60.356987
-60.382721
-60.459278
-60.453403
-60.587765
-60.631824
-60.661777
-60.727730
-60.719887
-60.865635
-60.838943
-60.933216
-60.931736
-60.908070
-61.030701
-61.073895
-60.891319
-61.016869
-61.102596
-61.054333
-61.075718
-61.191246
-61.210670
-61.123402
-61.108547
-61.240158
-61.197922
-61.125206
-61.254452
-61.283859
-61.200615
-61.228863
-61.222092
-61.169476
-61.182903
-61.151646
-61.157734
-61.131886
-61.116737
-61.287888
-61.137470
-61.149734
-61.024776
-61.216080
-61.060593
-60.997589
-61.101074
-61.105377
-60.986603
-60.976990
-60.957180
-60.855583
-60.923466
-60.914970
-60.903961
-60.937515
-60.911488
-60.881916
-60.886047
-60.888504
-60.869946
-60.928368
-61.055737
-60.929375
-60.823833
-60.720253
-60.932869
-60.766640
-60.658257
-60.633652
-60.660458
-60.682495
-60.461441
-60.491043
-60.626427
-60.508770
-60.459259
-60.526459
-60.655411
-60.546677
-60.478249
-60.530109
-60.585224
-60.585552
-60.368576
-60.439819
-60.411057
-60.421112
-60.277565
-60.273830
-60.379955
-60.168705
-60.150425
-60.199543
-60.232124
-60.125336
-59.974934
-60.138954
-60.074360
-60.053719
-59.948643
-59.953087
-59.908440
-59.827961
-59.912331
-59.848827
-59.740749
-59.647511
-59.599567
-59.776649
-59.638748
-59.595135
-59.527428
-59.590309
-59.481525
-59.501789
-59.622772
-59.498417
-59.479321
-59.431004
-59.480087
-59.515495
-59.376316
-59.352531
-59.356548
-59.427338
-59.344131
-59.293011
-59.336395
-59.430443
-59.318096
-59.320557
-59.256172
-59.315044
-59.382896
-59.255253
-59.340328
-59.377941
-59.252281
-59.277275
-59.133656
-59.249931
-59.117905
-59.066128
-59.029247
-58.953701
-59.021420
-58.965515
-58.981022
-58.934536
-58.910683
-58.852882
-58.905140
-58.880184
-58.854012
-58.997433
-58.959560
-58.815884
-58.785206
-58.866150
-58.758247
-58.716156
-58.760551
-58.835087
-58.720501
-58.672344
-58.631626
-58.795994
-58.675686
-58.641289
-58.686802
-58.840755
-58.765991
-58.690468
-58.763493
-58.717587
-58.778240
-58.685406
-58.618088
-58.726208
-58.756565
-58.819340
-58.709145
-58.806465
-58.821404
-58.847477
-58.647663
-58.768600
-58.955627
-58.951534
-58.956173
-58.898529
-58.987602
-59.019112
-59.017090
-58.991947
-59.026318
-59.148956
-59.077259
-59.072845
-59.254086
-59.272575
-59.313065
-59.199631
-59.404713
-59.367485
-59.313606
-59.307003
-59.348701
-59.413078
-59.380005
-59.377724
-59.380341
-59.469349
-59.352173
-59.233776
-59.390030
-59.473667
-59.348114
-59.269661
-59.447460
-59.382416
-59.380413
-59.315693
-59.396370
-59.316875
-59.258492
-59.321301
-59.260456
-59.398026
-59.078144
-59.194355
-59.218418
-59.181622
-58.988743
-59.059223
-59.102627
-59.032089
-58.969788
-58.924805
-58.993366
-58.928249
-58.797714
-58.749584
-58.826080
-58.817284
-58.602722
-58.585701
-58.627495
-58.676086
-58.502769
-58.559944
-58.454330
-58.360863
-58.298054
-58.414368
-58.313702
-58.230942
-58.204407
-58.167675
-58.164436
-58.136166
-58.009750
-57.991554
-57.976719
-58.011181
-57.781532
-57.809891
-57.866173
-57.697533
-57.607216
-57.553276
-57.513256
-57.636116
-57.471416
-57.409367
-57.327290
-57.432301
-57.304863
-57.167950
-57.282005
-57.162117
-57.131847
-57.038933
-57.108097
-57.033852
-56.914211
-57.014637
-56.848473
-56.922974
-56.811413
-56.751198
-56.722660
-56.832836
-56.847801
-56.496941
-56.670887
-56.610722
-56.657810
-56.511776
-56.546589
-56.631371
-56.398960
-56.491470
-56.359356
-56.403694
-56.343880
-56.335224
-56.304115
-56.277203
-56.278233
-56.157116
-56.234512
-56.108238
-56.217075
-56.055027
-56.184025
-55.911179
-56.011578
-56.128986
-55.834915
-55.822227
-55.935959
-55.965912
-55.766079
-55.741890
-55.872532
-55.763977
-55.844704
-55.708755
-55.628548
-55.684425
-55.742153
-55.713188
-55.680481
-55.697502
-55.698509
-55.676975
-55.720154
-55.747398
-55.619411
-55.719025
-55.861488
-55.751499
-55.681267
-55.783459
-55.810253
-55.699810
-55.773876
-55.859161
-55.798679
-55.705429
-55.862309
-55.771347
-55.896160
-55.872265
-55.853806
-55.767056
-55.732063
-55.886547
-55.816525
-55.872681
-55.834053
-55.706890
-55.866714
-55.941582
-55.832970
-55.881001
-55.850719
-55.940609
-55.878555
-55.983578
-55.979317
-56.111355
-55.916626
-55.821110
-56.031200
-56.043785
-55.915970
-55.857780
-55.938049
-55.968182
-55.873600
-55.733829
-55.780396
-55.845997
-55.791084
-55.709846
-55.774208
-55.868988
-55.625038
-55.690445
-55.808388
-55.725258
-55.571606
-55.503914
-55.527481
-55.545094
-55.472435
-55.415756
-55.319603
-55.367725
-55.249325
-55.162483
-55.153160
-55.178455
-55.111153
-54.991596
-55.132408
-54.924133
-55.031425
-54.805290
-54.706810
-54.687515
-54.742203
-54.478664
-54.423119
-54.487999
-54.398716
-54.171844
-54.106152
-54.126926
-53.991108
-53.885101
-53.963646
-53.883354
-53.746265
-53.648895
-53.674149
-53.588154
-53.478931
-53.385693
-53.323959
-53.334225
-53.265396
-53.215374
-53.096497
-53.070480
-52.946049
-52.829140
-52.867470
-52.779766
-52.831451
-52.591766
-52.467155
-52.495289
-52.478661
-52.341835
-52.163727
-52.234562
-52.233025
-52.050068
-52.050472
-52.022503
-51.897572
-51.716331
-51.807484
-51.720490
-51.662285
-51.643654
-51.545250
-51.565327
-51.414253
-51.293247
-51.258877
-51.365711
-51.191303
-51.255688
-51.232635
-51.149326
-51.069664
-51.116741
-51.168961
-51.042728
-50.993965
-50.983376
-51.048237
-51.002277
-50.992443
-50.964043
-50.768967
-50.954170
-51.010616
-50.799782
-50.791458
-50.925186
-50.932125
-50.835724
-50.824615
-50.810425
-50.868660
-50.886379
-50.872631
-50.866982
-50.853535
-50.894020
-50.794300
-50.818905
-50.903255
-50.870403
-50.879982
-50.883408
-50.871082
-50.854721
-50.856201
-50.894882
-50.847374
-50.805470
-50.913464
-50.884949
-50.855770
-50.963089
-50.817348
-50.751858
-50.893333
-50.903046
-50.748169
-50.837132
-50.844894
-50.712196
-50.792458
-50.867889
-50.707504
-50.673546
-50.878780
-50.772163
-50.677334
-50.723507
-50.723064
-50.643063
-50.599987
-50.679234
-50.519207
-50.503143
-50.613144
-50.637367
-50.234047
-50.297932
-50.374741
-50.434227
-50.258739
-50.141277
-50.317013
-50.058376
-50.100574
-49.994377
-50.169571
-49.796368
-49.948227
-49.846153
-49.852432
-49.852547
-49.759491
-49.588757
-49.523270
-49.631771
-49.650444
-49.459679
-49.358582
-49.290741
-49.328964
-49.225368
-49.264767
-49.142643
-48.959972
-48.987541
-48.983208
-48.982700
-48.761917
-48.763794
-48.713020
-48.651142
-48.521564
-48.505188
-48.564182
-48.386944
-48.347546
-48.259056
-48.298370
-48.165527
-48.018173
-47.987358
-47.997204
-47.921688
-47.886818
-47.871269
-47.687378
-47.487423
-47.702389
-47.653778
-47.432693
-47.332340
-47.372181
-47.373955
-47.150517
-47.175655
-47.252254
-47.069695
-47.087200
-47.055489
-46.925056
-46.747658
-46.934883
-46.873569
-46.650993
-46.578152
-46.797943
-46.665894
-46.404736
-46.597431
-46.558224
-46.427780
-46.252995
-46.367538
-46.447044
-46.285030
-46.230579
-46.069424
-46.078976
-46.022297
-45.978889
-45.829727
-45.769772
-45.848629
-45.653603
-45.588730
-45.515678
-45.568439
-45.356789
-45.223450
-45.366196
-45.236687
-44.990196
-44.828957
-44.963326
-44.966869
-44.671909
-44.619270
-44.513149
-44.525253
-44.245644
-44.219006
-44.080677
-44.012592
-43.871407
-43.782684
-43.778145
-43.619499
-43.426353
-43.334328
-43.140018
-43.164433
-43.048992
-42.809826
-42.800217
-42.649761
-42.558613
-42.265823
-42.207531
-42.125557
-41.824162
-41.848991
-41.687481
-41.622868
-41.459682
-41.229584
-41.243839
-41.094238
-41.138756
-40.978344
-40.856987
-40.827591
-40.551502
-40.446503
-40.250259
-40.350647
-40.344742
-39.928261
-39.985706
-39.958084
-39.921440
-39.751892
-39.635864
-39.832306
-39.963623
-39.659660
-39.509506
-39.595867
-39.668526
-39.618389
-39.526752
-39.692333
-39.773743
-39.703407
-39.518875
-39.527546
-39.556000
-39.664249
-39.472778
-39.355286
-39.538857
-39.648602
-39.658108
-39.460945
-39.604275
-39.542400
-39.653587
-39.533886
-39.726692
-39.841621
-39.933651
-39.793304
-39.963272
-40.142620
-40.014374
-39.789452
-39.931664
-40.143471
-40.061272
-40.010525
-40.185844
-40.143124
-39.951782
-40.210224
-40.254974
-40.393627
-40.277241
-40.200195
-40.297771
-40.545025
-40.684620
-40.314945
-40.415398
-40.592354
-40.661480
-40.607735
-40.523491
-40.883030
-40.817440
-40.879108
-40.638153
-40.925186
-40.925529
-40.857044
-40.788021
-40.896526
-41.001736
-40.783455
-41.088436
-40.850212
-40.977940
-40.967121
-40.894234
-40.940899
-41.061775
-40.976955
-40.901516
-40.953320
-41.078941
-40.896481
-41.105000
-41.063976
-40.971519
-40.984840
-40.962891
-40.957115
-41.207668
-41.199085
-40.956802
-40.935753
-41.004574
-40.929874
-40.959126
-40.949181
-40.962532
-40.716545
-40.738731
-40.745373
-40.898102
-40.899132
-40.700264
-40.748516
-40.827221
-40.863213
-40.863556
-40.998974
-41.087246
-40.863735
-41.025955
-40.946022
-40.898594
-40.761040
-40.980232
-40.942581
-40.885986
-40.930840
-40.914284
-40.981876
-41.033909
-41.104469
-40.916161
-41.182808
-41.073112
-41.015007
-41.229618
-41.181923
-40.944355
-41.067062
-41.307713
-41.060551
-40.850647
-41.109531
-40.970753
-41.020721
-41.146339
-41.091606
-40.924591
-41.037720
-41.019409
-41.062428
-41.119511
-41.037067
-40.937359
-40.993694
-41.201290
-41.282246
-40.871792
-40.939068
-41.077114
-41.285210
-40.935997
-41.044945
-41.035259
-41.193024
-41.093998
-40.997181
-41.226070
-41.107147
-41.053589
-41.042492
-41.220154
-41.040676
-41.140381
-41.060616
-41.138752
-41.180531
-41.215317
-41.078140
-41.075161
-41.015385
-41.243671
-41.182201
-41.087315
-41.189732
-41.315125
-41.078312
-41.089764
-41.219341
-41.205143
-41.129410
-41.075844
-41.236732
-41.266556
-41.079403
-41.032200
-41.121151
-41.106621
-41.150337
-40.969795
-40.926353
-41.113930
-41.150181
-41.000858
-40.943745
-40.917488
-41.047504
-40.905388
-41.051888
-40.955883
-41.034050
-40.888504
-40.916634
-40.980610
-40.937546
-40.874607
-40.868141
-40.837551
-40.911613
-40.886879
-40.837940
-40.766384
-40.909035
-40.838985
-40.931797
-40.808941
-40.810509
-40.911308
-40.971165
-40.794941
-40.871243
-40.961769
-40.973667
-40.975227
-40.947990
-40.970451
-40.962883
-40.903080
-40.960896
-40.955292
-41.023148
-41.040314
-40.949173
-40.962387
-40.962208
-41.063950
-41.168560
-40.905346
-41.097569
-41.149628
-41.106693
-40.984478
-41.077301
-41.166710
-41.162861
-40.997730
-41.053719
-41.146309
-41.221569
-41.141651
-41.215172
-41.070251
-40.957165
-41.167107
-41.274788
-41.144211
-41.234188
-41.121170
-41.242287
-41.149593
-41.163898
-41.112976
-41.113098
-41.224682
-41.227436
-41.108395
-41.059185
-41.107784
-41.080032
-41.001465
-41.193291
-41.050419
-41.218048
-41.102951
-40.940777
-41.095142
-41.062531
-41.070190
-41.152580
-41.007580
-40.999557
-41.009010
-41.129112
-41.055611
-40.926456
-40.949265
-40.768234
-40.988110
-40.949505
-41.017399
-40.897396
-40.899796
-40.920269
-40.915939
-40.794086
-40.810696
-40.825390
-40.882130
-40.719250
-40.762936
-40.819275
-40.820759
-40.534283
-40.569565
-40.610012
-40.610138
-40.607590
-40.533157
-40.562035
-40.520512
-40.597721
-40.505341
-40.379910
-40.589157
-40.433182
-40.410217
-40.486916
-40.591381
-40.336834
-40.201694
-40.396400
-40.348843
-40.343681
-40.170940
-40.333801
-40.379341
-40.226006
-40.195518
-40.246387
-40.301594
-40.162651
-40.084442
-40.187401
-40.190590
-40.206509
-39.993824
-40.138508
-40.160046
-39.863762
-40.027462
-39.952122
-40.139622
-40.052006
-39.842583
-40.014908
-39.939274
-40.103466
-39.871006
-39.912407
-39.798801
-39.943890
-40.026470
-39.674873
-39.864204
-39.729095
-39.845501
-39.743484
-39.748096
-39.912189
-39.563755
-39.772331
-39.698025
-39.768032
-39.658344
-39.513020
-39.698307
-39.556812
-39.778511
-39.579681
-39.478024
-39.559299
-39.742306
-39.510174
-39.537907
-39.645683
-39.618752
-39.394855
-39.621017
-39.588123
-39.544239
-39.531742
-39.404564
-39.559166
-39.647671
-39.479942
-39.391922
-39.517910
-39.525864
-39.402817
-39.409447
-39.575363
-39.400677
-39.470837
-39.360081
-39.412289
-39.518562
-39.443008
-39.249466
-39.352634
-39.541355
-39.390598
-39.140438
-39.399097
-39.401863
-39.246170
-39.088200
-39.392727
-39.239250
-39.247284
-39.311954
-39.077824
-39.252964
-39.161121
-39.313145
-39.088142
-39.198174
-39.167908
-38.979431
-39.116405
-39.155964
-38.993847
-39.074562
-39.089684
-39.161488
-38.992161
-38.951447
-39.062851
-38.982487
-39.116318
-38.903965
-39.020050
-39.039677
-38.911335
-39.045078
-38.875885
-38.943550
-38.965733
-38.859631
-38.854286
-38.778934
-39.113846
-38.758770
-38.876347
-38.903492
-38.858086
-38.833881
-39.009197
-38.847878
-38.870121
-38.845234
-38.783619
-38.803860
-38.904079
-38.813530
-38.713604
-38.998005
-38.665890
-38.806210
-38.862751
-38.901539
-38.829971
-38.790901
-38.928310
-38.801224
-38.936882
-38.939991
-38.690918
-38.786346
-38.845860
-39.029121
-38.695908
-38.846310
-38.902828
-38.894794
-38.985432
-38.853340
-38.748142
-38.890453
-38.859886
-38.965656
-38.876461
-39.040188
-38.781166
-38.815090
-38.966595
-38.763786
-38.917980
-38.971912
-38.850384
-38.888306
-38.853962
-39.036140
-38.868176
-38.871490
-38.756096
-38.860607
-39.016399
-38.826855
-38.929184
-38.850605
-38.896061
-38.868065
-38.724129
-38.873714
-38.948654
-38.908852
-38.702461
-38.803673
-38.903038
-38.854321
-38.775261
-38.897030
-38.812809
-38.764198
-38.663906
-38.908497
-38.796867
-38.779930
-38.764771
-38.749897
-38.918228
-38.700371
-38.745644
-38.585823
-38.951054
-38.827114
-38.640701
-38.720676
-38.683979
-38.876236
-38.642593
-38.782440
-38.783932
-38.524433
-38.757881
-38.662830
-38.881603
-38.623272
-38.702377
-38.732960
-38.660183
-38.833172
-38.559856
-38.757408
-38.684162
-38.639866
-38.762512
-38.783154
-38.494339
-38.591049
-38.745342
-38.709423
-38.539993
-38.708168
-38.729988
-38.654850
-38.656956
-38.592381
-38.731472
-38.590343
-38.569256
-38.600269
-38.681561
-38.661655
-38.568462
-38.622696
-38.463150
-38.623848
-38.548260
-38.630844
-38.646980
-38.503033
-38.561878
-38.506195
-38.622189
-38.588848
-38.512470
-38.637917
-38.351196
-38.585770
-38.502579
-38.405174
-38.467529
-38.595325
-38.497421
-38.433826
-38.474651
-38.437000
-38.568634
-38.393421
-38.315216
-38.595757
-38.434071
-38.501850
-38.259201
-38.475212
-38.511185
-38.363987
-38.396366
-38.328979
-38.455009
-38.281639
-38.430798
-38.505806
-38.274834
-38.331169
-38.140270
-38.459461
-38.452068
-38.397957
-38.096642
-38.299881
-38.373981
-38.203915
-38.189098
-38.351479
-38.388729
-38.127663
-38.149544
-38.171913
-38.309940
-38.114254
-38.209114
-38.073162
-38.198410
-38.182072
-37.940804
-38.240093
-38.221905
-38.148911
-38.026546
-38.009277
-38.281925
-38.084160
-38.044426
-38.012783
-38.138599
-38.074974
-37.911118
-37.893581
-38.086853
-38.107662
-37.937149
-37.851292
-38.160931
-37.851551
-37.886250
-37.938770
-38.214092
-37.965248
-37.793972
-38.042469
-37.977585
-37.961884
-37.938618
-37.931946
-38.001671
-37.937176
-38.053230
-37.885155
-37.915123
-38.114452
-37.894642
-38.149353
-37.870190
-37.860172
-38.022404
-38.001541
-38.046566
-37.773499
-37.893265
-38.013916
-37.822716
-37.993790
-37.823032
-38.188339
-37.631123
-37.764751
-37.850403
-37.891258
-37.789852
-37.778126
-37.941578
-37.603401
-37.702290
-37.735752
-37.768730
-37.960442
-37.685818
-37.738155
-37.724342
-37.663013
-37.806808
-37.667316
-37.614002
-37.785625
-37.553936
-37.687546
-37.640560
-37.585392
-37.666054
-37.524273
-37.669750
-37.624252
-37.504051
-37.546463
-37.448963
-37.590443
-37.537262
-37.699036
-37.309185
-37.364483
-37.532921
-37.400661
-37.515778
-37.410801
-37.407818
-37.454147
-37.328568
-37.434551
-37.366486
-37.513523
-37.347160
-37.323807
-37.470062
-37.313576
-37.381546
-37.181664
-37.471977
-37.233326
-37.211967
-37.354382
-37.409054
-37.306503
-37.206837
-37.217804
-37.197662
-37.237026
-37.153160
-37.271255
-37.141922
-37.210857
-37.100277
-37.171581
-37.156811
-36.926182
-37.192127
-36.979591
-37.104980
-37.055103
-37.052467
-37.024368
-36.953457
-37.066036
-36.806744
-37.023357
-36.829937
-36.911030
-36.923630
-36.979420
-36.781754
-36.891621
-36.807892
-36.732304
-36.675125
-36.940758
-36.723911
-36.783367
-36.588139
-36.728634
-36.743458
-36.642399
-36.676975
-36.619881
-36.710743
-36.521664
-36.528584
-36.838871
-36.436131
-36.588703
-36.612312
-36.429924
-36.660446
-36.632076
-36.629658
-36.358421
-36.714359
-36.604897
-36.513439
-36.650135
-36.547489
-36.679359
-36.519829
-36.555553
-36.640167
-36.492382
-36.620354
-36.569500
-36.687103
-36.457741
-36.514317
-36.689621
-36.598167
-36.563213
-36.606617
-36.572208
-36.657993
-36.491211
-36.712433
-36.718948
-36.662994
-36.587944
-36.456245
-36.852955
-36.574177
-36.668671
-36.642159
-36.647968
-36.742554
-36.594997
-36.576038
-36.577160
-36.769314
-36.737774
-36.521698
-36.492249
-36.656181
-36.588112
-36.470810
-36.596653
-36.620697
-36.390041
-36.481033
-36.575035
-36.523819
-36.578156
-36.361809
-36.412739
-36.450386
-36.412407
-36.502144
-36.364315
-36.393764
-36.282249
-36.372398
-36.337296
-36.228951
-36.477558
-36.186817
-36.203178
-36.025352
-36.318348
-36.223667
-36.124386
-36.221561
-36.040775
-36.149616
-36.057888
-35.997414
-36.160229
-36.092205
-36.050117
-36.013973
-35.978771
-36.165020
-35.834866
-35.928226
-36.032097
-36.069515
-35.893810
-35.889477
-36.066170
-35.809570
-35.979431
-35.899647
-35.841141
-36.017658
-35.835030
-35.983875
-35.822075
-35.892349
-35.954956
-35.786865
-35.897495
-35.795147
-35.955162
-35.743336
-35.882381
-35.936302
-35.822948
-35.810223
-35.831074
-36.032616
-35.737244
-35.753540
-35.861164
-35.895523
-35.902863
-35.666748
-35.807270
-35.968918
-35.783298
-35.677013
-35.703213
-35.992001
-35.863499
-35.763206
-35.838848
-35.758072
-35.851974
-35.859131
-35.849419
-35.811985
-35.656086
-35.933750
-35.758263
-35.787575
