Az       (ft/s^2)
-31.160063
-31.153708
-31.010633
-31.244186
-31.174719
-31.206860
-31.097851
-31.332605
-31.401989
-31.243992
-31.219971
-31.213308
-31.172995
-31.336733
-31.262440
-31.442814
-31.316154
-31.299780
-31.215664
-31.328396
-31.348217
-31.343962
-31.274525
-31.270391
-31.334175
-31.331459
-31.181704
-31.373383
-31.279531
-31.307123
-31.364269
-31.362038
-31.178770
-31.338289
-31.425285
-31.445826
-31.308683
-31.350689
-31.383375
-31.427818
-31.456955
-31.354141
-31.325886
-31.402185
-31.332258
-31.230099
-31.383770
-31.344120
-31.303650
-31.209536
-31.167439
-31.171764
-31.324564
-31.266693
-31.351906
-31.282375
-31.381239
-31.452646
-31.493025
-31.336447
-31.419308
-31.487539
-31.503763
-31.424078
-31.441391
-31.384720
-31.387592
-31.294277
-31.233082
-31.320061
-31.375853
-31.348166
-31.347954
-31.222971
-31.302608
-31.496731
-31.328882
-31.240980
-31.463739
-31.586519
-31.314100
-31.379066
-31.399254
-31.203653
-31.205854
-31.341324
-31.336355
-31.176491
-31.237015
-31.173923
-31.238316
-31.271929
-31.083132
-31.132736
-31.244774
-31.307606
-31.219397
-31.178881
-31.246323
-31.182243
-31.044561
-31.156643
-31.074121
-31.214417
-31.150099
-31.053696
-31.087564
-31.159533
-31.038324
-30.980062
-31.186983
-30.992655
-31.122860
-31.104284
-31.226917
-31.040850
-31.026495
-31.101814
-31.025782
-31.193951
-31.021269
-31.000748
-31.079144
-31.078560
-31.037193
-30.930046
-31.011759
-30.973650
-31.114187
-30.976431
-30.998980
-31.071995
-30.956768
-31.080833
-30.920105
-31.024456
-31.158112
-30.979790
-30.854519
-30.914476
-31.060591
-30.854387
-30.834543
-30.937349
-30.933191
-30.881426
-30.966579
-30.772337
-30.776764
-30.808495
-30.911283
-30.855108
-30.758942
-30.738527
-30.808840
-30.868250
-30.732040
-30.629517
-30.618803
-30.626345
-30.708422
-30.719997
-30.729134
-30.490463
-30.474987
-30.556038
-30.583342
-30.497488
-30.460138
-30.538757
-30.594709
-30.566332
-30.546572
-30.509304
-30.443718
-30.381353
-30.583323
-30.512999
-30.432827
-30.504883
-30.489721
-30.445700
-30.447891
-30.449471
-30.534142
-30.484755
-30.415194
-30.322405
-30.547113
-30.532980
-30.294676
-30.249275
-30.520264
-30.483887
-30.395447
-30.407970
-30.329603
-30.403128
-30.439770
-30.298048
-30.407135
-30.312803
-30.541897
-30.500662
-30.343151
-30.354626
-30.444916
-30.379978
-30.275156
-30.470942
-30.480713
-30.412796
-30.378489
-30.358257
-30.393608
-30.278168
-30.219919
-30.292152
-30.456320
-30.250933
-30.224096
-30.393587
-30.317156
-30.246521
-30.326971
-30.269924
-30.249058
-30.280363
-30.387506
-30.312870
-30.245823
-30.234579
-30.294653
-30.233709
-30.280048
-30.336567
-30.168640
-30.195551
-30.351374
-30.309381
-30.324423
-30.182348
-30.337986
-30.314812
-30.381010
-30.250427
-30.392162
-30.382481
-30.444832
-30.375465
-30.364637
-30.454622
-30.460608
-30.411699
-30.426363
-30.515200
-30.445381
-30.247244
-30.338076
-30.434561
-30.380394
-30.292717
-30.241894
-30.361565
-30.308283
-30.209450
-30.164238
-30.262196
-30.340799
-30.181496
-30.257219
-30.260923
-30.221075
-30.219641
-30.251163
-30.185219
-30.187202
-30.111456
-30.228861
-30.175684
-30.096249
-30.086483
-30.088980
-30.004206
-30.173548
-30.102852
-30.038210
-30.084032
-30.158159
-30.153032
-30.096476
-30.068727
-30.043901
-30.072273
-30.177248
-30.128305
-30.119911
-30.065111
-30.192526
-30.154615
-30.270031
-30.063370
-30.230232
-30.185965
-30.372704
-30.373207
-30.284632
-30.409718
-30.408796
-30.284935
-30.481739
-30.418272
-30.515543
-30.493553
-30.497278
-30.574083
-30.602131
-30.512194
-30.518332
-30.565744
-30.577724
-30.490299
-30.784229
-30.618502
-30.583368
-30.636261
-30.646067
-30.693550
-30.523521
-30.716423
-30.683250
-30.783310
-30.562477
-30.628212
-30.846889
-30.629814
-30.598515
-30.649889
-30.807228
-30.718908
-30.745646
-30.684906
-30.703827
-30.810480
-30.584763
-30.836433
-30.731482
-30.747797
-30.752157
-30.725304
-30.685894
-30.689596
-30.798235
-30.616341
-30.770140
-30.702051
-30.716038
-30.756088
-30.606915
-30.779640
-30.564186
-30.756561
-30.632313
-30.715424
-30.545702
-30.712248
-30.613802
-30.541615
-30.699650
-30.543058
-30.582634
-30.634672
-30.592484
-30.575531
-30.518002
-30.493645
-30.516998
-30.493664
-30.593298
-30.422565
-30.595615
-30.341475
-30.569122
-30.455917
-30.421316
-30.370039
-30.439825
-30.392784
-30.418148
-30.411970
-30.412575
-30.425444
-30.382219
-30.260284
-30.370558
-30.272289
-30.404154
-30.331999
-30.264320
-30.342943
-30.184547
-30.276621
-30.375103
-30.265587
-30.181190
-30.265532
-30.339998
-30.320017
-30.240747
-30.194763
-30.262226
-30.250118
-30.355497
-30.209412
-30.195292
-30.103411
-30.345457
-30.224970
-30.197886
-30.156942
-30.224766
-30.209467
-30.251602
-30.287394
-30.226028
-30.272610
-30.110449
-30.255484
-30.197592
-30.287374
-30.185081
-30.226753
-30.140064
-30.116318
-30.152060
-30.213676
-30.338356
-30.034632
-30.093687
-30.228577
-30.199270
-30.246971
-30.176311
-30.184179
-30.121990
-30.058844
-30.303522
-30.250238
-30.217592
-30.032930
-30.091408
-30.174515
-30.310629
-30.053326
-30.230492
-30.108873
-30.106750
-30.245962
-30.226242
-30.155422
-30.234743
-30.163418
-30.000275
-30.214788
-30.279911
-29.998653
-30.204359
-30.098698
-30.105898
-30.163900
-30.118607
-30.066210
-30.052572
-30.199232
-29.926077
-30.077869
-30.098387
-30.009556
-29.953503
-29.967283
-30.080196
-29.940952
-30.046629
-29.904156
-30.036160
-29.883608
-29.886839
-29.796717
-30.065544
-29.829609
-29.774178
-29.846487
-29.912159
-29.864075
-29.856964
-29.713545
-29.754494
-29.855764
-29.756603
-29.825132
-29.713097
-29.735989
-29.720173
-29.721292
-29.675200
-29.706530
-29.786659
-29.650116
-29.616049
-29.687302
-29.797760
-29.673988
-29.572962
-29.713148
-29.712700
-29.744677
-29.616295
-29.692846
-29.678919
-29.703707
-29.628456
-29.629099
-29.737295
-29.590940
-29.599108
-29.608414
-29.688652
-29.725065
-29.538492
-29.680250
-29.744408
-29.658714
-29.674200
-29.643766
-29.753082
-29.714054
-29.707727
-29.718559
-29.790791
-29.766539
-29.772005
-29.728189
-29.795797
-29.747583
-29.742996
-29.934238
-29.823729
-29.884527
-29.884108
-29.893337
-29.817959
-29.844067
-30.012215
-29.914766
-29.931965
-29.810225
-30.051748
-30.076200
-29.992460
-29.937771
-30.041534
-30.056314
-30.040359
-30.133612
-30.105312
-30.016563
-30.114908
-30.152691
-30.132656
-30.223646
-30.194813
-30.036776
-30.250156
-30.319607
-30.226492
-30.171562
-30.347776
-30.206717
-30.258192
-30.313484
-30.312595
-30.451199
-30.303999
-30.205917
-30.390293
-30.475187
-30.491493
-30.280884
-30.535040
-30.384701
-30.497730
-30.408947
-30.642775
-30.506992
-30.442024
-30.513741
-30.567070
-30.552860
-30.553209
-30.699121
-30.436937
-30.603069
-30.535400
-30.608725
-30.683958
-30.582878
-30.642601
-30.525459
-30.691650
-30.764708
-30.612854
-30.646582
-30.657513
-30.788954
-30.651735
-30.786890
-30.760332
-30.683582
-30.703930
-30.792974
-30.832890
-30.888512
-30.671770
-30.714254
-30.861776
-30.952965
-30.794527
-30.854185
-30.920464
-31.032215
-31.014862
-30.810043
-30.967728
-31.163992
-31.220158
-30.880915
-31.040791
-31.138542
-31.092951
-31.151560
-31.181681
-31.219572
-31.058998
-31.206190
-31.175930
-31.271313
-31.342808
-31.125919
-31.284542
-31.262468
-31.349573
-31.347813
-31.274113
-31.351978
-31.344969
-31.461628
-31.384851
-31.592623
-31.320845
-31.436983
-31.557779
-31.626776
-31.470436
-31.504692
-31.711641
-31.561895
-31.627615
-31.667204
-31.609762
-31.613815
-31.722773
-31.792147
-31.782944
-31.836136
-31.695253
-31.777000
-31.930004
-31.793388
-31.851509
-31.926132
-31.878340
-31.794031
-32.028210
-31.947113
-32.002880
-31.961111
-31.986166
-32.069836
-32.035198
-32.128834
-32.018322
-32.085861
-32.230148
-32.131050
-32.068802
-32.072502
-32.253269
-32.278957
-32.424572
-32.095005
-32.177414
-32.303303
-32.590923
-32.516262
-32.410732
-32.351185
-32.472641
-32.497864
-32.658554
-32.494999
-32.525742
-32.432369
-32.571369
-32.498852
-32.714527
-32.552456
-32.505241
-32.667950
-32.678570
-32.568977
-32.695045
-32.699093
-32.624676
-32.688950
-32.879543
-32.824051
-32.625923
-32.775108
-32.736607
-32.843815
-32.775200
-32.827259
-32.843765
-32.838188
-32.987804
-32.780247
-32.945210
-32.964581
-32.881474
-32.890175
-32.928249
-32.941292
-32.839256
-32.899063
-32.855614
-32.980045
-33.007671
-32.848370
-32.799404
-32.911549
-32.978535
-32.878735
-33.001999
-32.985500
-32.959381
-32.978912
-32.860180
-33.043789
-33.048660
-32.840614
-32.791431
-33.118549
-33.117901
-32.798820
-32.835194
-32.946720
-32.963905
-32.996033
-32.911606
-32.906216
-33.126266
-32.868835
-32.825020
-33.033279
-33.110958
-32.804150
-32.807724
-32.865341
-33.081451
-32.902798
-32.876953
-32.876427
-32.882942
-32.954567
-32.916962
-33.095474
-33.006962
-32.970104
-32.957947
-32.914268
-33.169216
-33.011696
-32.928738
-33.013149
-33.194828
-32.993343
-33.087852
-32.901493
-33.047546
-32.957951
-32.951828
-33.023758
-33.070641
-33.016640
-32.963409
-32.944389
-33.045124
-33.104416
-33.128605
-32.932072
-33.128628
-33.066471
-33.043736
-33.045597
-32.974606
-33.101616
-32.848473
-33.060013
-32.967690
-33.130962
-32.995960
-32.823151
-32.986317
-33.029770
-32.968502
-32.869061
-32.829643
-32.950779
-32.986099
-32.877594
-32.706421
-32.882622
-32.771797
-32.817265
-32.838146
-32.805969
-32.695606
-32.894749
-32.679550
-32.716228
-32.688255
-32.792751
-32.666634
-32.720867
-32.774071
-32.748970
-32.751366
-32.574104
-32.549706
-32.837830
-32.732388
-32.600151
-32.616150
-32.803905
-32.492744
-32.618206
-32.794994
-32.719063
-32.553745
-32.559704
-32.749146
-32.748417
-32.829643
-32.387897
-32.561756
-32.770069
-32.655930
-32.629589
-32.648529
-32.664059
-32.611980
-32.491524
-32.637318
-32.666809
-32.641163
-32.473923
-32.654850
-32.694202
-32.646683
-32.526882
-32.679157
-32.553108
-32.545231
-32.668282
-32.536232
-32.671486
-32.651562
-32.561138
-32.515289
-32.649384
-32.736637
-32.687656
-32.556393
-32.674335
-32.757465
-32.593655
-32.658230
-32.690941
-32.660538
-32.715981
-32.654312
-32.744064
-32.524761
-32.803154
-32.653561
-32.828304
-32.655529
-32.855251
-32.652328
-32.797966
-32.689587
-32.728550
-32.645638
-32.814693
-32.742081
-32.655846
-32.701248
-32.680824
-32.690060
-32.709095
-32.620899
-32.575478
-32.593510
-32.647339
-32.550800
-32.538322
-32.693882
-32.483479
-32.378551
-32.526344
-32.469437
-32.327366
-32.526657
-32.260788
-32.382111
-32.454491
-32.212151
-32.259415
-32.329712
-32.351498
-32.092236
-32.203342
-32.232475
-32.165859
-32.151707
-32.133327
-31.986601
-32.050049
-32.159836
-32.082012
-31.973398
-32.126072
-31.898670
-32.091141
-32.106800
-32.228588
-31.913479
-32.095757
-32.083992
-32.049843
-32.134159
-32.122036
-32.073868
-32.054054
-32.238609
-32.172287
-32.104988
-32.021423
-32.107090
-32.058212
-32.094585
-32.050430
-32.112461
-32.046028
-32.222420
-32.078049
-32.100052
-32.184917
-32.208740
-32.011295
-32.208435
-32.230659
-32.239140
-32.192383
-32.223797
-32.062763
-32.311794
-32.289448
-32.269367
-31.999243
-32.346859
-32.307285
-32.396362
-32.308659
-32.375607
-32.263817
-32.348686
-32.573124
-32.381443
-32.427986
-32.445240
-32.364491
-32.511253
-32.507149
-32.419071
-32.228989
-32.583344
-32.405998
-32.442951
-32.494469
-32.384457
-32.432682
-32.452549
-32.534843
-32.442741
-32.539139
-32.538887
-32.320316
-32.721985
-32.683762
-32.474792
-32.440872
-32.598576
-32.338226
-32.688744
-32.509167
-32.511024
-32.478630
-32.597279
-32.442055
-32.618198
-32.570122
-32.630199
-32.437717
-32.737274
-32.570190
-32.733215
-32.594841
-32.742569
-32.706364
-32.789307
-32.700706
-32.644463
-32.887600
-32.695328
-32.782413
-32.852539
-32.807663
-32.930084
-32.865833
-33.030121
-32.753170
-32.960522
-32.935158
-33.040089
-32.880108
-33.193726
-32.901199
-32.912918
-33.014290
-33.051807
-33.025009
-32.984589
-33.095284
-33.072380
-33.051983
-33.151920
-32.943005
-33.024708
-33.003754
-33.240673
-32.925354
-33.076538
-33.109993
-33.178387
-33.067474
-33.103188
-32.921539
-33.202042
-33.173515
-33.073982
-33.038460
-33.263496
-33.163441
-33.099789
-33.012081
-33.263786
-33.141460
-33.262310
-33.257401
-33.359653
-33.480591
-33.190971
-33.416451
-33.347111
-33.525631
-33.561058
-33.448788
-33.604149
-33.726692
-33.803696
-33.620285
-33.675476
-33.871456
-34.029667
-34.053478
-33.822464
-34.113049
-34.424534
-34.408222
-34.211201
-34.485954
-34.660076
-34.624863
-34.690521
-34.893681
-35.102886
-35.002117
-35.271404
-35.129425
-35.508110
-35.560040
-35.639328
-35.811924
-35.961567
-36.282326
-36.007275
-36.547787
-36.653130
-36.536503
-36.865116
-36.788513
-37.128204
-37.249355
-37.538567
-37.460487
-37.509789
-37.815800
-38.035282
-38.192154
-38.172009
-38.282990
-38.656475
-38.664642
-38.937698
-39.175400
-39.118759
-39.378609
-39.467690
-39.847324
-39.793304
-40.065907
-40.464630
-40.356041
-40.586849
-40.699642
-41.170437
-41.101521
-41.199680
-41.257652
-41.682045
-42.047054
-41.703156
-42.144657
-42.301411
-42.467674
-42.531853
-42.765392
-42.978470
-43.077873
-42.975563
-43.126701
-43.541950
-43.985985
-43.559753
-43.671436
-44.003517
-44.226612
-44.150257
-44.274544
-44.565521
-44.447495
-44.642063
-44.631721
-44.699516
-44.949829
-44.952065
-45.104084
-45.309578
-45.253399
-45.447243
-45.416801
-45.643936
-45.751251
-45.750923
-46.100727
-46.173481
-46.260826
-46.152031
-46.423225
-46.559654
-46.553631
-46.932465
-46.742661
-47.089966
-46.973194
-47.317738
-47.270370
-47.430313
-47.729275
-47.638248
-47.663475
-47.763317
-47.871716
-48.162445
-48.198353
-48.228283
-48.163738
-48.499245
-48.746468
-48.718243
-49.044147
-49.046150
-49.310257
-49.272839
-49.392166
-49.530827
-49.635712
-49.853088
-49.892246
-50.040894
-50.104446
-50.126171
-50.427296
-50.357220
-50.690586
-50.606915
-50.512432
-50.838993
-50.970207
-51.109745
-51.012394
-51.296043
-51.598454
-51.492348
-51.678940
-51.857132
-52.099003
-51.876560
-51.999065
-52.508911
-52.620754
-52.582134
-52.512676
-52.868702
-52.997093
-52.950020
-53.230698
-53.439236
-53.371910
-53.306873
-53.609646
-53.790691
-53.700855
-53.969921
-53.883308
-54.190594
-54.185020
-54.275448
-54.306583
-54.448570
-54.666889
-54.510677
-54.733242
-54.908276
-54.959435
-54.998299
-54.957973
-55.280449
-55.330002
-55.231827
-55.366367
-55.472084
-55.858807
-55.649452
-55.656181
-55.811878
-55.975693
-55.920597
-55.851051
-56.307793
-56.227318
-56.293892
-56.248848
-56.438358
-56.554722
-56.545143
-56.712517
-56.682949
-56.815136
-56.962509
-56.856785
-56.899048
-57.076038
-57.171188
-57.130512
-57.158733
-57.458008
-57.467587
-57.384621
-57.279682
-57.680344
-57.785374
-57.573540
-57.674339
-57.840725
-57.993805
-57.894718
-57.916164
-57.851585
-58.063885
-58.247665
-58.132809
-58.287170
-58.360020
-58.264759
-58.255306
-58.515335
-58.605556
-58.435375
-58.536266
-58.785923
-58.675835
-58.687668
-58.604649
-58.865971
-58.820469
-58.804951
-58.832527
-58.976635
-58.934223
-58.831577
-58.868061
-58.920830
-58.901272
-58.843121
-58.901752
-59.131599
-58.954628
-59.031250
-58.855499
-59.042927
-58.912354
-59.084408
-59.071598
-58.937073
-58.814934
-58.958084
-58.871262
-58.804504
-58.788776
-58.759998
-58.665710
-58.727203
-58.768055
-58.566322
-58.489185
-58.502148
-58.667137
-58.605293
-58.464382
-58.477818
-58.547535
-58.507633
-58.398083
-58.368462
-58.447258
-58.536114
-58.443424
-58.455616
-58.619534
-58.473595
-58.475605
-58.315872
-58.556564
-58.571217
-58.488976
-58.582230
-58.687557
-58.631733
-58.438011
-58.567303
-58.580616
-58.643696
-58.520126
-58.547558
-58.746181
-58.662346
-58.618687
-58.560234
-58.670174
-58.677448
-58.495312
-58.742130
-58.875717
-58.906151
-58.714340
-58.786549
-59.003803
-58.969658
-58.884228
-58.807926
-59.000774
-59.056137
-59.132416
-58.954296
-59.036980
-59.039368
-59.071533
-59.113029
-59.203835
-59.243145
-59.199024
-59.128040
-59.541603
-59.319855
-59.349625
-59.057655
-59.503540
-59.493053
-59.294228
-59.476238
-59.548519
-59.588505
-59.445595
-59.807251
-59.788319
-59.624950
-59.538231
-59.665436
-60.073093
-60.067165
-60.237202
-60.056976
-60.287495
-60.266510
-60.375141
-60.556580
-60.731346
-60.669888
-60.594524
-60.886753
-60.983421
-60.994671
-60.945969
-60.907345
-61.151264
-61.242409
-61.242348
-61.264847
-61.272705
-61.298889
-61.198498
-61.365372
-61.584682
-61.499043
-61.293030
-61.387691
-61.476921
-61.544819
-61.392372
-61.584888
-61.615173
-61.459511
-61.543594
-61.569939
-61.543728
-61.450390
-61.600040
-61.707073
-61.634647
-61.580608
-61.589607
-61.717793
-61.781242
-61.746338
-61.577965
-61.758602
-61.763680
-61.524406
-61.736526
-61.885323
-61.645489
-61.501038
-61.655560
-61.802258
-61.702770
-61.700024
-61.642632
-61.542282
-61.741081
-61.720474
-61.681084
-61.614460
-61.755146
-61.742943
-61.705261
-61.657452
-61.696125
-61.875980
-61.656990
-61.592983
-61.750816
-61.660011
-61.809704
-61.583561
-61.747421
-61.735306
-61.713516
-61.890350
-61.778522
-61.729404
-61.696049
-61.830936
-61.831684
-61.924553
-61.741432
-61.818497
-61.946995
-61.934616
-61.759380
-61.754436
-61.922817
-62.084377
-61.805084
-61.883038
-62.094658
-62.046631
-61.989994
-61.977509
-62.119194
-62.031490
-62.019768
-62.074440
-62.201546
-62.055923
-61.998051
-62.133102
-62.039268
-62.073318
-62.152802
-62.025349
-62.257725
-62.202919
-62.067940
-61.999516
-62.224396
-62.331699
-62.151371
-62.188076
-61.997566
-62.301189
-62.257195
-62.058407
-62.109905
-62.172894
-62.446980
-62.113274
-62.249390
-62.219028
-62.199036
-62.296864
-62.071808
-62.110867
-62.089977
-62.298573
-61.980892
-62.067783
-62.141323
-62.005554
-62.116405
-61.959225
-62.087257
-62.003468
-62.043842
-62.005722
-61.995647
-62.162167
-61.954327
-61.968094
-61.855236
-62.047165
-62.060551
-61.917095
-61.754227
-61.751175
-61.873051
-61.868881
-61.623764
-61.738064
-61.663464
-61.857769
-61.739864
-61.778564
-61.759735
-61.836601
-61.714077
-61.824718
-61.955929
-61.804298
-61.632122
-61.784119
-61.760094
-61.816212
-61.594364
-61.649712
-62.042522
-61.846142
-61.913589
-61.626705
-62.071056
-61.824013
-61.781513
-61.900742
-62.097610
-62.045872
-61.690712
-62.009148
-62.005520
-61.837696
-61.785175
-61.919708
-62.185902
-61.859879
-62.047352
-62.149597
-62.054733
-61.928513
-61.833431
-61.996170
-62.106567
-62.010365
-61.749203
-61.832817
-61.820793
-61.794548
-62.072441
-61.939167
-61.629517
-61.775230
-62.019691
-62.082520
-61.713531
-61.879059
-61.966114
-62.138405
-61.931454
-61.921291
-62.091171
-61.876595
-61.988251
-62.070511
-62.115356
-62.080460
-62.019459
-61.981789
-62.029343
-62.015884
-61.999397
-62.006516
-62.136402
-62.015388
-61.971432
-61.989288
-62.188896
-62.022678
-61.882534
-62.061779
-62.076424
-62.029675
-61.967216
-61.985481
-62.055859
-62.001614
-62.063206
-61.905960
-61.808334
-61.949219
-62.056129
-61.855965
-61.697681
-61.941494
-61.781204
-61.879704
-61.666031
-61.679447
-61.899628
-61.857391
-61.835335
-61.791546
-61.725235
-61.766861
-61.842663
-61.924129
-61.681190
-61.808376
-61.722630
-61.842178
-61.747841
-61.971325
-61.896297
-61.909035
-61.691547
-61.534348
-61.895283
-61.857502
-61.774220
-61.794930
-61.767033
-61.801117
-61.686611
-61.455898
-61.537846
-61.802223
-61.791901
-61.546871
-61.511841
-61.806053
-61.806839
-61.494255
-61.691204
-61.814526
-61.470734
-61.651211
-61.517334
-61.772804
-61.607738
-61.536095
-61.515087
-61.571945
-61.454128
-61.400425
-61.524113
-61.645458
-61.543747
-61.460217
-61.471809
-61.559174
-61.568790
-61.454784
-61.409283
-61.484146
-61.594555
-61.426342
-61.322063
-61.553726
-61.517506
-61.365578
-61.180950
-61.365131
-61.673420
-61.470764
-61.361214
-61.229069
-61.570061
-61.402805
-61.146915
-61.121975
-61.192642
-61.096451
-61.086128
-61.227303
-60.996464
-60.982216
-61.122749
-60.922512
-61.141788
-61.103310
-61.205925
-61.082905
-60.732944
-61.164467
-60.968288
-61.079918
-60.859249
-60.877289
-60.837605
-60.918026
-60.908062
-60.758049
-61.009598
-60.936726
-60.808056
-60.994232
-61.193508
-61.244976
-60.923698
-61.054634
-61.110966
-60.999168
-61.090134
-60.744461
-61.119164
-60.848324
-61.007046
-60.836891
-60.798164
-60.964027
-60.699829
-60.973663
-60.792667
-60.929592
-60.838551
-60.816254
-60.876453
-60.667667
-60.854630
-60.699200
-60.584133
-60.753376
-60.827110
-60.885815
-60.505901
-60.644672
-60.773106
-60.663177
-60.473217
-60.671650
-60.842651
-60.669857
-60.486809
-60.674664
-60.596806
-60.692104
-60.334839
-60.572792
-60.484390
-60.642159
-60.687611
-60.422600
-60.599365
-60.459259
-60.760220
-60.649982
-60.484901
-60.717243
-60.756218
-60.743511
-60.452503
-60.629505
-60.729881
-60.565323
-60.792534
-60.552597
-60.644917
-60.639217
-60.861153
-60.649727
-60.707176
-60.768528
-60.663960
-60.783360
-60.940281
-60.792709
-60.779316
-60.872166
-60.868324
-60.801548
-60.789169
-60.946075
-60.725941
-60.695152
-60.729767
-60.880955
-60.755768
-60.479019
-60.733536
-60.611416
-60.780178
-60.639366
-60.607792
-60.501705
-60.643990
-60.729897
-60.614483
-60.474087
-60.684975
-60.690105
-60.637009
-60.524075
-60.810051
-60.558117
-60.545227
-60.731125
-60.828770
-60.757309
-60.423016
-60.647507
-60.646355
-60.700630
-60.562229
-60.534813
-60.624741
-60.534733
-60.411743
-60.637665
-60.624905
-60.653072
-60.387238
-60.484253
-60.562023
-60.492447
-60.483982
-60.484600
-60.496117
-60.549255
-60.537170
-60.542187
-60.421783
-60.609585
-60.423653
-60.483215
-60.595669
-60.377922
-60.462364
-60.193821
-60.614647
-60.108330
-60.400944
-60.284653
-60.262260
-60.081669
-60.055386
-60.451149
-60.066601
-60.033585
-60.030708
-60.143646
-60.174755
-59.821461
-60.051796
-59.814529
-60.011456
-59.926678
-59.810360
-59.852383
-59.761482
-59.757465
-59.593933
-59.765671
-59.620850
-59.484924
-59.656864
-59.650478
-59.625202
-59.336735
-59.348446
-59.494423
-59.365932
-59.233387
-59.215611
-59.459957
-59.382442
-59.333782
-59.055851
-59.234089
-59.357338
-59.281338
-59.172287
-59.146561
-59.316303
-59.066330
-59.204712
-59.072647
-59.088623
-59.086582
-59.118504
-59.077999
-59.022121
-59.194572
-58.921165
-59.022160
-59.143036
-58.913330
-59.064217
-59.092823
-59.163963
-58.826988
-58.941746
-59.217335
-58.879028
-58.992050
-58.926662
-59.125774
-58.904350
-58.950661
-59.016804
-58.898502
-59.076065
-58.926933
-59.160545
-58.917351
-58.913017
-59.008671
-58.958454
-59.045864
-58.971497
-58.928215
-59.071651
-58.921417
-59.067432
-58.890728
-59.049213
-58.868053
-58.955292
-59.025208
-58.931957
-58.851460
-59.012650
-59.006413
-58.904396
-58.784809
-58.851704
-58.873692
-58.633064
-58.837940
-58.808083
-58.730106
-58.512531
-58.566895
-58.823372
-58.411770
-58.513371
-58.466499
-58.619705
-58.607681
-58.322575
-58.486824
-58.369408
-58.537098
-58.260735
-58.453373
-58.388721
-58.204910
-58.344803
-58.282406
-58.321812
-58.218983
-58.163666
-58.074932
-58.237991
-58.222748
-58.149246
-58.125694
-58.169624
-58.141602
-58.105328
-58.166431
-57.931698
-58.013771
-58.047920
-58.202545
-57.808807
-57.875973
-58.163181
-57.981731
-57.928276
-57.717876
-57.886398
-58.009281
-57.863976
-57.768005
-57.863007
-57.867325
-57.776588
-57.714325
-57.809265
-57.812454
-57.805702
-57.622139
-57.755783
-57.975014
-57.769966
-57.733692
-57.673615
-57.812553
-57.773346
-57.679604
-57.624138
-57.736759
-57.858513
-57.675777
-57.540314
-57.636395
-57.621273
-57.749313
-57.628464
-57.629707
-57.617157
-57.639469
-57.529003
-57.450703
-57.494984
-57.713654
-57.458248
-57.573067
-57.596485
-57.479412
-57.436329
-57.373699
-57.688110
-57.412060
-57.355358
-57.434223
-57.536423
-57.696110
-57.312176
-57.298889
-57.435555
-57.596550
-57.485962
-57.253170
-57.429756
-57.383717
-57.420883
-57.585453
-57.268143
-57.377335
-57.287457
-57.486267
-57.370510
-57.382931
-57.426689
-57.268013
-57.382446
-57.501663
-57.244560
-57.224922
-57.327438
-57.402515
-57.341526
-57.194500
-57.406075
-57.234959
-57.283669
-57.280716
-57.283108
-57.210831
-57.234425
-57.374233
-57.249805
-57.196804
-57.262051
-57.154961
-57.331787
-57.129311
-57.189873
-57.295113
-57.188431
-57.257629
-56.993034
-57.166031
-57.130577
-57.131985
-57.207993
-57.087349
-57.163082
-56.981407
-56.978367
-57.180569
-57.052174
-57.072815
-56.937279
-57.137234
-57.071960
-56.984768
-56.967987
-56.916023
-56.997547
-57.077923
-56.888226
-57.182217
-57.016979
-56.979717
-56.843552
-56.949127
-56.901981
-56.796436
-56.890774
-56.903812
-56.790813
-56.797211
-56.740978
-56.702335
-56.573673
-56.496986
-56.420586
-56.628456
-56.681293
-56.447449
-56.450745
-56.582405
-56.359562
-56.381802
-56.201023
-56.442924
-56.546501
-56.286423
-56.355732
-56.287937
-56.218449
-56.303368
-56.082317
-56.185020
-56.150246
-56.275089
-56.185120
-56.112854
-56.168877
-56.201553
-56.177414
-56.110397
-56.040493
-56.170277
-56.004284
-56.147446
-55.936123
-56.104713
-55.976891
-55.799294
-55.948208
-55.963978
-56.087257
-55.809093
-55.892712
-56.012093
-55.972084
-55.952633
-56.114548
-56.052547
-55.888832
-55.990040
-56.077660
-56.014324
-55.786079
-55.923729
-56.155731
-56.090572
-56.028843
-55.821449
-55.959141
-56.192131
-56.079197
-55.810165
-55.879021
-56.167767
-55.973988
-56.016838
-56.034512
-56.055794
-55.791153
-55.862568
-55.965473
-56.019676
-55.872990
-55.860119
-55.881714
-55.771431
-55.860016
-55.815056
-55.899902
-55.654278
-55.757011
-55.858261
-55.877045
-55.834740
-55.769852
-55.602684
-55.761814
-55.765816
-55.673985
-55.563950
-55.778919
-55.737316
-55.644341
-55.672249
-55.677265
-55.502266
-55.547554
-55.495102
-55.616093
-55.665401
-55.467377
-55.470310
-55.467747
-55.588326
-55.497440
-55.350746
-55.458279
-55.479889
-55.505783
-55.470196
-55.576481
-55.575451
-55.340668
-55.311626
-55.464470
-55.357300
-55.295872
-55.412647
-55.330231
-55.345634
-55.155422
-55.384026
-55.100784
-55.044949
-55.135242
-55.211208
-55.180637
-54.976208
-55.107239
-54.997959
-54.993069
-54.771912
-54.853798
-55.001545
-54.752853
-54.834354
-54.828175
-54.675858
-54.744373
-54.693043
-54.806362
-54.637794
-54.802853
-54.618496
-54.685642
-54.885288
-54.655281
-54.653801
-54.609512
-54.845955
-54.632038
-54.598511
-54.847435
-54.654541
-54.792168
-54.583019
-54.664345
-54.640656
-54.662769
-54.867290
-54.777851
-54.802586
-54.614376
-54.706486
-54.896210
-54.819096
-54.764763
-54.704529
-54.940060
-54.784786
-54.749760
-54.828110
-54.818752
-54.857876
-54.766052
-54.706505
-54.888321
-54.959690
-54.823582
-54.563190
-54.867050
-54.759434
-54.616291
-54.826900
-54.792374
-54.536301
-54.497108
-54.827633
-54.749619
-54.477509
-54.473202
-54.645706
-54.650898
-54.483715
-54.431210
-54.418568
-54.338871
-54.482719
-54.480953
-54.584499
-54.028355
-54.201530
-54.489861
-54.453564
-54.213303
-54.056583
-54.512657
-54.449272
-54.327919
-54.276066
-54.429596
-54.386909
-54.318630
-54.375969
-54.395157
-54.472710
-54.246780
-54.113327
-54.400631
-54.382500
-54.176373
-54.168331
-54.363102
-54.305298
-54.112396
-54.126015
-54.372440
-54.211834
-54.084316
-54.210926
-54.271553
-54.177834
-54.145737
-54.222996
-54.185493
-54.054356
-54.167042
-54.278286
-54.222610
-54.068512
-54.140144
-54.212578
-54.283398
-54.255089
-54.115898
-54.175060
-54.028500
-54.209476
-54.106293
-54.065437
-54.097229
-54.293617
-54.165615
-53.795597
-54.158489
-54.152939
-53.956135
-53.965710
-54.054844
-54.290031
-53.987473
-53.964001
-54.291664
-54.247795
-54.152439
-53.972176
-54.321724
-54.322815
-54.247513
-54.289593
-54.495113
-54.439358
-54.368019
-54.263321
-54.345322
-54.490215
-54.308220
-54.328129
-54.543438
-54.567207
-54.318928
-54.477402
-54.619808
-54.503414
-54.358524
-54.493313
-54.642509
-54.561096
-54.585251
-54.591114
-54.639561
-54.714607
-54.370323
-54.470268
-54.657555
-54.537838
-54.729771
-54.680954
-54.583275
-54.448124
-54.638298
-54.703365
-54.620056
-54.559597
-54.575718
-54.673988
-54.724689
-54.557545
-54.651855
-54.874798
-54.609032
-54.629234
-54.940781
-54.942844
-54.768124
-54.877728
-55.212032
-54.957592
-54.846909
-55.093327
-55.156826
-55.019619
-54.910294
-55.187889
-55.017937
-55.159523
-54.957161
-54.959583
-55.087795
-54.970539
-54.986176
-54.831615
-54.969841
-54.935631
-54.840115
-54.932243
-54.952835
-54.927845
-54.700176
-54.798660
-54.903385
-54.814499
-54.526279
-54.855392
-54.862949
-54.619663
-54.650471
-54.794895
-54.733856
-54.570370
-54.517929
-54.747890
-54.732872
-54.663857
-54.652122
-54.636726
-54.741661
-54.683678
-54.720264
-54.600403
-54.681572
-54.713940
-54.690781
-54.729599
-54.544991
-54.804710
-54.753952
-54.744076
-54.742764
-54.722752
-54.873062
-54.809460
-54.912594
-54.845688
-54.931850
-54.933754
-54.960140
-55.114708
-54.922222
-55.042900
-55.111076
-55.154243
-55.116905
-55.189938
-55.354355
-55.264103
-55.368412
-55.274635
-55.503311
-55.461773
-55.489525
-55.607914
-55.637623
-55.704643
-55.517075
-55.751728
-55.790665
-55.720917
-55.906441
-55.971119
-55.962841
-55.921894
-56.069424
-56.154915
-56.297798
-56.321953
-56.250801
-56.428204
-56.630276
-56.718651
-56.642033
-56.794994
-56.805534
-56.804852
-56.914330
-57.039005
-57.069534
-57.042873
-57.039917
-57.119823
-57.146019
-57.057503
-57.012341
-57.159031
-57.158020
-57.112839
-57.006634
-57.208050
-57.006828
-56.929218
-56.922955
-57.125427
-57.033886
-56.976536
-57.031048
-57.041294
-57.059868
-56.972443
-57.020988
-56.862644
-57.057865
-56.869698
-57.082245
-56.983086
-57.021286
-56.941128
-56.744846
-57.052803
-57.028362
-57.013802
-56.814949
-57.067139
-57.004200
-57.068436
-57.146744
-56.988468
-56.975918
-57.064579
-57.220665
-57.210327
-56.991982
-57.160126
-57.197361
-57.162048
-56.985210
-57.231499
-57.156857
-57.050652
-57.270538
-57.131626
-57.255112
-57.038315
-57.166180
-57.223412
-57.329193
-57.295033
-57.139580
-57.268608
-57.367256
-57.341797
-57.165730
-57.380985
-57.310703
-57.407314
-57.474720
-57.548016
-57.557568
-57.472946
-57.520905
-57.506683
-57.798031
-57.661243
-57.759670
-57.648510
-57.900154
-57.817116
-57.840427
-57.644653
-57.800400
-57.721832
-57.849895
-57.939854
-57.945946
-57.870659
-57.781284
-57.991062
-58.045437
-57.915554
-57.947807
-57.923183
-58.062035
-58.127979
-58.111969
-57.957706
-58.014965
-58.099934
-57.997868
-58.213253
-58.106377
-58.034904
-58.154987
-58.293076
-58.307323
-58.380913
-58.379711
-58.422997
-58.439892
-58.624050
-58.471157
-58.587276
-58.508278
-58.670444
-58.605408
-58.703506
-58.806408
-58.531204
-58.698765
-58.736900
-58.652122
-58.799469
-58.952141
-58.768761
-58.861843
-58.961624
-58.960979
-58.873055
-59.052525
-59.035812
-59.088238
-59.035671
-59.093483
-59.110985
-59.006428
-59.003933
-59.177483
-59.198681
-59.025780
-59.049145
-59.105927
-59.046986
-59.075680
-59.125786
-59.105743
-59.115658
-58.982563
-58.994251
-59.056625
-59.113644
-58.953838
-58.986866
-58.942928
-59.003727
-59.022617
-58.839241
-58.896263
-58.927246
-58.923042
-58.913651
-59.115379
-58.919201
-58.787712
-58.923233
-58.936138
-58.928406
-58.863152
-58.883713
-58.900440
-59.024582
-59.120060
-59.170979
-58.989559
-59.081192
-59.165504
-59.269642
-59.264465
-59.220787
-59.246738
-59.299625
-59.369171
-59.366066
-59.241451
-59.189537
-59.223537
-59.369301
-59.285118
-59.323612
-59.390629
-59.348431
-59.251873
-59.341251
-59.524052
-59.293427
-59.360893
-59.421978
-59.419132
-59.433521
-59.357559
-59.451664
-59.202915
-59.289955
-59.271629
-59.367081
-59.266788
-59.134857
-59.180286
-59.266972
-59.230961
-59.205513
-59.235550
-59.275654
-59.292362
-59.361248
-59.257351
-59.387772
-59.265125
-59.230221
-59.316437
-59.280678
-59.145611
-59.051426
-59.232922
-59.111252
-58.878464
-58.925880
-58.959057
-58.892899
-58.838490
-58.833939
-58.688660
-58.612724
-58.500374
-58.470249
-58.305695
-58.383938
-58.233547
-58.085602
-58.139111
-57.938213
-57.864998
-57.811108
-57.658047
-57.719288
-57.686802
-57.679958
-57.593910
-57.573494
-57.517494
-57.642532
-57.719486
-57.575157
-57.625481
-57.876190
-57.782673
-57.760880
-57.797218
-57.904442
-57.943966
-57.855782
-58.024876
-57.965752
-57.879791
-57.835155
-57.857635
-58.059807
-57.975597
-58.011108
-57.966763
-57.926174
-57.945705
-57.879230
-57.908302
-57.857399
-57.784851
-57.914200
-57.910778
-57.839764
-57.657433
-57.702873
-57.730629
-57.627731
-57.618137
-57.636570
-57.703907
-57.532505
-57.590321
-57.524029
-57.493732
-57.407272
-57.397221
-57.448677
-57.462868
-57.419434
-57.405529
-57.457714
-57.288406
-57.333778
-57.284836
-57.397694
-57.266750
-57.218956
-57.112865
-57.215618
-57.166771
-57.196396
-57.065037
-57.014729
-56.935158
-57.120430
-57.098400
-57.114471
-57.121666
-56.978783
-57.135372
-57.106350
-57.233063
-57.016376
-56.932652
-56.898716
-56.920868
-56.911987
-56.917118
-56.824551
-56.905045
-56.826221
-56.870735
-56.844555
-56.917038
-56.963284
-57.125679
-57.283257
-57.273010
-57.309429
-57.292465
-57.370277
-57.521496
-57.558125
-57.732990
-57.605137
-57.608631
-57.639122
-57.776394
-57.691856
-57.818462
-57.884041
-57.896366
-57.897537
-57.893185
-58.027184
-57.906792
-57.978615
-57.790482
-58.031696
-57.934128
-57.835709
-57.502949
-57.527531
-57.531551
-57.527985
-57.525928
-57.554726
-57.234177
-57.438560
-57.647266
-57.673061
-57.444416
-57.544998
-57.719425
-57.855122
-57.818768
-57.858891
-57.932297
-57.758266
-57.527420
-57.634888
-57.679794
-57.740803
-57.817142
-57.848083
-57.783066
-57.670746
-57.634491
-57.710804
-57.807407
-57.860043
-57.842167
-57.627468
-57.720272
-57.746319
-57.658844
-57.624008
-57.687397
-57.753349
-57.598789
-57.582401
-57.690899
-57.640453
-57.409161
-57.357285
-57.433403
-57.370125
-57.427872
-57.493835
-57.411415
-57.235081
-56.994205
-56.988945
-56.963604
-56.990437
-56.821888
-56.701736
-56.750751
-56.520412
-56.536625
-56.587475
-56.678589
-56.684284
-56.397408
-56.321243
-56.496677
-56.531803
-56.577240
-56.911064
-56.892612
-56.498714
-56.340775
-56.379189
-56.713936
-56.875854
-56.478085
-56.346123
-56.443134
-56.607845
-56.633690
-56.653973
-56.410118
-56.564865
-56.890003
-56.918419
-56.928089
-57.047573
-56.760612
-56.462151
-56.714645
-56.908554
-57.047470
-56.786873
-56.706646
-56.729733
-56.689793
-56.664341
-56.212631
-56.274857
-56.544998
-56.644295
-56.455067
-56.680065
-56.419662
-56.291519
-56.295982
-56.460140
-56.310257
-56.389427
-56.395405
-56.343174
-56.312027
-56.120743
-55.960686
-56.225353
-56.492172
-56.457989
-56.437149
-56.713745
-57.005829
-56.674904
-56.468945
-56.679279
-56.990471
-56.923492
-56.824787
-56.719749
-56.673031
-56.667118
-56.551449
-56.371906
-56.181492
-56.150242
-56.152100
-56.370178
-56.497787
-56.475674
-56.506714
-56.507545
-56.367401
-56.260952
-56.280739
-56.192745
-56.107731
-56.061794
-55.877941
-55.640133
-55.368420
-55.282501
-54.983002
-54.917324
-54.883823
-54.795612
-54.718296
-54.727150
-54.858826
-54.895073
-54.654133
-54.378761
-54.458260
-54.538311
-54.351265
-54.236828
-54.152500
-53.992840
-53.983490
-53.863941
-53.806969
-53.538654
-53.524181
-53.641094
-53.652332
-53.676682
-53.594749
-53.508095
-53.615932
-53.659367
-53.510113
-53.502510
-53.531841
-53.443813
-53.388611
-53.442513
-53.396694
-53.249481
-53.212074
-53.268375
-53.230145
-53.296066
-53.036617
-53.093750
-53.031605
-53.067039
-52.973419
-53.010334
-52.982334
-52.969498
-52.823799
-52.611671
-52.745312
-52.597328
-52.655472
-52.618961
-52.781242
-52.669033
-52.685020
-52.733650
-52.751141
-52.922047
-52.822601
-52.789383
-53.048550
-53.039841
-53.036053
-52.934196
-53.058285
-52.989845
-53.029430
-52.957642
-53.033413
-53.103458
-53.057240
-53.093418
-53.115643
-53.100895
-53.081234
-53.084621
-53.112926
-53.191139
-53.053085
-52.994602
-53.074894
-53.034111
-52.904922
-52.894775
-53.010796
-52.916489
-52.802704
-52.848167
-52.884563
-52.821999
-52.897015
-52.912868
-52.891472
-52.798813
-52.836224
-52.748669
-52.741333
-52.737850
-52.582565
-52.667431
-52.599613
-52.557842
-52.486198
-52.469730
-52.316601
-52.331429
-52.268215
-52.479588
-52.368927
-52.264084
-52.236252
-52.391182
-52.293194
-52.208588
-52.326740
-52.263947
-52.119335
-52.269802
-52.268860
-52.138477
-52.171650
-52.104355
-52.051788
-52.067051
-52.162262
-51.984615
-52.048523
-52.083076
-52.143509
-52.109676
-52.011841
-52.096352
-52.126656
-52.158733
-52.027340
-52.032013
-52.157806
-52.141075
-52.095745
-52.193699
-52.294746
-52.177727
-52.234219
-52.447140
-52.579197
-52.581402
-52.642139
-52.723743
-52.918755
-52.962109
-52.892643
-53.101986
-53.283558
-53.249634
-53.384193
-53.439575
-53.300320
-53.268482
-53.474964
-53.388084
-53.323689
-53.496197
-53.376785
-53.117702
-52.999828
-53.217102
-53.310970
-53.170841
-53.061611
-53.029224
-53.086880
-52.934483
-53.014416
-53.043903
-52.953243
-52.941021
-52.964275
-53.129444
-52.887245
-52.682674
-52.685421
-52.822784
-52.872276
-52.666973
-52.590546
-52.488686
-52.591660
-52.435036
-52.403492
-52.304665
-52.226864
-52.305019
-52.172283
-52.345257
-52.336830
-52.220428
-52.253784
-52.408134
-52.370174
-52.290134
-52.297665
-52.082699
-52.039940
-52.262196
-52.198368
-52.062721
-52.110352
-52.084656
-52.004257
-51.980385
-52.057030
-52.134518
-52.129429
-52.155312
-52.266693
-52.337143
-52.286480
-52.119938
-52.170231
-52.252831
-52.212051
-51.992962
-51.943844
-52.000259
-52.009651
-51.944252
-51.866421
-51.795525
-51.866043
-51.822544
-51.735588
-51.793335
-51.782604
-51.744038
-51.674294
-51.785027
-51.632114
-51.487373
-51.424080
-51.329395
-51.265278
-51.136475
-51.138248
-50.978760
-50.841663
-50.842426
-50.871990
-50.654644
-50.571712
-50.594006
-50.628056
-50.594013
-50.751827
-50.619946
-50.495941
-50.375465
-50.437687
-50.476143
-50.335308
-50.099915
-50.140572
-50.281376
-50.146702
-50.120121
-50.037697
-49.952763
-49.953209
-49.921310
-49.960217
-49.941532
-49.814041
-49.735390
-49.824173
-49.861618
-49.729301
-49.565216
-49.637211
-49.535198
-49.497120
-49.442406
-49.400009
-49.347782
-49.279461
-49.222580
-49.297985
-49.325512
-49.243595
-49.152267
-49.151264
-49.296165
-49.370899
-49.105747
-49.192856
-49.107292
-49.161678
-48.975239
-48.994499
-48.979904
-48.892288
-48.894291
-48.902454
-48.958344
-48.818993
-48.859234
-48.644131
-48.627209
-48.671730
-48.563858
-48.476681
-48.422626
-48.582039
-48.395111
-48.295921
-48.292187
-48.246418
-48.082363
-48.001057
-48.108143
-48.101944
-48.015530
-48.008801
-48.012524
-47.954102
-47.966843
-48.044697
-47.947578
-47.980785
-48.111946
-48.070896
-48.088737
-48.129948
-48.051907
-48.051205
-47.960766
-48.106495
-48.049419
-48.018654
-48.008678
-48.002251
-47.916451
-47.868408
-47.925190
-47.853954
-47.707550
-47.771130
-47.828560
-47.582970
-47.511959
-47.489227
-47.358334
-47.225285
-47.161045
-47.047043
-46.993675
-46.813831
-46.654987
-46.596924
-46.359688
-46.296791
-46.230934
-46.067425
-45.939980
-45.721806
-45.568993
-45.435455
-45.297138
-45.177696
-44.881195
-44.768673
-44.605240
-44.420910
-44.092026
-43.930149
-43.796478
-43.506626
-43.223251
-43.056061
-42.793602
-42.510006
-42.110107
-41.889801
-41.581100
-41.309376
-40.990417
-40.796352
-40.513371
-40.196983
-39.925018
-39.645260
-39.496464
-39.105885
-38.917908
-38.674992
-38.501827
-38.158634
-37.821587
-37.569572
-37.411781
-37.165848
-36.803059
-36.503849
-36.285202
-35.951134
-35.668903
-35.485851
-34.935036
-34.584335
-34.335449
-33.974403
-33.622498
-33.176979
-32.890747
-32.492146
-32.143414
-31.797674
-31.438915
-31.123796
-30.821226
-30.491480
-30.178049
-29.827925
-29.538351
-29.227064
-28.891636
-28.589138
-28.257725
-27.907324
-27.686049
-27.354136
-27.028175
-26.820614
-26.294170
-26.091223
-25.822802
-25.576075
-25.256636
-24.931606
-24.391821
-24.074276
-23.842278
-23.492508
-23.115685
-22.564606
-22.175138
-21.813774
-21.468418
-21.312109
-21.061974
-20.563799
-20.071980
-19.872395
-19.718880
-19.512241
-19.116957
-18.875103
-18.698641
-18.534515
-18.367846
-18.200943
-18.043509
-17.788553
-17.535275
-17.564095
-17.490114
-17.125641
-16.822964
-16.716311
-16.519117
-16.271135
-16.114347
-15.839850
-15.729799
-15.456137
-15.276538
-15.322182
-15.046643
-14.667875
-14.514933
-14.484395
-14.576287
-14.264245
-14.137163
-14.162119
-14.023153
-13.985252
-13.973746
-13.886127
-13.745474
-13.572707
-13.566035
-13.461535
-13.271527
-13.137156
-13.058171
-12.846561
-12.596697
-12.544220
-12.578271
-12.396813
-12.276309
-12.169229
-12.038011
-12.115211
-12.200607
-12.061123
-11.952675
-11.842086
-11.635159
-11.671154
-11.574632
-11.548303
-11.333215
-11.245559
-11.158289
-11.102082
-10.965887
-10.831244
-10.762268
-10.655670
-10.763659
-10.671893
-10.679365
-10.578301
-10.599894
-10.589758
-10.398678
-10.382959
-10.283480
-10.162398
-9.956635
-10.007782
-9.904233
-9.680482
-9.683816
-9.559885
-9.478867
-9.323689
-9.253218
-9.153749
-9.167833
-9.034115
-9.040167
-8.999271
-8.830547
-8.838856
-8.721038
-8.623709
-8.683667
-8.649753
-8.601519
-8.432632
-8.509751
-8.506743
-8.390204
-8.294911
-8.245202
-8.199372
-8.119176
-8.194429
-7.956007
-8.022031
-7.882511
-7.823486
-7.658883
-7.765696
-7.630445
-7.440702
-7.382756
-7.346777
-7.363102
-7.148643
-7.090889
-6.972472
-6.892064
-6.817744
-6.694049
-6.683095
-6.511173
-6.461245
-6.337870
-6.327075
-6.217160
-6.149703
-6.045894
-5.980417
-5.931314
-5.815132
-5.860046
-5.786888
-5.722915
-5.632030
-5.600529
-5.596200
-5.530925
-5.474333
-5.492374
-5.430435
-5.333562
-5.341343
-5.260570
-5.272954
-5.175367
-5.145110
-5.144148
-5.134043
-5.054144
-5.004076
-5.003741
-4.957879
-4.834169
-4.816962
-4.863147
-4.795314
-4.676150
-4.609376
-4.639436
-4.589489
-4.464553
-4.456542
-4.448188
-4.379133
-4.332061
-4.349490
-4.336963
-4.160435
-4.167325
-4.176960
-4.081483
-4.015760
-3.874537
-3.843269
-3.788451
-3.647998
-3.713433
-3.602435
-3.440631
-3.334704
-3.351707
-3.227836
-3.213654
-3.189781
-3.116651
-3.068796
-2.998173
-3.060277
-3.008431
-2.974232
-2.952092
-2.950325
-2.877817
-2.881114
-2.804307
-2.893092
-2.859687
-2.721861
-2.676017
-2.718712
-2.620241
-2.597396
-2.562830
-2.637643
-2.401934
-2.477848
-2.463629
-2.563488
-2.442816
-2.371337
-2.305004
-2.376854
-2.327924
-2.357265
-2.325830
-2.265456
-2.346653
-2.301208
-2.355505
-2.253119
-2.272831
-2.219297
-2.238496
-2.308083
-2.302928
-2.310081
-2.147787
-2.194304
-2.001174
-2.303579
-2.273631
-2.114258
-1.939235
-2.111538
-2.122221
-2.022137
-1.992710
-1.882943
-2.039276
-2.033566
-1.944316
-1.949513
-1.945188
-1.885796
-1.852166
-1.864282
-1.951245
-1.921675
-1.907601
-1.862569
-1.910876
-1.905219
-1.905456
-1.917296
-1.918321
-1.951373
-1.905162
-1.968726
-2.037679
-2.050756
-1.893098
-1.945562
-2.046197
-2.189218
-2.024092
-2.091638
-2.061190
-2.051274
-2.052112
-2.151481
-2.104795
-2.072166
-2.121144
-2.210503
-2.133517
-2.107947
-2.120826
-2.071257
-2.067862
-2.085611
-2.104873
-2.033742
-2.035744
-1.996313
-1.966128
-1.933313
-1.955496
-2.060426
-1.890284
-1.926043
-1.914986
-1.961738
-1.921150
-1.865405
-1.863410
-1.870556
-1.905397
-1.821786
-1.814705
-1.802915
-1.729199
-1.748065
-1.736189
-1.772053
-1.644656
-1.667740
-1.621332
-1.711029
-1.652275
-1.673153
-1.606028
-1.602492
-1.548221
-1.454813
-1.570569
-1.551460
-1.525122
-1.457085
-1.448383
-1.481760
-1.348708
-1.430656
-1.376487
-1.368246
-1.218904
-1.258946
-1.256147
-1.119690
-1.135340
-1.090370
-0.990209
-0.878697
-0.900151
-0.935580
-0.777864
-0.692163
-0.751068
-0.681598
-0.555739
-0.717948
-0.595301
-0.510642
-0.459930
-0.495202
-0.417228
-0.358768
-0.407296
-0.248133
-0.189481
-0.158330
-0.137398
-0.064531
0.074693
-0.023626
-0.010966
0.023996
-0.016837
0.075360
0.062331
0.145852
0.049901
0.150257
0.041184
0.132992
0.189582
0.177922
0.184133
0.174452
0.212139
0.194653
0.225663
0.035649
0.111868
0.135403
0.115375
0.016179
-0.028622
-0.070884
-0.040481
-0.019077
-0.147969
-0.086281
-0.081609
-0.086303
0.022086
0.185431
0.085450
0.061424
0.156831
0.365680
0.449018
0.458766
0.401550
0.344787
0.439198
0.549249
0.577293
0.510347
0.461634
0.512905
0.505201
0.454452
0.500687
0.459127
0.562519
0.688620
0.730154
0.685587
0.698721
0.622058
0.669494
0.858370
0.964003
0.861731
0.832206
0.850469
0.803928
0.773949
0.768700
0.762809
0.795676
0.710941
0.747753
0.749701
0.737861
0.574163
0.610704
0.692827
0.690674
0.753710
0.721107
0.644543
0.632295
0.633621
0.646275
0.667849
0.719242
0.606651
0.564597
0.632234
0.721974
0.581931
0.450432
0.447332
0.561275
0.510865
0.542665
0.450532
0.376888
0.258411
0.257007
0.359159
0.227989
0.234519
0.150006
0.121062
0.177908
0.098933
0.003389
-0.006455
0.052451
-0.104066
-0.060858
-0.088254
-0.090409
-0.238340
-0.182560
-0.172585
-0.297986
-0.361608
-0.328360
-0.270013
-0.378259
-0.393097
-0.430555
-0.471521
-0.545847
-0.477855
-0.511225
-0.553149
-0.544427
-0.635363
-0.603356
-0.650367
-0.652075
-0.684979
-0.637355
-0.639112
-0.818074
-0.733793
-0.703483
-0.783863
-0.800997
-0.744096
-0.751526
-0.874054
-0.917680
-0.857645
-0.895095
-0.901538
-0.878725
-0.826003
-0.987734
-0.954580
-0.948648
-0.968878
-1.066002
-0.934833
-0.930786
-1.083898
-1.054886
-0.944704
-0.975960
-1.030284
-1.066392
-0.990549
-0.966605
-0.973922
-0.980774
-0.956573
-1.057204
-1.045540
-1.066258
-0.987104
-1.010820
-1.059053
-1.073149
-1.059444
-1.019337
-1.141791
-1.069867
-1.061225
-1.132071
-1.062132
-1.038524
-1.042444
-1.059200
-1.078100
-1.036981
-0.987330
-1.083499
-1.068510
-1.009975
-0.977690
-1.067313
-0.987906
-0.994807
-1.044152
-1.002858
-0.904014
-0.929038
-1.010875
-0.981985
-0.934059
-0.909091
-0.893718
-1.012718
-0.893326
-0.919226
-0.852473
-0.994896
-0.847603
-0.834929
-0.827249
-0.934961
-0.834538
-0.827003
-0.915819
-0.875322
-0.848614
-0.835469
-0.875827
-0.871497
-0.842438
-0.840490
-0.859015
-0.776373
-0.784052
-0.851609
-0.801647
-0.742270
-0.749240
-0.861720
-0.808399
-0.774632
-0.794972
-0.786703
-0.790945
-0.847908
-0.797013
-0.862957
-0.821530
-0.901459
-0.738170
-0.754345
-0.887565
-0.912281
-0.691513
-0.736501
-0.867742
-0.697979
-0.620573
-0.627286
-0.737138
-0.495627
-0.486127
-0.545915
-0.529331
-0.373157
-0.332580
-0.363505
-0.385388
-0.373452
-0.337646
-0.198495
-0.168346
-0.113951
-0.108736
-0.149557
-0.080998
-0.045074
0.107282
0.086206
0.118903
-0.019259
0.134471
0.168194
0.127079
0.076037
0.118934
-0.008449
0.040968
0.230585
0.160453
0.146855
-0.004003
0.036388
0.082404
0.210571
0.132195
0.070229
0.002512
-0.031584
0.037168
0.139233
-0.057937
-0.135553
-0.217927
-0.205258
-0.036660
-0.037779
-0.060261
-0.181115
-0.140786
-0.110337
-0.105870
-0.136861
-0.080010
-0.047478
-0.006183
0.036756
0.003145
-0.090494
-0.105625
-0.015726
0.067189
-0.029376
-0.011265
-0.014593
-0.039006
-0.097058
-0.099353
-0.040706
-0.043566
-0.151110
-0.235557
-0.174453
-0.114407
-0.204838
-0.261883
-0.309833
-0.251133
-0.235638
-0.175730
-0.254793
-0.282594
-0.395190
-0.273959
-0.247323
-0.368321
-0.413610
-0.395984
-0.552346
-0.480788
-0.464914
-0.421631
-0.559219
-0.477733
-0.489222
-0.357899
-0.499162
-0.477326
-0.492134
-0.447974
-0.401361
-0.475938
-0.585555
-0.491147
-0.473526
-0.545662
-0.533449
-0.402980
-0.601883
-0.456885
-0.448742
-0.271516
-0.238081
-0.349277
-0.464171
-0.363164
-0.362636
-0.441922
-0.349113
-0.239922
-0.308108
-0.471097
-0.578483
-0.500281
-0.483168
-0.524008
-0.381680
-0.281784
-0.371253
-0.456699
-0.397724
-0.322419
-0.302835
-0.443362
-0.428921
-0.457697
-0.336511
-0.297022
-0.285962
-0.396272
-0.538188
-0.477691
-0.413739
-0.271723
-0.281117
-0.305101
-0.472020
-0.405541
-0.516114
-0.539205
-0.562287
-0.591790
-0.586092
-0.508942
-0.540220
-0.582497
-0.626883
-0.742292
-0.673522
-0.606590
-0.619599
-0.669254
-0.618890
-0.697124
-0.704002
-0.683495
-0.767481
-0.795396
-0.796546
-0.743444
-0.766074
-0.868200
-0.788723
-0.852924
-0.887169
-0.870889
-0.864318
-0.854551
-0.805604
-0.837510
-0.842825
-0.795058
-0.806710
-0.922677
-0.806702
-0.840737
-0.889905
-0.958710
-0.823180
-0.778265
-0.721959
-0.791842
-0.721153
-0.695175
-0.646611
-0.646096
-0.599463
-0.701086
-0.609892
-0.669746
-0.618768
-0.522156
-0.614231
-0.552215
-0.587136
-0.508108
-0.457436
-0.391479
-0.457125
-0.499272
-0.395394
-0.360717
-0.360424
-0.379356
-0.379024
-0.513548
-0.427430
-0.432977
-0.463220
-0.463100
-0.406299
-0.519134
-0.392545
-0.266082
-0.378559
-0.355490
-0.402589
-0.315534
-0.351912
-0.287700
-0.300258
-0.369511
-0.388680
-0.326497
-0.322900
-0.366957
-0.320002
-0.315733
-0.442900
-0.369534
-0.364021
-0.369939
-0.413960
-0.247819
-0.308728
-0.391262
-0.362952
-0.361274
-0.283762
-0.289412
-0.247701
-0.262312
-0.260681
-0.229423
-0.321486
-0.323598
-0.429523
-0.317044
-0.325928
-0.300244
-0.389598
-0.397675
-0.445624
-0.477287
-0.429450
-0.444528
-0.293788
-0.263309
-0.213761
-0.300204
-0.284961
-0.171938
-0.129589
-0.175109
-0.259030
-0.211191
-0.251134
-0.148154
-0.129176
-0.238814
-0.307513
-0.236740
-0.230203
-0.265762
-0.184304
-0.158054
-0.171698
-0.158096
-0.058200
-0.015555
-0.142996
-0.150664
-0.179715
-0.253330
-0.175586
-0.171244
-0.210353
-0.405493
-0.442930
-0.291497
-0.333082
-0.477070
-0.518061
-0.377133
-0.366858
-0.443936
-0.366150
-0.408549
-0.267333
-0.333172
-0.281869
-0.230250
-0.313796
-0.317030
-0.319804
-0.200456
-0.148455
-0.100991
-0.277976
-0.291654
-0.071699
0.034543
0.004779
-0.161834
-0.205194
-0.191972
0.046073
-0.007044
-0.095821
-0.091890
-0.022748
-0.106093
-0.092686
-0.075912
-0.098707
-0.230227
-0.087986
-0.044758
0.148800
-0.057444
-0.142593
-0.186317
-0.131465
-0.069369
-0.292037
-0.335692
-0.334157
-0.232227
-0.201294
-0.262008
-0.322189
-0.304640
-0.284536
-0.225852
-0.122222
-0.029912
-0.063430
-0.185535
-0.065546
-0.107693
-0.143575
-0.143957
-0.150735
-0.156597
-0.039923
0.027077
-0.077334
-0.031349
0.040929
0.084481
0.037606
0.045961
0.135731
0.129411
0.074503
0.079952
0.065047
0.041515
0.056163
-0.053993
0.033162
0.063364
0.019639
-0.130872
0.027460
0.078301
0.014827
0.016366
0.019499
0.062684
0.065365
0.106419
0.081778
0.107172
0.164922
0.133541
0.109313
0.146323
0.114455
0.004299
-0.040563
0.065913
-0.008335
-0.043592
-0.114112
-0.088186
-0.141813
-0.203048
-0.310644
-0.248539
-0.199063
-0.238725
-0.289164
-0.243949
-0.254557
-0.267110
-0.326330
-0.192790
-0.131080
-0.101097
-0.152860
0.024303
0.004970
-0.190408
-0.083879
-0.087846
0.033472
-0.081690
-0.056643
-0.132411
-0.020341
-0.071248
-0.103422
-0.115591
-0.105367
-0.208113
-0.224755
-0.119200
-0.055411
-0.227206
-0.272786
-0.234133
-0.112209
-0.107553
-0.076023
0.023823
-0.022838
0.040454
-0.011921
0.059527
0.098367
-0.042347
-0.119075
-0.038321
0.072815
-0.034771
-0.125993
-0.336193
-0.229031
-0.174967
-0.063711
-0.138782
-0.252460
-0.299554
-0.329383
-0.046692
0.000571
-0.123838
-0.272176
-0.181128
-0.030266
-0.044482
-0.113357
-0.288076
-0.220430
-0.249872
-0.023355
0.030920
-0.086288
-0.264080
-0.345681
-0.175506
0.039687
0.124480
0.028242
-0.040425
0.049855
0.129862
0.070312
-0.015042
0.055699
-0.023498
-0.078401
0.106799
0.164984
-0.012706
-0.223498
-0.079077
0.013976
-0.057611
-0.137968
-0.057684
-0.014742
-0.037973
0.008055
0.051222
0.080846
-0.126044
-0.205436
-0.015047
0.092244
-0.177310
-0.164848
-0.047665
-0.088654
-0.189598
-0.131099
-0.046077
-0.113838
-0.130867
-0.049222
0.106548
0.094062
-0.019939
0.020421
0.177918
0.244331
0.035929
-0.054087
-0.078176
0.023853
-0.015292
-0.014556
0.094679
0.056432
-0.214762
-0.122803
0.145253
0.114431
0.026393
0.107342
0.291634
0.363616
0.218087
0.243776
0.223169
0.123629
0.124585
0.230099
0.326387
0.150394
-0.013228
-0.028266
0.083758
0.053060
-0.086223
-0.051938
0.040184
-0.042646
-0.006091
0.097574
0.144630
-0.047086
-0.184795
0.052902
0.041841
-0.088167
-0.208329
-0.103518
-0.085313
-0.117716
-0.128004
-0.096097
-0.222960
-0.271523
-0.107775
-0.028048
-0.010406
-0.132938
-0.223002
-0.121503
-0.040927
-0.033056
-0.190015
-0.125756
-0.220941
-0.026564
-0.040995
-0.001611
-0.068032
-0.092579
-0.050419
-0.006738
0.033663
-0.136327
-0.161964
-0.133051
-0.145934
-0.077469
-0.119416
-0.188261
-0.333892
-0.303039
-0.275862
-0.256120
-0.364395
-0.278766
-0.318299
-0.292926
-0.211613
-0.147778
-0.211290
-0.123145
-0.224422
-0.085853
-0.093231
-0.061679
-0.126911
-0.174309
-0.182820
-0.179043
-0.225742
-0.219745
-0.256979
-0.202249
-0.366916
-0.258839
-0.232219
-0.287629
-0.383887
-0.358866
-0.276783
-0.268779
-0.409100
-0.390445
-0.416504
-0.562217
-0.482296
-0.407457
-0.415689
-0.653701
-0.661291
-0.630776
-0.584027
-0.612124
-0.594669
-0.500619
-0.413695
-0.456409
-0.521628
-0.409898
-0.361993
-0.453512
-0.335334
-0.182106
-0.199460
-0.344762
-0.303493
-0.108879
-0.036368
-0.215612
-0.274104
-0.293944
-0.314028
-0.142631
-0.145090
-0.133884
-0.338482
-0.463829
-0.257618
-0.040898
-0.091947
-0.317978
-0.217934
-0.284856
-0.159314
-0.106459
0.013074
-0.218777
-0.229391
-0.174186
0.006582
0.009850
-0.227308
-0.369963
-0.219339
-0.005042
-0.171219
-0.170854
-0.099699
-0.174470
-0.197321
0.005767
0.023920
-0.050549
-0.184694
-0.078580
0.060747
0.019188
-0.147151
-0.232750
-0.264831
-0.303354
-0.226189
-0.121275
-0.268979
-0.270430
-0.341286
-0.211416
-0.056490
-0.107469
-0.258934
-0.139948
0.017056
-0.001753
0.063402
-0.000861
-0.034998
-0.068057
0.017001
0.043327
0.044591
-0.075786
-0.045546
0.058000
0.148989
-0.086979
-0.044985
-0.071427
-0.053948
-0.081056
0.147182
0.144539
0.091078
0.057441
0.197747
0.405696
0.291413
0.208345
0.204189
0.318470
0.202866
0.197525
0.266429
0.147270
-0.064855
0.119959
0.183111
0.064968
-0.176047
-0.098227
0.056073
0.159658
0.140629
0.065435
0.099659
0.155588
0.196660
0.326898
0.353315
0.147924
0.093858
0.170941
0.318695
0.273775
0.115283
0.078406
0.036634
0.020924
-0.062356
0.021449
0.031074
-0.107566
-0.145203
-0.109851
-0.209136
-0.196134
-0.278279
-0.260907
-0.249200
-0.342115
-0.424153
-0.404500
-0.487052
-0.653151
-0.635541
-0.637318
-0.854897
-0.732879
-0.688242
-0.704116
-0.857435
-0.827628
-0.748037
-0.580766
-0.642638
-0.682446
-0.637190
-0.544606
-0.537488
-0.659987
-0.658051
-0.330165
-0.235158
-0.252116
-0.115331
-0.163592
-0.323123
-0.154448
0.021133
0.127201
0.199131
0.455067
0.466179
0.442409
0.392889
0.348540
0.306150
0.081647
0.096545
0.230255
0.215870
0.158161
-0.098857
-0.213165
-0.308816
-0.180709
-0.242098
-0.013429
-0.010287
0.064117
0.070284
0.204427
0.186278
0.080176
0.038298
-0.034335
0.048262
-0.044844
-0.099616
-0.131187
-0.333360
-0.479720
-0.508343
-0.347512
-0.427334
-0.361123
-0.348815
-0.163102
-0.097833
-0.152321
-0.092766
-0.080842
-0.241753
-0.230837
-0.187527
-0.285199
-0.422338
-0.464419
-0.516390
-0.495497
-0.611323
-0.582703
-0.505769
-0.457184
-0.509442
-0.470314
-0.335146
-0.431421
-0.299058
-0.294280
-0.431132
-0.504474
-0.504486
-0.439442
-0.551405
-0.550678
-0.596244
-0.445776
-0.572361
-0.541568
-0.435599
-0.423429
-0.494388
-0.459731
-0.376304
-0.293337
-0.207043
-0.241277
-0.349849
-0.225541
-0.265411
-0.324042
-0.242142
-0.281022
-0.331149
-0.293156
-0.308082
-0.300488
-0.256909
-0.215841
-0.234154
-0.233271
-0.333967
-0.340648
-0.161123
-0.177581
-0.243325
-0.258707
-0.224871
-0.271967
-0.290493
-0.213564
-0.326269
-0.314223
-0.392635
-0.267614
-0.172369
-0.282980
-0.312729
-0.180298
-0.197731
-0.284913
-0.164966
-0.130396
-0.277134
-0.216373
-0.246193
-0.145940
-0.237879
-0.255869
-0.276677
-0.182385
-0.171979
-0.222543
-0.224550
-0.250559
-0.128870
-0.121985
-0.172045
-0.053654
-0.071382
-0.079449
-0.150072
0.055208
0.018814
-0.145652
-0.091927
0.000276
0.107299
-0.067858
-0.001268
0.016061
-0.005687
-0.100840
-0.051549
0.064783
0.078428
0.016187
0.030643
0.140214
0.072690
0.042337
-0.018882
0.145695
0.165309
0.175191
0.137092
0.045388
0.207812
0.206066
0.080485
0.077913
0.270463
0.268748
0.168373
0.247055
0.229777
0.307574
0.178348
0.298892
0.363356
0.408756
0.277138
0.323481
0.324584
0.490736
0.449574
0.351867
0.362342
0.468337
0.400517
0.407153
0.535797
0.577650
0.427668
0.388495
0.271586
0.360761
0.344927
0.462393
0.436665
0.313588
0.299062
0.403957
0.480983
0.422195
0.406519
0.374851
0.480198
0.439066
0.550190
0.493432
0.404972
0.317448
0.393976
0.444590
0.283132
0.162902
0.226572
0.279000
0.287652
0.309231
0.308091
0.264781
0.162620
0.309323
0.407351
0.418647
0.207773
0.318222
0.268659
0.243952
0.166099
0.250834
0.157010
0.080225
0.124899
0.158388
0.203045
0.139023
0.274998
0.214466
0.182164
0.236248
0.240760
0.257656
0.055156
0.079356
0.098706
0.058415
0.033273
-0.052370
-0.034871
-0.098335
-0.006602
-0.103895
-0.081891
-0.033497
0.102174
0.081164
-0.059573
0.086168
0.100761
0.076124
0.024037
0.115843
0.125916
-0.017446
-0.028204
0.058173
0.176079
-0.096677
-0.165923
0.007866
-0.010049
-0.099411
0.031930
0.078370
0.063596
0.044660
0.049750
0.058559
0.127546
0.050817
0.037628
0.019845
-0.087975
-0.050939
-0.094539
-0.086765
-0.026410
0.034648
0.023248
-0.006060
0.011087
0.088688
0.220635
0.154612
0.213253
0.184072
0.253612
0.175526
0.155691
0.244733
0.170642
0.084395
0.295525
0.413118
0.305408
0.367490
0.476238
0.453807
0.518223
0.522104
0.705746
0.719689
0.798299
0.844444
0.878076
0.833098
0.933222
0.950673
0.921370
0.855598
0.969611
1.040622
1.003896
0.823088
0.749487
0.695504
0.697189
0.653645
0.638110
0.430806
0.421166
0.366184
0.417707
0.448202
0.440954
0.338058
0.320246
0.303921
0.342427
0.386669
0.374005
0.241805
0.208371
0.201587
0.101371
0.046575
-0.099483
-0.129249
-0.185414
-0.156758
-0.141003
-0.106218
-0.043717
-0.179186
-0.223328
-0.106599
-0.072380
-0.054401
-0.019496
-0.078953
-0.130554
-0.192729
-0.254904
-0.283030
-0.342251
-0.457882
-0.330188
-0.332329
-0.339543
-0.353775
-0.291877
-0.375922
-0.336968
-0.266913
-0.285724
-0.254920
-0.348095
-0.319139
-0.340793
-0.403985
-0.470881
-0.537059
-0.561283
-0.527149
-0.509496
-0.555648
-0.482938
-0.579524
-0.575090
-0.564185
-0.498192
-0.545831
-0.463929
-0.434253
-0.530833
-0.544029
-0.480465
-0.579422
-0.638798
-0.599142
-0.500627
-0.589838
-0.601910
-0.668851
-0.554855
-0.563196
-0.648106
-0.552127
-0.558657
-0.576665
-0.499595
-0.518827
-0.577654
-0.606761
-0.573497
-0.561704
-0.600226
-0.595312
-0.544966
-0.570157
-0.611072
-0.600715
-0.710504
-0.560381
-0.568515
-0.559020
-0.600945
-0.570286
-0.574292
-0.497458
-0.510296
-0.542043
-0.533164
-0.547774
-0.463602
-0.537597
-0.531421
-0.569629
-0.543110
-0.519053
-0.567939
-0.527183
-0.620748
-0.613073
-0.629995
-0.455687
-0.568315
-0.708711
-0.701582
-0.673685
-0.726940
-0.737225
-0.722600
-0.778715
-0.847447
-0.849033
-0.843884
-0.855272
-0.976184
-0.960946
-0.857942
-0.802145
-0.858837
-0.858392
-0.766817
-0.778849
-0.780045
-0.691310
-0.729850
-0.732971
-0.831991
-0.783461
-0.772709
-0.822967
-0.925356
-0.936682
-0.890645
-0.843473
-0.871500
-0.762419
-0.758367
-0.715103
-0.752691
-0.534438
-0.563335
-0.565276
-0.470602
-0.441568
-0.411949
-0.449612
-0.492645
-0.439906
-0.411456
-0.462062
-0.402133
-0.449375
-0.489570
-0.515810
-0.510711
-0.401053
-0.400228
-0.477544
-0.451488
-0.403381
-0.434186
-0.421939
-0.414052
-0.310037
-0.335664
-0.413878
-0.349828
-0.326210
-0.341511
-0.363445
-0.378581
-0.408349
-0.487457
-0.339391
-0.354891
-0.353063
-0.401372
-0.480619
-0.414768
-0.367729
-0.418158
-0.436674
-0.393874
-0.460691
-0.527601
-0.543173
-0.500923
-0.605527
-0.664053
-0.537134
-0.581969
-0.544395
-0.734843
-0.568108
-0.587801
-0.610921
-0.567763
-0.567538
-0.515130
-0.610042
-0.509978
-0.554059
-0.646770
-0.562026
-0.593788
-0.609837
-0.718857
-0.696975
-0.689868
-0.746889
-0.871992
-0.923607
-0.933364
-1.025336
-1.126628
-1.165938
-1.201733
-1.284157
-1.484910
-1.471666
-1.546053
-1.635980
-1.674165
-1.771460
-1.857719
-1.846643
-1.848032
-1.904155
-2.051327
-2.078246
-2.136162
-2.085448
-2.299705
-2.211043
-2.386773
-2.362398
-2.514843
-2.395716
-2.478115
-2.498531
-2.606287
-2.677799
-2.587423
-2.747889
-2.683940
-2.802896
-2.798960
-2.891175
-2.904910
-2.900902
-3.042363
-3.142272
-3.134390
-3.156968
-3.247749
-3.274382
-3.147584
-3.370695
-3.314351
-3.371211
-3.280427
-3.349199
-3.411959
-3.417126
-3.450261
-3.369185
-3.502335
-3.510127
-3.564284
-3.566714
-3.640814
-3.643858
-3.661523
-3.633854
-3.733962
-3.785225
-3.752393
-3.775446
-3.849124
-3.889483
-3.857058
-4.019039
-4.046892
-4.138086
-4.171751
-4.307879
-4.356101
-4.449355
-4.537535
-4.604822
-4.651166
-4.794723
-4.810191
-4.941516
-4.956924
-5.065607
-5.038096
-5.144053
-5.225350
-5.325490
-5.265508
-5.386487
-5.502122
-5.513717
-5.588820
-5.569536
-5.690201
-5.820716
-5.887255
-5.911695
-6.049898
-6.043280
-6.265724
-6.311682
-6.460982
-6.523220
-6.714426
-6.747478
-6.939774
-7.068939
-7.161491
-7.300145
-7.445292
-7.467477
-7.601500
-7.782218
-7.899093
-8.016609
-8.064094
-8.234022
-8.334064
-8.361279
-8.479320
-8.622948
-8.794331
-8.838997
-8.970863
-9.149373
-9.308611
-9.358988
-9.632030
-9.814740
-9.981657
-10.112765
-10.325206
-10.582250
-10.736382
-10.906433
-11.078009
-11.217473
-11.441828
-11.537365
-11.688531
-11.962970
-12.091773
-12.250363
-12.366574
-12.579723
-12.823271
-12.995110
-13.229001
-13.424098
-13.693079
-13.848535
-14.058058
-14.213356
-14.505683
-14.744705
-14.844268
-15.004111
-15.271006
-15.481206
-15.582516
-15.902733
-16.134535
-16.314301
-16.506361
-16.772333
-17.116476
-17.272764
-17.514227
-17.665562
-18.082119
-18.274340
-18.486101
-18.626535
-18.902540
-19.082224
-19.267706
-19.496992
-19.769482
-19.913935
-20.036095
-20.238836
-20.546570
-20.786840
-20.821953
-21.038788
-21.267307
-21.487511
-21.785543
-21.862202
-22.108358
-22.255384
-22.552683
-22.743973
-23.089865
-23.230009
-23.285435
-23.626875
-23.957577
-24.167095
-24.333408
-24.616919
-24.789707
-25.036938
-25.276300
-25.466946
-25.675034
-25.921116
-26.169306
-26.390743
-26.771034
-26.976389
-27.187803
-27.400681
-27.762093
-28.002813
-28.262903
-28.484079
-28.729904
-29.043167
-29.226643
-29.404879
-29.676197
-29.910088
-30.157030
-30.297625
-30.493467
-30.845427
-31.030302
-31.216360
-31.499691
-31.748562
-31.994617
-32.208294
-32.423817
-32.667381
-32.851547
-33.190819
-33.365650
-33.483860
-33.689423
-33.804184
-34.112106
-34.309273
-34.430820
-34.548267
-34.822178
-34.938557
-35.189423
-35.338123
-35.449078
-35.615131
-35.873913
-35.985012
-36.082321
-36.402504
-36.487362
-36.666721
-36.777313
-37.010674
-37.200687
-37.345348
-37.376713
-37.479832
-37.716019
-37.964622
-38.028507
-38.208832
-38.308403
-38.513031
-38.685749
-38.837547
-38.954987
-39.199493
-39.250854
-39.441422
-39.681778
-39.830353
-39.885105
-40.034649
-40.278355
-40.441677
-40.515102
-40.652020
-40.893581
-40.990685
-41.126072
-41.219978
-41.478676
-41.601898
-41.675526
-41.790665
-41.982758
-42.182831
-42.162472
-42.348015
-42.546715
-42.655098
-42.834229
-42.937237
-43.117931
-43.281837
-43.268913
-43.432381
-43.618313
-43.783203
-43.835621
-44.019230
-44.178623
-44.186371
-44.420975
-44.451008
-44.641762
-44.695957
-44.792377
-44.940739
-45.097076
-45.072636
-45.143845
-45.237698
-45.267181
-45.393005
-45.502937
-45.552296
-45.488575
-45.595459
-45.747337
-45.791748
-45.885441
-45.871967
-46.020748
-46.045956
-46.151928
-46.218163
-46.240948
-46.368206
-46.396378
-46.531441
-46.436829
-46.540524
-46.604431
-46.613831
-46.750572
-46.806911
-46.861046
-46.758160
-46.960754
-46.977760
-47.199295
-47.276505
-47.401726
-47.320038
-47.430733
-47.476612
-47.630745
-47.697121
-47.750862
-47.845261
-47.823780
-47.892979
-48.029167
-48.084064
-48.054935
-48.093292
-48.326454
-48.415173
-48.286469
-48.447338
-48.435856
-48.618710
-48.593380
-48.741962
-48.812946
-48.717121
-48.860699
-48.990601
-49.027740
-48.944656
-48.965309
-49.221855
-49.307793
-49.347492
-49.374226
-49.553844
-49.518745
-49.693329
-49.700146
-49.695938
-49.893833
-49.966949
-50.029140
-50.025024
-50.101116
-50.151573
-50.145515
-50.252300
-50.359406
-50.340992
-50.447128
-50.517590
-50.580910
-50.669849
-50.795525
-50.735172
-50.856224
-51.030464
-51.131294
-51.143997
-51.264442
-51.383739
-51.407658
-51.580631
-51.636314
-51.599304
-51.733555
-52.023926
-52.069771
-52.074627
-52.147350
-52.358109
-52.480381
-52.490631
-52.613750
-52.706970
-52.765591
-52.833214
-53.020027
-53.176315
-53.202133
-53.196129
-53.385868
-53.556034
-53.568363
-53.524376
-53.801804
-53.909466
-53.936150
-53.998604
-54.141399
-54.287167
-54.289165
-54.300800
-54.524097
-54.516251
-54.619595
-54.693008
-54.758018
-54.823124
-55.043514
-54.956867
-55.007130
-55.146164
-55.244186
-55.296169
-55.297894
-55.438393
-55.522743
-55.517395
-55.614029
-55.758354
-55.869682
-55.869080
-55.873344
-56.040905
-56.151459
-56.258518
-56.212246
-56.377453
-56.445366
-56.562817
-56.451519
-56.664890
-56.819180
-56.708279
-56.859894
-56.912754
-57.086178
-57.000431
-57.158119
-57.276638
-57.335999
-57.387737
-57.397213
-57.552639
-57.697186
-57.619091
-57.734783
-57.808487
-57.938046
-57.834740
-58.049339
-58.102760
-58.263565
-58.194279
-58.277283
-58.273647
-58.407784
-58.457489
-58.548786
-58.580437
-58.624287
-58.663677
-58.584908
-58.840702
-58.882843
-58.858601
-58.926430
-58.936825
-59.100101
-59.117012
-59.057400
-59.120178
-59.270908
-59.211319
-59.254948
-59.470352
-59.355778
-59.409199
-59.467789
-59.601181
-59.474068
-59.673996
-59.721222
-59.709118
-59.695900
-59.839794
-59.836720
-59.857063
-59.942490
-59.978706
-59.941605
-60.050209
-60.054031
-60.102871
-60.098274
-60.232834
-60.222111
-60.217098
-60.100662
-60.283672
-60.276604
-60.274937
-60.358105
-60.304996
-60.359337
-60.509396
-60.485859
-60.329815
-60.430874
-60.542862
-60.547085
-60.450500
-60.540970
-60.570431
-60.515163
-60.607574
-60.672783
-60.556011
-60.543438
-60.643341
-60.591850
-60.679226
-60.610687
-60.681324
-60.546200
-60.724945
-60.667267
-60.591461
-60.756599
-60.681477
-60.615154
-60.775597
-60.919884
-60.679363
-60.648373
-60.840954
-60.814014
-60.812016
-60.666599
-60.904705
-60.928127
-60.746555
-60.907497
-60.955463
-60.903587
-60.843208
-60.939941
-60.961189
-60.925816
-61.022980
-60.972885
-61.091709
-61.011925
-61.131290
-60.917797
-61.079861
-61.093281
-61.082165
-61.061687
-61.088135
-61.212051
-61.113289
-60.964905
-61.139072
-61.113125
-61.016747
-60.974953
-61.236549
-61.004902
-61.003448
-61.062706
-61.006535
-60.922215
-61.076981
-60.982876
-60.902290
-60.913097
-60.924328
-60.837414
-60.934235
-60.892765
-60.849995
-60.797272
-60.908390
-60.790131
-60.810822
-60.852440
-60.822468
-60.728813
-60.833313
-60.824562
-60.718403
-60.677418
-60.695961
-60.793842
-60.664558
-60.764584
-60.729546
-60.686405
-60.561298
-60.690044
-60.662468
-60.602806
-60.537182
-60.696190
-60.638309
-60.602562
-60.402893
-60.676678
-60.640736
-60.610443
-60.507637
-60.445946
-60.573696
-60.587524
-60.448196
-60.316410
-60.517185
-60.397202
-60.422192
-60.301628
-60.418320
-60.381523
-60.216808
-60.207958
-60.220318
-60.155548
-60.139919
-60.196728
-60.077469
-60.058887
-60.002129
-59.974960
-59.976742
-59.885689
-59.862366
-59.843185
-59.864811
-59.729221
-59.725994
-59.646137
-59.660809
-59.567017
-59.598103
-59.421303
-59.496719
-59.407684
-59.365780
-59.244991
-59.153511
-59.150120
-59.124790
-59.079807
-58.962997
-58.987377
-58.962269
-58.869991
-58.784653
-58.735123
-58.709072
-58.631393
-58.595791
-58.599442
-58.527473
-58.524120
-58.333637
-58.395664
-58.326538
-58.237053
-58.250099
-58.209393
-58.115673
-58.029789
-58.090630
-58.102749
-57.984989
-57.909546
-57.951153
-57.913551
-57.821239
-57.784325
-57.702164
-57.696175
-57.608494
-57.627151
-57.458237
-57.545742
-57.488125
-57.481853
-57.408558
-57.408749
-57.357319
-57.313156
-57.311150
-57.243473
-57.357296
-57.254642
-57.215595
-57.246300
-57.189083
-57.162849
-57.137741
-57.132767
-57.119347
-57.079269
-57.008839
-57.044708
-57.120922
-57.111118
-57.092808
-56.885166
-57.183270
-57.140060
-57.098606
-57.089703
-57.220215
-57.239632
-57.062946
-57.090500
-57.299507
-57.177448
-57.176834
-57.270489
-57.285801
-57.212574
-57.353363
-57.265564
-57.206310
-57.293507
-57.435726
-57.407887
-57.241814
-57.406231
-57.548775
-57.362839
-57.437248
-57.532677
-57.608456
-57.373989
-57.495541
-57.658661
-57.585464
-57.391937
-57.653671
-57.669209
-57.582008
-57.627850
-57.649422
-57.690548
-57.694508
-57.697342
-57.650730
-57.734398
-57.724705
-57.721127
-57.836819
-57.889847
-57.791153
-57.761986
-57.865215
-57.783035
-58.003719
-57.962261
-57.962154
-57.951729
-58.008343
-57.894985
-57.959873
-58.089912
-58.061069
-57.996323
-58.000126
-58.115711
-58.042027
-58.094398
-58.117710
-58.062008
-58.009670
-58.175068
-58.198238
-58.205147
-58.136211
-58.107754
-58.120037
-58.136292
-58.193569
-58.081821
-58.129528
-58.222000
-58.129055
-58.100838
-58.161568
-58.229046
-58.143692
-58.024574
-58.250294
-58.281471
-58.163563
-58.140484
-58.299179
-58.365471
-58.324070
-58.322208
-58.340248
-58.423973
-58.391132
-58.399071
-58.382458
-58.499466
-58.391941
-58.427448
-58.374931
-58.483738
-58.389931
-58.303169
-58.409992
-58.425972
-58.313583
-58.413719
-58.383854
-58.395435
-58.310017
-58.278366
-58.271214
-58.267250
-58.262112
-58.066353
-58.223343
-58.181335
-58.139912
-57.831421
-57.934250
-58.204323
-58.136791
-57.842216
-57.938221
-58.141407
-58.057148
-57.963615
-57.920403
-57.945129
-58.082928
-57.833065
-57.898750
-57.861950
-57.931080
-57.914394
-57.880299
-57.994400
-57.697983
-57.842361
-57.885029
-57.998325
-57.913807
-57.644493
-57.894306
-57.808109
-57.976978
-57.703846
-57.912659
-57.805492
-57.757504
-57.788322
-57.936642
-57.939133
-57.606663
-57.728981
-57.783352
-57.918369
-57.695614
-57.673878
-57.834286
-57.745255
-57.700436
-57.655022
-57.826313
-57.680672
-57.733631
-57.765396
-57.822914
-57.610813
-57.639824
-57.599625
-57.752270
-57.637123
-57.583279
-57.575989
-57.665863
-57.617790
-57.517021
-57.605331
-57.478039
-57.524208
-57.555130
-57.510860
-57.500355
-57.608295
-57.501507
-57.392822
-57.439423
-57.480938
-57.401508
-57.427048
-57.435154
-57.458801
-57.436939
-57.277870
-57.335670
-57.188152
-57.332397
-57.286526
-57.258854
-57.112297
-57.184662
-57.073265
-57.143005
-57.032665
-56.948326
-56.873447
-56.833138
-56.866737
-56.744934
-56.656147
-56.642830
-56.467842
-56.491447
-56.328144
-56.347454
-56.249279
-56.279770
-56.104973
-56.060120
-55.957851
-55.823330
-55.846230
-55.705841
-55.668060
-55.531197
-55.380035
-55.474361
-55.300388
-55.207535
-54.922836
-55.021751
-54.982174
-54.905098
-54.601913
-54.690544
-54.780621
-54.488255
-54.373161
-54.396671
-54.426319
-54.204544
-54.151276
-54.269073
-54.104832
-53.926655
-53.841118
-53.932640
-53.817883
-53.621948
-53.599152
-53.566616
-53.574211
-53.531097
-53.448723
-53.425549
-53.332306
-53.392822
-53.245956
-53.345490
-53.182472
-53.255211
-53.161880
-53.067493
-53.146957
-53.149292
-52.902058
-53.038162
-53.036888
-52.958027
-52.939697
-52.966988
-52.912762
-52.801708
-52.967796
-52.836670
-52.811073
-52.814201
-52.799904
-52.834820
-52.778542
-52.753117
-52.713871
-52.767193
-52.623356
-52.733723
-52.696846
-52.582848
-52.725204
-52.635899
-52.737961
-52.598984
-52.600273
-52.520790
-52.694763
-52.612267
-52.675316
-52.464176
-52.457256
-52.656513
-52.500488
-52.416439
-52.514198
-52.382698
-52.321117
-52.364155
-52.451725
-52.364117
-52.304710
-52.252674
-52.220276
-52.223999
-52.290489
-52.148689
-52.074501
-52.051609
-52.136894
-52.043064
-51.888794
-51.980347
-51.972130
-51.919918
-51.805706
-51.908062
-51.925468
-51.881130
-51.779629
-51.712143
-51.773186
-51.549767
-51.561131
-51.584499
-51.605934
-51.556446
-51.396461
-51.399773
-51.353439
-51.250225
-51.123802
-51.072796
-51.204342
-51.047764
-50.896328
-50.860168
-50.924629
-50.784348
-50.600883
-50.755608
-50.727749
-50.564671
-50.535019
-50.507156
-50.419785
-50.239590
-50.134693
-50.207298
-50.243015
-49.980583
-49.960045
-50.009686
-49.790443
-49.678940
-49.744915
-49.734043
-49.676758
-49.482151
-49.568481
-49.535061
-49.401196
-49.223797
-49.225315
-49.216488
-49.130611
-49.179707
-49.056873
-49.038868
-48.943096
-48.899242
-48.859604
-48.922848
-48.833263
-48.738636
-48.815712
-48.855141
-48.701214
-48.649002
-48.606251
-48.542191
-48.410404
-48.525410
-48.444542
-48.562626
-48.505062
-48.221317
-48.291698
-48.383942
-48.369572
-48.229305
-48.266800
-48.313988
-48.386696
-48.288414
-48.151154
-48.254574
-48.266666
-48.335136
-48.092220
-48.306118
-48.220818
-48.156246
-48.195740
-48.223255
-48.212921
-48.211674
-48.148346
-48.161282
-48.148022
-48.146812
-48.195671
-48.165916
-48.176895
-48.146351
-48.127979
-48.035690
-48.141792
-48.012287
-48.146957
-48.106277
-48.056301
-47.988823
-48.039665
-48.142609
-48.025482
-48.037586
-47.960938
-47.916424
-47.872681
-47.960274
-47.905621
-47.749031
-47.774136
-47.726379
-47.613026
-47.664677
-47.864624
-47.770523
-47.762016
-47.750443
-47.895039
-47.878269
-47.846275
-47.793385
-47.989319
-47.802059
-47.591862
-47.769447
-47.893398
-47.777271
-47.712456
-47.767872
-47.668972
-47.549393
-47.558037
-47.741215
-47.610569
-47.554714
-47.539322
-47.601871
-47.519886
-47.384754
-47.424576
-47.572136
-47.530506
-47.444393
-47.354893
-47.323872
-47.318657
-47.205704
-47.076260
-47.333385
-47.305588
-47.213074
-47.146282
-47.248177
-47.223457
-47.029613
-47.046268
-46.986794
-46.974018
-46.943275
-47.012573
-46.874790
-46.859997
-46.648605
-46.590130
-46.534599
-46.614960
-46.645378
-46.491703
-46.377129
-46.374908
-46.355965
-46.302723
-46.147484
-46.313900
-46.174870
-46.137718
-46.113228
-46.298584
-46.108711
-46.065083
-46.153652
-45.979031
-45.872719
-45.969727
-46.111366
-45.875095
-45.968178
-45.992046
-45.920685
-45.723980
-45.923420
-45.879250
-45.817329
-45.858768
-45.825012
-45.781628
-45.753990
-45.742622
-45.570633
-45.664494
-45.643684
-45.417110
-45.613857
-45.715034
-45.655251
-45.649776
-45.659588
-45.610607
-45.647041
-45.543182
-45.688732
-45.735317
-45.461075
-45.393196
-45.695633
-45.572544
-45.330841
-45.384068
-45.473186
-45.698238
-45.648426
-45.544514
-45.466900
-45.763332
-45.732746
-45.535351
-45.672974
-45.674477
-45.655041
-45.584488
-45.635975
-45.711575
-45.536442
-45.340664
-45.320160
-45.540909
-45.381447
-45.351093
-45.627842
-45.371761
-45.166275
-45.210781
-45.372849
-45.420204
-45.464355
-45.342663
-45.323620
-45.395443
-45.259247
-45.371174
-45.254787
-45.126171
-45.014248
-45.025574
-45.171474
-45.078793
-44.978886
-44.862305
-44.848858
-44.840080
-44.661922
-44.954639
-44.872768
-44.623543
-44.617973
-44.894844
-44.898994
-44.521832
-44.621704
-44.678833
-44.637333
-44.611973
-44.596184
-44.561981
-44.339802
-44.286858
-44.252205
-44.146389
-44.063698
-43.910843
-43.889492
-43.845043
-43.880573
-43.683384
-43.627689
-43.425991
-43.240051
-43.355293
-43.224346
-43.186989
-43.097233
-43.052010
-42.956795
-43.061966
-42.967876
-42.675255
-42.546730
-42.603386
-42.624901
-42.788033
-42.463638
-42.348011
-42.269314
-42.447578
-42.236301
-42.116409
-42.242786
-42.265095
-42.122055
-41.860054
-42.118328
-42.046898
-41.854290
-41.822559
-41.707581
-41.827423
-41.697884
-41.637173
-41.694843
-41.869354
-41.768902
-41.771595
-41.900333
-41.832695
-41.609730
-41.802864
-41.801064
-41.898006
-41.698864
-41.735722
-41.672497
-41.831379
-41.857765
-41.720139
-41.601093
-41.365242
-41.445770
-41.555740
-41.962505
-41.832539
-41.518898
-41.431263
-41.292862
-41.491108
-41.568817
-41.557186
-41.532448
-41.682274
-41.750767
-41.557178
-41.614677
-41.650322
-41.738007
-41.645386
-41.649395
-41.725941
-41.905224
-41.847149
-41.659924
-41.680077
-41.741798
-41.710354
-41.646210
-41.742424
-41.623554
-41.584415
-41.757412
-41.598305
-41.770405
-41.749218
-41.741043
-41.764282
-41.765797
-41.797981
-41.735996
-41.911247
-41.905949
-41.705666
-41.620815
-41.373245
-41.523544
-41.537315
-41.420891
-41.236626
-41.307503
-41.452152
-41.196590
-41.108665
-41.250187
-41.153042
-41.042332
-41.076996
-41.147289
-41.146000
-41.120407
-40.864876
-40.715973
-40.892227
-40.654148
-40.641304
-40.652554
-40.813770
-40.594433
-40.434467
-40.461143
-40.423904
-40.523148
-40.382572
-40.371372
-40.420761
-40.474106
-40.382744
-40.410450
-40.462242
-40.176842
-40.160702
-40.321548
-40.388447
-40.319897
-40.203766
-40.352757
-40.294174
-40.257866
-40.171246
-40.294979
-40.177002
-40.350986
-40.222515
-40.370232
-40.221016
-40.257942
-40.238972
-40.298275
-40.122158
-40.257000
-40.223717
-40.094318
-40.129513
-40.124020
-40.194920
-39.999474
-40.093273
-40.014641
-39.919197
-40.056286
-40.029190
-39.955208
-39.906025
-40.013496
-40.001606
-39.906002
-39.930782
-39.894764
-39.904537
-39.857204
-39.940159
-39.897141
-39.835560
-39.874226
-39.701859
-39.711369
-39.744110
-39.855434
-39.631962
-39.604607
-39.808464
-39.710522
-39.616123
-39.785217
-39.871643
-39.779278
-39.717911
-39.685486
-39.784534
-39.766575
-39.846931
-39.783672
-39.670536
-39.736851
-39.884140
-39.604897
-39.675915
-39.725521
-39.823078
-39.645199
-39.737743
-39.724117
-39.637894
-39.577839
-39.615978
-39.770172
-39.586182
-39.537937
-39.596218
-39.565861
-39.440781
-39.377144
-39.449543
-39.509045
-39.549530
-39.408051
-39.390453
-39.520817
-39.450893
-39.266899
-39.415447
-39.416256
-39.477173
-39.354435
-39.463753
-39.510265
-39.430374
-39.145477
-39.333912
-39.564610
-39.408409
-39.244854
-39.337376
-39.475948
-39.317245
-39.164173
-39.238354
-39.301567
-39.215618
-39.074242
-39.282730
-39.238407
-39.245968
-38.993244
-38.958885
-39.196297
-39.067913
-39.039146
-39.004509
-39.046822
-38.939190
-38.981239
-38.886452
-38.895771
-38.867470
-38.872341
-38.775993
-38.922993
-38.787762
-38.764614
-38.696388
-38.663265
-38.731377
-38.805103
-38.702984
-38.655830
-38.558640
-38.654804
-38.592392
-38.572838
-38.540382
-38.788773
-38.458252
-38.400776
-38.498016
-38.542309
-38.487297
-38.394573
-38.453468
-38.415871
-38.422024
-38.345650
-38.380810
-38.313999
-38.240234
-38.353588
-38.147762
-38.212719
-38.236179
-38.091751
-38.040565
-38.067783
-38.141476
-37.984730
-38.022343
-37.896694
-37.985508
-37.900120
-37.979790
-37.805000
-37.812172
-37.879299
-37.776939
-37.713367
-37.720028
-37.678017
-37.722195
-37.717815
-37.524326
-37.479916
-37.551384
-37.459435
-37.536476
-37.530472
-37.445702
-37.370018
-37.288944
-37.429798
-37.239666
-37.313072
-37.131596
-37.106136
-37.266041
-37.209129
-36.948944
-37.045898
-37.041119
-36.888649
-36.819378
-36.916267
-36.725262
-36.750484
-36.581226
-36.714108
-36.647675
-36.583828
-36.392155
-36.553795
-36.472759
-36.506672
-36.235909
-36.282444
-36.372192
-36.276077
-36.136539
-36.081078
-36.163467
-36.108875
-36.003292
-35.900444
-35.965778
-35.819168
-35.889057
-35.849091
-35.784657
-35.774059
-35.718826
-35.635567
-35.778339
-35.721340
-35.515797
-35.601471
-35.704865
-35.480145
-35.572128
-35.518803
-35.459076
-35.306999
-35.515541
-35.432175
-35.485271
-35.461567
-35.453201
-35.321018
-35.438263
-35.344311
-35.340668
-35.431583
-35.364502
-35.349289
-35.213184
-35.359165
-35.363125
-35.477001
-35.380703
-35.286060
-35.347198
-35.527454
-35.335766
-35.290936
-35.533928
-35.364586
-35.350586
-35.481071
-35.526299
-35.460159
-35.423264
-35.519924
-35.492168
-35.547070
-35.516483
-35.531326
-35.518402
-35.683876
-35.653728
-35.639400
-35.675213
-35.665531
-35.614639
-35.532093
-35.703739
-35.877602
-35.775295
-35.761925
-35.825409
-35.859138
-35.618248
-35.792515
-35.786221
-35.832668
-35.940304
-35.808525
-35.920250
-35.848827
-35.896240
-35.797901
-35.909710
-35.922230
-35.824226
-35.968513
-35.913795
-36.012257
-35.868401
-35.785816
-35.780186
-35.937664
-36.039734
-35.732151
-35.908764
-35.889793
-35.883869
-35.789494
-35.866516
-35.878159
-35.850590
-35.764172
-35.870106
-35.845100
-35.722019
-35.790016
-35.830212
-35.750061
-35.833858
-35.735390
-35.676582
-35.731823
-35.763573
-35.712856
-35.707260
-35.729607
-35.693260
-35.729702
-35.751759
-35.494572
-35.709850
-35.656570
-35.554718
-35.607582
-35.716866
-35.569069
-35.462425
-35.632629
-35.526394
-35.563011
-35.367947
-35.459091
-35.425865
-35.443447
-35.412983
-35.349144
-35.285168
-35.286175
-35.230713
-35.018169
-35.185738
-35.053543
-35.046703
-35.032581
-34.920990
-34.931202
-34.784485
-34.805634
-34.641510
-34.621052
-34.663544
-34.711750
-34.519691
-34.353451
-34.483295
-34.454224
-34.299915
-34.176903
-34.054131
-34.049183
-34.042316
-34.056389
-33.902119
-33.771973
-33.754009
-33.645679
-33.655365
-33.560947
-33.533279
-33.374111
-33.435516
-33.294312
-33.393078
-33.322575
-33.137123
-33.131916
-33.052948
-33.132637
-33.032730
-33.086102
-33.001698
-33.029274
-32.903439
-32.888130
-32.908333
-32.928707
-32.900211
-32.797916
-32.926807
-32.750198
-32.816525
-32.836979
-32.807541
-32.791481
-32.710136
-32.831676
-32.790882
-32.762558
-32.602654
-32.823887
-32.868011
-32.804802
-32.659695
-32.713104
-32.902260
-32.716553
-32.622082
-32.716434
-32.828102
-32.843697
-32.799000
-32.688469
-32.871857
-32.864830
-32.788330
-32.888817
-32.767334
-32.873241
-32.882874
-32.985348
-32.835747
-33.000797
-32.912968
-32.792255
-32.860458
-32.898304
-33.009842
-32.925842
-32.931362
-32.811604
-32.892185
-32.894527
-32.753754
-32.787266
-32.853462
-32.770020
-32.782127
-32.846127
-32.851440
-32.756893
-32.874367
-32.815796
-32.773010
-32.948040
-32.929359
-32.977619
-32.997570
-33.047062
-32.942371
-32.991241
-32.973251
-32.973953
-33.019993
-32.958805
-33.143467
-32.918842
-32.949490
-33.043354
-33.092037
-32.990837
-33.102734
-33.029423
-33.181995
-33.101570
-33.108540
-32.985622
-33.291828
-33.191895
-33.169979
-32.976780
-33.219330
-33.158516
-33.190254
-33.236279
-33.357578
-33.417904
-33.252190
-33.269035
-33.438519
-33.582520
-33.459248
-33.359703
-33.517406
-33.498520
-33.285225
-33.340397
-33.471405
-33.594028
-33.448357
-33.323364
-33.433510
-33.712452
-33.478355
-33.427242
-33.694916
-33.777855
-33.506081
-33.370304
-33.822384
-33.733330
-33.617615
-33.529816
-33.749180
-33.590923
-33.544472
-33.639053
-33.557896
-33.748970
-33.694611
-33.567719
-33.533661
-33.785736
-33.621441
-33.688892
-33.940037
-33.758789
-33.560127
-33.664307
-33.672935
-33.738445
-33.823780
-33.871841
-33.565487
-33.547901
-33.739834
-33.815887
-33.706829
-33.701412
-33.584026
-33.509449
-33.846352
-33.639481
-33.743668
-33.326870
-33.524090
-33.658264
-33.758060
-33.487598
-33.449074
-33.414051
-33.622936
-33.467930
-33.346630
-33.448830
-33.482311
-33.550694
-33.340549
-33.504368
-33.308537
-33.290417
-33.158279
-33.242989
-33.183598
-33.252293
-33.249531
-33.192467
-33.114277
-32.986889
-33.114048
-32.950287
-33.035465
-33.071369
-32.935322
-32.996834
-32.813744
-32.843628
-33.004086
-32.856419
-32.575352
-32.704639
-32.955994
-32.742413
-32.732182
-32.720551
-32.807247
-32.612587
-32.582039
-32.700489
-32.641148
-32.646065
-32.276890
-32.620445
-32.601299
-32.630356
-32.365936
-32.381489
-32.609974
-32.465843
-32.495651
-32.183807
-32.526394
-32.474010
-32.478554
-32.505215
-32.424419
-32.470749
-32.297070
-32.558498
-32.450825
-32.549828
-32.472755
-32.554504
-32.603382
-32.571850
-32.537766
-32.513065
-32.457466
-32.633625
-32.678532
-32.915054
-32.648308
-32.726765
-32.777702
-32.764992
-32.868637
-32.772690
-32.962994
-32.768047
-32.920105
-32.834995
-32.832771
-32.961735
-32.927761
-32.933475
-32.836262
-33.005299
-33.023849
-33.104103
-32.997387
-33.074276
-33.228886
-33.022224
-33.253746
-33.268604
-33.328846
-33.162529
-33.241924
-33.401588
-33.416622
-33.306416
-33.284485
-33.396820
-33.524387
-33.544918
-33.440128
-33.439072
-33.414509
-33.565586
-33.525890
-33.615070
-33.623386
-33.439972
-33.430511
-33.699169
-33.718048
-33.448620
-33.441826
-33.489307
-33.751362
-33.630672
-33.526184
-33.528511
-33.550568
-33.472969
-33.576527
-33.533424
-33.575127
-33.500835
-33.495098
-33.540588
-33.514149
-33.600357
-33.360825
-33.479816
-33.578205
-33.477829
-33.424034
-33.579895
-33.544861
-33.290142
-33.542591
-33.473026
-33.312855
-33.477364
-33.493374
-33.357498
-33.619476
-33.317871
-33.347736
-33.505764
-33.521614
-33.432323
-33.605850
-33.457367
-33.553215
-33.412930
-33.590614
-33.396503
-33.534866
-33.612743
-33.354916
-33.491844
-33.552639
-33.541092
-33.308941
-33.503925
-33.431515
-33.615974
-33.405254
-33.465832
-33.434975
-33.656487
-33.481022
-33.479774
-33.384892
-33.411259
-33.435776
-33.452229
-33.466816
-33.519112
-33.518528
-33.507000
-33.301910
-33.298096
-33.688877
-33.500999
-33.407139
-33.431992
-33.658333
-33.533882
-33.383827
-33.579224
-33.613186
-33.566875
-33.522171
-33.563145
-33.517021
-33.618591
-33.557339
-33.603748
-33.591007
-33.532185
-33.546909
-33.581871
-33.605366
-33.479553
-33.566414
-33.578110
-33.662151
-33.633125
-33.556446
-33.612370
-33.583031
-33.637417
-33.532795
-33.562424
-33.739056
-33.770691
-33.656136
-33.387753
-33.802330
-33.735958
-33.521915
-33.622234
-33.819340
-33.702477
-33.616615
-33.775440
-33.722286
-33.639420
-33.629208
-33.626171
-33.580429
-33.856583
-33.754654
-33.568668
-33.666409
-33.614319
-33.598610
-33.713379
-33.649487
-33.608978
-33.608532
-33.497238
-33.731182
-33.748722
-33.493149
-33.416370
-33.635262
-33.736904
-33.610191
-33.430000
-33.449684
-33.608212
-33.487606
-33.449341
-33.594849
-33.509571
-33.384457
-33.383884
-33.565201
-33.654331
-33.457439
-33.228004
-33.435226
-33.592682
-33.506962
-33.395069
-33.338814
-33.471996
-33.447952
-33.386772
-33.448689
-33.309475
-33.404804
-33.442551
-33.541367
-33.369076
-33.370945
-33.297215
-33.623516
-33.559597
-33.418716
-33.315590
-33.566784
-33.471634
-33.570366
-33.562145
-33.592041
-33.570202
-33.494549
-33.811382
-33.419685
-33.708252
-33.474262
-33.660412
-33.410145
-33.631336
-33.571728
-33.629307
-33.420048
-33.407940
-33.631718
-33.624035
-33.471405
-33.476707
-33.495663
-33.573395
-33.679390
-33.449688
-33.310360
-33.548431
-33.524681
-33.508144
-33.665726
-33.559795
-33.426907
-33.580055
-33.495789
-33.589062
-33.610149
-33.589157
-33.540268
-33.458935
-33.623878
-33.595421
-33.623093
-33.493652
-33.526829
-33.706707
-33.503281
-33.639431
-33.650494
-33.606464
-33.496902
-33.663467
-33.765377
-33.590843
-33.610207
-33.755798
-33.873066
-33.645210
-33.612244
-33.788960
-33.768261
-33.583744
-33.755596
-33.801544
-33.732147
-33.633816
-33.682415
-33.793064
-33.858490
-33.599781
-33.805130
-33.689934
-33.929836
-33.657993
-33.806381
-33.853203
-33.666458
-33.766045
-33.818123
-33.835388
-33.780499
-33.716232
-33.798721
-33.697174
-33.880833
-33.811481
-33.759285
-33.868534
-33.810883
-33.902031
-33.632778
-33.960663
-33.724968
-33.723263
-33.739452
-33.793774
-33.680187
-33.709572
-33.754417
-33.547531
-33.842953
-33.629913
-33.709518
-33.741001
-33.846912
-33.599564
-33.651669
-33.869427
-33.657974
-33.761448
-33.812950
-33.735714
-33.834282
-33.685474
-33.786602
-33.812973
-33.775635
-33.737064
-33.728241
-33.841122
-33.803337
-33.814133
-33.762901
-33.965794
-33.740536
-33.840923
-33.977325
-33.908470
-33.732677
-33.908607
-34.021034
-33.934952
-33.995377
-33.658768
-33.999207
-34.023170
-33.987648
-33.783798
-33.973343
-33.980492
-33.868053
-33.723896
-33.835140
-33.816055
-33.812641
-33.736740
-33.889954
-33.769089
-33.771732
-33.812294
-33.923031
-33.800472
-33.711853
-33.831547
-33.820805
-34.002682
-33.779102
-33.771469
-33.660023
-33.827065
-33.650356
-33.647636
-34.031147
-33.748203
-33.523991
-33.614643
-33.794876
-33.612312
-33.663960
-33.617512
-33.548569
-33.690845
-33.593170
-33.495140
-33.491039
-33.510952
-33.355732
-33.538620
-33.452610
-33.444775
-33.360641
-33.374245
-33.367249
-33.339172
-33.350372
-33.186260
-33.328144
-33.202835
-33.338730
-33.133499
-33.211170
-33.167950
-33.112576
-32.989449
-33.151165
-33.065704
-32.964237
-33.011726
-33.047779
-32.932468
-32.857750
-33.029766
-32.777264
-32.830021
-32.963226
-32.929543
-32.825302
-32.703163
-32.615593
-32.710453
-32.734795
-32.731358
-32.664322
-32.572453
-32.701073
-32.555580
-32.447372
-32.635044
-32.544209
-32.695011
-32.389786
-32.414318
-32.472652
-32.573242
-32.456318
-32.283436
-32.379719
-32.380371
-32.378563
-32.296661
-32.379452
-32.244766
-32.318966
-32.294804
-32.208939
-32.301285
-32.300720
-32.190643
-32.122009
-32.300797
-32.275314
-32.037674
-32.173214
-32.014862
-32.182602
-32.137920
-32.037922
-32.054668
-32.089268
-32.113094
-32.012421
-32.097488
-32.008537
-32.084846
-31.908262
-32.042465
-32.073189
-32.046715
-31.890070
-31.988966
-32.101025
-32.016254
-31.930126
-31.965590
-32.071442
-31.844307
-31.919815
-32.014740
-32.102943
-31.888624
-31.897644
-31.929392
-32.062222
-31.994320
-32.010281
-32.029892
-32.003689
-31.857040
-32.075310
-32.156548
-31.910158
-31.889343
-32.015388
-31.992304
-32.080605
-31.947710
-32.032318
-31.994040
-32.208660
-31.923370
-31.949493
-32.110657
-31.973579
-31.901558
-32.214920
-32.208237
-31.982199
-31.900101
-32.013802
-32.190865
-32.097801
-32.035717
-31.983768
-32.026104
-32.088989
-32.178089
-32.225544
-32.022884
-32.010082
-32.102070
-32.121479
-32.172966
-32.134235
-32.151951
-31.962048
-32.062473
-32.127338
-32.249794
-32.047054
-31.962700
-32.120899
-32.109848
