Az       (ft/s^2)
-27.032495
-26.774654
-26.792143
-26.925646
-26.960939
-26.944975
-26.837507
-26.940773
-26.951685
-27.006016
-26.827116
-26.914309
-26.996487
-26.911320
-27.004877
-27.025610
-26.902327
-26.899820
-26.946205
-27.055504
-26.977665
-26.979712
-26.950562
-26.982170
-27.022198
-27.100615
-27.030724
-26.882490
-27.021095
-27.049690
-26.972269
-27.054087
-26.940886
-27.067663
-27.102118
-26.981285
-27.084356
-27.109179
-26.958433
-26.945562
-27.158562
-27.105907
-27.160480
-26.978411
-26.986031
-27.070625
-27.207815
-27.092279
-26.972908
-26.981680
-27.180676
-27.246836
-27.143522
-27.101482
-27.082420
-27.052320
-27.141958
-27.257923
-27.094469
-27.270914
-27.049446
-27.108015
-27.172165
-27.317852
-26.964542
-27.166044
-27.211729
-27.226093
-27.211046
-27.171423
-27.253721
-27.143129
-27.135836
-27.239691
-27.389740
-27.291363
-27.113079
-27.233437
-27.218187
-27.290030
-27.190948
-27.196512
-27.188061
-27.338428
-27.284355
-27.076525
-27.307158
-27.254721
-27.256456
-27.350615
-27.417440
-27.169867
-27.293335
-27.336161
-27.226261
-27.361279
-27.403351
-27.164297
-27.310619
-27.337116
-27.391541
-27.355209
-27.312914
-27.335844
-27.509384
-27.288631
-27.373304
-27.435078
-27.374918
-27.346981
-27.509481
-27.311098
-27.471142
-27.512516
-27.419491
-27.182884
-27.395094
-27.517714
-27.315762
-27.293800
-27.487682
-27.424568
-27.448935
-27.267023
-27.360027
-27.383253
-27.479708
-27.368332
-27.451223
-27.459236
-27.560913
-27.395159
-27.339903
-27.395329
-27.533501
-27.594358
-27.451885
-27.441643
-27.460739
-27.412161
-27.534882
-27.407110
-27.457193
-27.371374
-27.395006
-27.523397
-27.474495
-27.368977
-27.371916
-27.444023
-27.378880
-27.586649
-27.339842
-27.339033
-27.385084
-27.562263
-27.378164
-27.482000
-27.387165
-27.429089
-27.438419
-27.387527
-27.464178
-27.552298
-27.327305
-27.399515
-27.541332
-27.670355
-27.306494
-27.476381
-27.394514
-27.582848
-27.517143
-27.534868
-27.502008
-27.529415
-27.480587
-27.464806
-27.580961
-27.531832
-27.473692
-27.493874
-27.560385
-27.670736
-27.490978
-27.452110
-27.616375
-27.631599
-27.456421
-27.631872
-27.590437
-27.551109
-27.555531
-27.654636
-27.584291
-27.747702
-27.515335
-27.680328
-27.735128
-27.759052
-27.637909
-27.740294
-27.656490
-27.718624
-27.726248
-27.839483
-27.730482
-27.593485
-27.648176
-27.738497
-27.769268
-27.694250
-27.733404
-27.566669
-27.710495
-27.681822
-27.660843
-27.640226
-27.738237
-27.734526
-27.646502
-27.615885
-27.764404
-27.736555
-27.640234
-27.628403
-27.870625
-27.543108
-27.751080
-27.607115
-27.697758
-27.717924
-27.807018
-27.657022
-27.720968
-27.806759
-27.630383
-27.739666
-27.723276
-27.761917
-27.783636
-27.825361
-27.747124
-27.759804
-27.766661
-27.781319
-27.810598
-27.767750
-27.837927
-27.836296
-27.750458
-27.766397
-27.785971
-27.726374
-27.909386
-27.790903
-27.918999
-27.890564
-27.777662
-27.686558
-27.818386
-27.953419
-27.828331
-27.835659
-27.765980
-27.909309
-27.808004
-27.799036
-27.805178
-27.951075
-27.960165
-27.655714
-27.952703
-28.143955
-27.884789
-27.790035
-27.914890
-28.024456
-28.010525
-27.821222
-27.984333
-28.056486
-27.960575
-27.918207
-28.027279
-27.914614
-27.910023
-27.945339
-28.062176
-28.028839
-27.990343
-27.955217
-28.097761
-27.861956
-27.890490
-28.111408
-28.085655
-27.900673
-28.074848
-28.139080
-27.944435
-28.023523
-28.066124
-28.108683
-28.052071
-28.031122
-28.258131
-28.218914
-28.139402
-28.062889
-28.284945
-28.126751
-28.224342
-28.025618
-28.409172
-28.311384
-28.137077
-28.130095
-28.327328
-28.287436
-28.197704
-28.106356
-28.334103
-28.301922
-28.243259
-28.156616
-28.473040
-28.288820
-28.277382
-28.355473
-28.358799
-28.357141
-28.268085
-28.297333
-28.423109
-28.442492
-28.319065
-28.294420
-28.347815
-28.452356
-28.311596
-28.384583
-28.395702
-28.387329
-28.404572
-28.388912
-28.462475
-28.374594
-28.308437
-28.295494
-28.379440
-28.461910
-28.372299
-28.273691
-28.303707
-28.529930
-28.285185
-28.265110
-28.312668
-28.424580
-28.320959
-28.263552
-28.388206
-28.301476
-28.333092
-28.385571
-28.349188
-28.351444
-28.218744
-28.289633
-28.242594
-28.478111
-28.287519
-28.224894
-28.191803
-28.504211
-28.296495
-28.192848
-28.259905
-28.463579
-28.223043
-28.223003
-28.263174
-28.434837
-28.366705
-28.203362
-28.286150
-28.510553
-28.251770
-28.179609
-28.297943
-28.453777
-28.252428
-28.379017
-28.326082
-28.366344
-28.419426
-28.187950
-28.326429
-28.480217
-28.459856
-28.238556
-28.467539
-28.408236
-28.276400
-28.368010
-28.365843
-28.577024
-28.364759
-28.301935
-28.361158
-28.642174
-28.470503
-28.363176
-28.502640
-28.529928
-28.401283
-28.447985
-28.470320
-28.541521
-28.686367
-28.487366
-28.527781
-28.815868
-28.462481
-28.421120
-28.639946
-28.623499
-28.623199
-28.537310
-28.564625
-28.652582
-28.615301
-28.578766
-28.790987
-28.576830
-28.583866
-28.794422
-28.802023
-28.636730
-28.647141
-28.711306
-28.704214
-28.808750
-28.714853
-28.667322
-28.695503
-28.762012
-28.711231
-28.756342
-28.786276
-28.650126
-28.610771
-28.808485
-28.876289
-28.792873
-28.653252
-28.590151
-28.820585
-28.851286
-28.714542
-28.791142
-28.663572
-28.684561
-28.873089
-28.904737
-28.663073
-28.684738
-28.753321
-28.893520
-28.869833
-28.683746
-28.969618
-28.766602
-28.649570
-28.853096
-28.977421
-28.910559
-28.673244
-28.672249
-28.923288
-28.999186
-28.860987
-28.711842
-28.726009
-29.073393
-28.864801
-28.853243
-28.942719
-28.928373
-28.873522
-28.850344
-28.949093
-28.951069
-28.921085
-28.811161
-29.008610
-28.949142
-28.830051
-28.752373
-29.035149
-28.959467
-28.982883
-28.854954
-28.881456
-28.925982
-29.121712
-28.934952
-28.973637
-29.020496
-29.012396
-29.023977
-29.101963
-29.011028
-29.011349
-29.070324
-29.066231
-29.166101
-29.071177
-29.028320
-29.203836
-29.002954
-29.262472
-29.171473
-29.106077
-29.069689
-29.196749
-29.187605
-29.157005
-29.360077
-29.141893
-29.195240
-29.009727
-29.320347
-29.341848
-29.267721
-29.224691
-29.251413
-29.311857
-29.076397
-29.456394
-29.333935
-29.303474
-29.203983
-29.424650
-29.457096
-29.192772
-29.500212
-29.335245
-29.505735
-29.255333
-29.448023
-29.491449
-29.261200
-29.430418
-29.481146
-29.533606
-29.257215
-29.534067
-29.476357
-29.393932
-29.478943
-29.393993
-29.598797
-29.477507
-29.574963
-29.239250
-29.573702
-29.548676
-29.501068
-29.426325
-29.644403
-29.513929
-29.469522
-29.540787
-29.531242
-29.494200
-29.466097
-29.476025
-29.556667
-29.639669
-29.562317
-29.504885
-29.343868
-29.643335
-29.522284
-29.755255
-29.497458
-29.587387
-29.466215
-29.599363
-29.678373
-29.752281
-29.594816
-29.590540
-29.627333
-29.681938
-29.611177
-29.705288
-29.588621
-29.644014
-29.661600
-29.682211
-29.559368
-29.654606
-29.748165
-29.590105
-29.691381
-29.678055
-29.643270
-29.645393
-29.628181
-29.730125
-29.654648
-29.800755
-29.692564
-29.670860
-29.826878
-29.675913
-29.655806
-29.693491
-29.743910
-29.676638
-29.665731
-29.676802
-29.608562
-29.579161
-29.564404
-29.615433
-29.572025
-29.710386
-29.549351
-29.481710
-29.988188
-29.769512
-29.510309
-29.775377
-29.862850
-29.709185
-29.831293
-29.893217
-29.886084
-29.834372
-29.732880
-29.871014
-29.854723
-29.791645
-29.947298
-29.816162
-29.993448
-29.796869
-29.940390
-29.882313
-29.799149
-29.972843
-29.933990
-29.963161
-29.790499
-30.140465
-29.937519
-29.940083
-29.903093
-29.847013
-30.051571
-29.945499
-30.101904
-29.737803
-30.001499
-30.012308
-30.006741
-29.839306
-30.003601
-29.898462
-29.988356
-30.150902
-29.937508
-29.948549
-29.920877
-30.052763
-30.103830
-30.375906
-30.174318
-30.002583
-30.227730
-30.209913
-30.152370
-30.147482
-30.027668
-30.045696
-30.219965
-30.358479
-30.200541
-30.177740
-29.923048
-29.903269
-30.194059
-30.245789
-30.198198
-30.154814
-30.061977
-30.269127
-30.226053
-30.132860
-29.751684
-30.228127
-30.322449
-30.283588
-29.970053
-30.205263
-30.125349
-29.980162
-29.897976
-29.990313
-30.184753
-29.871914
-29.958155
-30.254679
-30.058405
-30.022032
-29.856398
-29.859478
-30.108765
-30.189400
-29.905699
-29.902639
-30.086178
-29.768070
-30.093426
-29.920980
-30.043724
-29.798977
-29.795958
-30.012661
-30.190514
-29.943552
-29.665089
-30.003847
-30.058182
-30.052876
-30.029934
-29.938417
-29.947901
-30.131357
-29.934210
-29.982929
-30.113396
-30.044214
-30.013794
-30.171974
-30.013580
-30.060368
-30.055689
-30.051661
-30.053160
-30.364429
-29.978643
-30.193537
-30.069893
-29.988707
-30.183447
-30.301466
-30.068726
-30.084545
-30.255085
-29.965801
-30.298868
-30.080221
-30.188950
-30.264460
-30.049360
-30.122688
-30.352982
-30.246912
-30.066538
-30.195284
-30.195879
-30.348331
-30.218031
-30.073446
-30.198555
-30.403574
-30.191944
-30.255381
-30.265711
-30.351017
-30.157194
-30.269077
-30.316000
-30.530159
-30.283447
-30.130573
-30.413639
-30.323090
-30.302818
-30.330360
-30.462612
-30.378006
-30.265198
-30.417027
-30.426851
-30.180120
-30.352541
-30.389919
-30.335020
-30.546202
-30.383841
-30.429186
-30.319775
-30.431074
-30.408443
-30.415327
-30.544970
-30.457912
-30.434052
-30.567877
-30.497866
-30.259871
-30.563702
-30.570232
-30.496063
-30.533978
-30.578526
-30.502653
-30.437006
-30.574903
-30.567463
-30.609558
-30.525127
-30.516340
-30.546122
-30.614065
-30.600428
-30.529600
-30.489672
-30.449585
-30.563261
-30.758251
-30.396629
-30.543112
-30.473967
-30.592392
-30.552431
-30.573092
-30.478701
-30.535662
-30.616026
-30.609810
-30.560472
-30.670456
-30.561554
-30.529751
-30.798622
-30.670561
-30.739456
-30.693781
-30.649696
-30.683062
-30.764185
-30.781425
-30.583651
-30.683071
-30.838446
-30.821808
-30.764048
-30.741692
-30.618919
-30.723213
-30.739683
-30.777988
-30.800991
-30.724848
-31.007280
-30.527958
-30.807261
-30.890381
-30.682962
-30.566187
-30.690643
-30.897684
-30.690538
-30.767557
-30.679886
-30.730509
-30.689724
-30.788515
-30.722992
-30.866543
-30.822130
-30.800158
-30.971914
-30.806433
-30.913363
-30.699680
-30.932596
-30.944855
-31.052538
-31.021076
-30.719755
-31.101938
-30.790163
-31.001614
-30.940727
-30.984131
-30.895050
-30.846897
-31.061001
-30.997665
-30.868395
-30.962465
-30.822830
-31.023012
-30.961508
-30.911068
-30.968973
-30.767836
-30.820242
-30.898037
-30.824398
-30.852135
-30.698895
-30.845028
-30.734787
-30.731125
-30.932585
-30.691519
-30.640409
-30.624552
-30.762150
-30.988579
-30.635620
-30.609026
-30.550058
-30.863970
-30.737082
-30.721657
-30.686007
-30.570971
-30.698019
-30.801649
-30.723986
-30.851995
-30.419407
-30.635862
-30.759312
-30.894335
-30.627314
-30.603695
-30.760736
-30.721712
-30.680708
-30.752365
-30.522696
-30.684847
-30.779360
-30.831656
-30.742193
-30.835682
-30.661442
-30.700182
-30.663729
-30.956779
-30.922903
-30.800537
-30.657640
-30.907265
-30.955473
-30.729097
-30.961107
-30.868876
-30.909714
-30.982386
-30.905991
-31.011461
-30.884483
-31.144289
-31.041525
-31.032080
-31.120173
-30.917059
-31.051855
-31.096306
-31.197680
-31.113604
-31.083433
-31.182808
-31.041740
-31.115845
-31.162241
-31.339531
-31.168489
-31.068737
-31.183113
-31.363194
-31.102915
-31.286592
-31.288872
-31.300774
-31.293499
-31.244556
-31.263008
-31.361839
-31.211319
-31.428127
-31.204393
-31.483234
-31.200190
-31.479118
-31.179300
-31.238811
-31.561464
-31.224649
-31.314844
-31.289791
-31.295439
-31.548038
-31.158087
-31.426790
-31.252171
-31.367744
-31.348427
-31.369667
-31.349630
-31.248829
-31.461592
-31.504152
-31.335552
-31.403502
-31.233000
-31.226431
-31.349625
-31.441576
-31.406561
-31.362494
-31.272196
-31.519014
-31.389626
-31.367819
-31.278345
-31.476549
-31.508465
-31.406164
-31.610878
-31.587225
-31.456560
-31.464993
-31.333965
-31.693468
-31.508144
-31.638939
-31.439005
-31.425419
-31.604897
-31.669893
-31.731504
-31.618071
-31.451626
-31.509636
-31.598848
-31.907560
-31.511576
-31.580158
-31.725340
-31.748753
-31.538874
-31.538898
-31.656214
-31.591541
-31.541121
-31.805387
-31.833914
-31.413687
-31.804634
-31.527538
-31.663818
-31.719538
-31.573360
-31.692007
-31.586308
-31.929304
-31.526985
-31.866962
-31.628042
-31.699892
-31.915787
-31.519890
-32.022827
-31.687563
-31.815554
-31.693081
-32.082016
-31.994648
-31.755253
-31.714828
-31.921953
-32.038231
-31.978203
-31.898970
-31.828213
-31.940866
-32.084572
-31.974688
-31.917149
-31.945885
-32.151142
-31.719666
-32.248516
-31.980530
-32.156963
-32.008553
-31.965572
-32.265770
-32.004272
-32.198704
-31.988201
-32.223377
-32.223701
-32.210236
-32.220203
-32.150505
-32.124233
-32.175446
-32.277130
-32.424591
-32.228046
-32.155930
-32.246811
-32.362274
-32.498123
-32.249393
-32.558697
-32.372272
-32.296677
-32.548561
-32.533588
-32.421997
-32.637905
-32.297977
-32.588749
-32.692238
-32.955627
-32.577930
-32.619148
-32.862564
-32.765862
-33.117580
-32.911705
-32.881516
-32.935555
-33.159451
-33.268539
-33.257641
-33.201576
-33.220451
-33.398396
-33.708458
-33.656471
-33.586288
-33.740387
-33.886974
-34.111141
-33.956593
-34.327179
-34.059517
-34.405304
-34.461945
-34.647934
-34.842731
-34.758720
-34.793694
-35.030613
-35.224003
-35.297390
-35.363064
-35.493443
-35.701630
-35.834869
-35.982742
-35.985600
-36.471977
-36.459915
-36.398014
-36.788136
-37.020298
-37.203922
-37.260399
-37.371986
-37.741833
-37.894218
-38.004833
-38.135063
-38.421753
-38.690208
-38.658691
-38.914566
-38.891033
-39.339897
-39.262390
-39.472870
-39.869690
-39.765007
-40.042175
-40.139767
-40.307148
-40.382591
-40.615055
-40.771435
-40.885315
-41.102715
-41.252148
-41.315372
-41.537540
-41.473103
-41.731976
-42.009087
-41.942959
-42.031174
-42.363953
-42.316200
-42.512974
-42.366192
-42.791904
-42.615372
-42.960579
-42.818317
-43.009903
-43.228294
-43.300247
-43.287922
-43.320744
-43.568661
-43.605526
-43.553703
-43.793140
-43.801266
-43.980293
-43.931149
-44.232327
-44.073532
-44.152706
-44.266579
-43.989384
-44.584625
-44.432682
-44.450840
-44.457874
-44.689346
-44.669212
-44.669586
-44.817677
-44.640087
-44.827480
-45.073208
-44.970654
-45.199062
-44.978405
-45.229275
-45.363159
-45.381840
-45.220650
-45.435249
-45.659309
-45.685951
-45.661922
-45.877934
-45.808151
-46.041729
-46.145512
-46.194305
-46.433132
-46.445641
-46.639259
-46.678326
-46.629887
-46.834991
-46.698105
-47.065147
-46.975952
-47.286396
-47.194927
-47.212170
-47.270576
-47.304306
-47.777309
-47.742374
-47.677921
-47.741123
-48.042343
-48.243225
-47.856789
-48.252644
-48.295872
-48.486584
-48.526901
-48.573711
-48.657532
-48.739552
-48.766102
-49.016037
-49.256084
-49.187447
-49.271088
-49.436954
-49.758766
-49.620575
-49.850666
-49.920906
-49.973927
-50.218105
-50.188885
-50.256332
-50.294167
-50.598152
-50.448902
-50.578056
-50.659630
-50.866024
-50.908592
-50.898041
-50.888550
-51.188663
-51.158199
-51.205208
-51.345230
-51.666443
-51.362148
-51.650314
-51.729183
-51.795883
-51.767899
-51.874310
-52.011963
-51.914227
-52.278008
-52.089645
-52.068825
-52.261288
-52.325825
-52.237583
-52.308075
-52.315479
-52.545788
-52.341839
-52.439659
-52.591564
-52.515415
-52.587841
-52.501965
-52.658100
-52.574520
-52.620415
-52.597118
-52.677349
-52.706390
-52.384140
-52.726273
-52.600979
-52.502464
-52.538685
-52.734749
-52.683567
-52.393532
-52.533939
-52.469204
-52.534298
-52.503391
-52.506027
-52.606365
-52.460979
-52.176575
-52.566601
-52.444046
-52.412277
-52.238346
-52.436256
-52.356804
-52.525959
-52.273472
-52.164814
-52.499157
-52.206863
-52.516754
-52.412636
-52.454426
-52.353580
-52.350521
-52.378342
-52.451603
-52.507015
-52.483841
-52.480553
-52.622242
-52.492569
-52.627197
-52.580074
-52.684841
-52.773956
-52.697918
-52.855698
-52.857361
-52.953465
-52.925411
-53.019218
-53.086040
-53.101501
-53.276844
-53.238201
-53.482014
-53.368828
-53.393867
-53.588818
-53.647816
-53.835773
-53.701336
-53.883244
-53.897358
-54.120171
-54.077084
-54.204945
-54.356125
-54.269855
-54.694622
-54.714935
-54.766327
-54.733055
-55.077259
-54.964283
-55.248863
-55.343815
-55.344715
-55.644909
-55.633762
-55.679600
-55.867805
-55.953808
-56.099575
-56.315918
-56.456089
-56.500622
-56.515247
-56.727570
-56.819485
-56.969719
-56.838306
-57.275436
-57.066494
-57.409958
-57.439331
-57.442017
-57.442070
-57.555519
-57.645248
-57.634705
-58.036461
-57.799751
-57.782814
-57.781548
-58.078339
-58.039864
-57.886497
-58.069149
-58.111450
-58.384624
-58.069664
-58.070023
-58.188683
-58.302425
-58.029770
-58.161903
-58.436863
-58.232204
-58.086227
-58.085461
-58.227726
-58.224747
-58.108887
-58.097420
-58.013634
-58.278622
-57.951508
-58.000603
-57.880466
-58.080055
-57.912823
-57.731846
-57.860256
-58.033302
-57.865883
-57.657600
-57.668594
-57.763279
-57.679329
-57.739784
-57.630497
-57.617271
-57.462479
-57.560730
-57.574863
-57.404297
-57.543728
-57.403965
-57.302853
-57.345726
-57.363777
-57.344536
-57.239326
-57.235916
-57.404182
-57.330963
-57.259418
-57.225494
-57.418484
-57.213165
-57.329994
-57.268948
-57.425022
-57.448978
-57.404007
-57.541725
-57.422012
-57.533001
-57.602142
-57.664524
-57.530361
-57.778664
-58.093124
-57.739513
-58.049622
-57.971611
-58.284611
-58.130608
-58.519100
-58.323410
-58.711521
-58.650684
-58.813583
-58.951931
-58.987743
-59.113728
-59.185997
-59.535908
-59.608162
-59.751926
-59.801888
-59.929985
-59.946915
-60.140793
-60.495766
-60.553989
-60.552830
-60.722240
-60.925541
-61.056469
-61.012878
-61.149773
-61.515179
-61.327961
-61.492783
-61.769810
-61.753212
-61.936867
-61.837944
-62.042877
-62.106915
-62.079605
-62.185139
-62.401176
-62.566685
-62.365932
-62.400917
-62.439068
-62.650822
-62.570087
-62.471279
-62.604164
-62.774738
-62.553520
-62.635101
-62.631607
-62.615105
-62.710419
-62.531368
-62.499947
-62.593014
-62.769199
-62.319897
-62.444542
-62.487740
-62.616199
-62.087780
-62.245239
-62.430199
-62.183762
-61.967175
-62.038155
-62.154377
-61.881649
-61.869087
-61.703926
-61.915302
-61.751312
-61.694462
-61.484104
-61.571758
-61.485939
-61.193043
-61.351082
-61.273029
-61.083813
-60.969810
-61.056122
-61.084713
-60.862900
-60.728035
-60.712475
-60.743057
-60.607689
-60.441025
-60.397743
-60.542091
-60.299583
-60.482796
-60.392262
-60.375134
-59.962666
-60.087421
-60.105042
-60.022289
-60.084293
-60.329906
-59.816418
-59.714954
-59.899563
-60.196709
-60.010696
-59.907642
-59.681786
-59.930923
-59.919533
-59.823627
-59.775665
-59.912174
-60.039883
-59.931206
-59.834156
-59.985817
-60.021381
-59.762676
-59.933132
-59.931961
-59.724152
-59.700096
-59.591110
-59.917175
-59.882393
-60.043137
-59.810005
-59.933464
-60.035450
-60.034027
-60.217728
-59.956440
-60.365845
-60.024952
-60.288361
-60.238255
-60.199707
-59.966503
-59.948154
-60.196941
-60.299488
-60.296318
-60.124622
-60.172382
-60.180073
-60.140305
-60.128143
-60.193890
-60.366325
-60.354408
-60.448856
-60.365543
-60.228367
-60.219288
-60.355556
-60.416088
-60.385056
-60.356964
-60.252274
-60.247185
-60.356812
-60.204166
-60.020401
-60.230324
-60.264065
-60.241879
-60.072273
-60.290260
-60.025906
-59.963551
-60.025871
-59.959545
-60.122162
-60.188469
-60.102249
-59.969547
-60.134148
-59.941868
-59.958317
-59.920116
-59.834614
-60.124851
-59.914223
-59.989941
-59.747234
-59.761745
-59.692024
-59.951565
-59.788494
-59.652058
-59.883701
-59.903439
-59.912281
-59.663536
-59.661366
-59.770508
-59.702534
-59.658295
-59.720310
-59.777435
-59.674072
-59.677349
-59.819729
-59.672035
-59.652935
-59.690193
-59.776924
-59.733452
-59.633148
-59.750000
-59.784508
-59.970387
-59.600525
-59.673717
-59.637024
-59.843525
-59.778927
-59.564796
-59.648575
-59.801640
-59.741608
-59.527527
-59.602287
-59.626812
-59.673634
-59.628326
-59.436264
-59.723289
-59.635136
-59.593086
-59.414486
-59.627308
-59.506611
-59.465080
-59.559624
-59.450985
-59.654663
-59.439308
-59.587612
-59.307468
-59.517536
-59.306324
-59.466667
-59.377548
-59.460434
-59.481701
-59.265629
-59.209465
-59.383289
-59.246944
-59.288223
-59.254841
-59.377571
-59.207672
-59.113453
-59.225723
-59.177395
-59.182884
-59.068150
-59.213230
-59.089577
-58.955795
-58.944103
-59.078575
-59.090374
-59.059032
-58.788918
-58.967159
-59.032536
-58.775536
-58.811279
-58.915730
-58.813488
-58.838902
-58.717552
-58.791119
-58.935337
-58.574203
-58.573910
-58.759106
-58.793072
-58.586342
-58.581879
-58.647514
-58.612549
-58.520454
-58.536522
-58.497925
-58.706169
-58.498802
-58.354500
-58.567894
-58.601089
-58.334797
-58.395744
-58.370033
-58.698967
-58.372486
-58.318405
-58.385288
-58.502357
-58.302803
-58.341480
-58.408016
-58.327717
-58.400173
-58.367401
-58.357437
-58.388523
-58.361267
-58.319122
-58.271053
-58.350800
-58.352135
-58.493637
-58.219116
-58.300251
-58.441376
-58.459515
-58.391365
-58.303032
-58.385689
-58.509178
-58.393017
-58.442642
-58.320591
-58.534840
-58.366558
-58.363564
-58.394203
-58.413067
-58.391388
-58.331768
-58.375332
-58.444515
-58.485958
-58.266464
-58.289009
-58.333988
-58.436592
-58.287891
-58.241463
-58.426765
-58.519604
-58.291374
-58.337955
-58.422417
-58.479813
-58.278446
-58.313099
-58.333389
-58.534111
-58.399323
-58.269093
-58.196629
-58.690762
-58.449135
-58.256519
-58.161407
-58.467129
-58.414200
-58.350849
-58.437214
-58.234329
-58.293491
-58.379387
-58.547806
-58.277000
-58.395325
-58.510075
-58.277054
-58.544861
-58.279640
-58.517326
-58.295593
-58.426838
-58.682247
-58.488647
-58.430931
-58.442322
-58.681343
-58.607700
-58.496937
-58.605724
-58.688801
-58.889145
-58.589344
-58.689602
-58.633572
-58.741428
-58.782585
-58.617901
-58.821163
-58.845402
-58.831844
-58.876919
-58.895485
-58.935638
-58.768280
-58.956562
-58.890854
-59.217651
-59.017071
-59.084904
-59.238708
-59.087978
-59.116146
-59.229347
-59.318542
-59.395920
-59.286449
-59.677368
-59.367458
-59.580238
-59.371490
-59.631992
-59.622189
-59.580917
-59.689140
-59.759785
-59.837139
-59.614830
-59.790119
-59.817707
-59.825222
-59.912132
-59.874935
-60.070107
-60.083710
-59.868759
-60.004482
-59.941380
-60.198139
-60.063663
-60.211201
-60.197109
-60.290447
-60.132877
-60.158474
-60.381081
-60.395538
-60.254517
-60.426849
-60.509766
-60.643623
-60.428780
-60.584026
-60.591694
-60.580643
-60.689926
-60.674828
-60.748550
-60.769722
-60.623920
-60.764923
-60.742691
-60.767735
-60.716476
-60.858704
-61.041172
-60.820343
-61.037579
-60.829067
-61.182545
-60.964413
-61.090527
-61.313786
-61.210403
-61.235756
-61.056381
-61.523132
-61.424698
-61.439671
-61.355152
-61.521198
-61.641144
-61.538776
-61.633343
-61.732975
-61.755104
-61.811771
-61.827126
-62.043945
-61.934277
-61.990334
-62.093479
-62.118233
-62.215408
-62.341709
-62.277138
-62.302223
-62.313293
-62.550694
-62.465069
-62.544804
-62.402290
-62.585567
-62.800236
-62.626575
-62.708118
-62.710972
-62.825321
-62.849934
-62.668861
-62.919250
-62.826019
-62.863838
-62.793854
-63.019184
-62.817730
-62.771973
-62.880440
-62.816887
-62.839199
-62.688419
-62.724972
-62.837818
-62.621986
-62.509346
-62.427654
-62.510765
-62.541759
-62.245090
-62.280327
-62.204380
-62.038692
-61.846172
-61.690872
-61.875134
-61.565010
-61.516254
-61.311546
-61.191349
-61.163704
-60.894371
-60.696262
-60.506172
-60.409935
-60.294819
-59.897602
-59.887451
-59.758476
-59.458122
-59.119473
-59.108486
-58.879532
-58.511997
-58.449329
-58.311840
-57.966072
-57.776608
-57.466465
-57.400970
-57.088879
-56.967442
-56.671993
-56.286900
-56.383114
-56.190720
-55.812660
-55.657490
-55.369324
-55.386402
-55.063129
-54.993855
-54.733006
-54.714630
-54.441006
-54.107040
-54.232090
-54.165253
-53.982239
-53.635483
-53.697258
-53.717346
-53.468170
-53.463783
-53.399864
-53.273506
-53.271793
-53.185894
-53.238869
-53.013065
-53.281178
-53.156338
-53.177673
-53.076958
-52.969250
-53.165592
-53.268009
-53.309048
-53.161934
-53.128613
-53.456535
-53.394951
-53.388939
-53.288052
-53.665462
-53.600849
-53.549103
-53.787884
-53.807701
-53.797382
-53.767231
-54.038666
-53.963146
-54.037510
-54.113968
-54.270611
-54.140179
-54.146557
-54.362011
-54.395283
-54.322659
-54.309650
-54.626179
-54.459126
-54.601532
-54.442989
-54.629162
-54.514576
-54.394760
-54.661934
-54.610573
-54.611370
-54.495720
-54.559067
-54.519554
-54.495708
-54.339500
-54.270279
-54.485184
-54.420624
-54.315716
-54.155418
-54.259033
-54.285686
-53.926041
-53.972157
-54.081779
-53.758007
-53.878029
-53.768574
-53.769669
-53.714615
-53.286030
-53.453678
-53.493511
-53.355618
-53.095833
-53.191883
-53.241364
-52.873337
-52.880936
-52.691673
-52.639309
-52.640049
-52.553013
-52.487766
-52.433086
-52.315388
-52.186092
-52.017601
-52.068741
-51.900780
-51.912663
-51.797333
-51.773884
-51.868576
-51.525711
-51.449013
-51.496037
-51.441563
-51.558830
-51.183887
-51.282234
-51.428509
-51.152927
-51.107635
-51.087090
-51.150856
-51.120358
-50.960957
-51.098896
-50.791653
-50.980961
-50.967743
-50.833302
-50.843594
-50.715786
-50.811363
-51.105167
-50.662422
-50.775982
-50.566860
-50.829113
-50.721157
-50.694881
-50.684425
-50.758263
-50.744659
-50.639462
-50.667049
-50.635002
-50.592121
-50.829155
-50.621445
-50.763229
-50.848194
-50.622383
-50.672287
-50.813248
-50.661087
-50.717030
-50.728851
-50.824886
-50.893280
-50.789738
-50.771412
-50.743828
-50.944859
-50.777126
-50.781185
-50.951595
-50.930820
-50.858055
-51.046467
-50.863724
-51.139328
-51.060200
-51.031250
-51.091343
-50.920971
-51.217571
-51.141113
-51.262672
-51.172104
-51.169781
-51.230709
-51.084663
-51.361588
-51.233780
-51.261883
-51.406853
-51.092102
-51.233093
-51.266388
-51.318310
-51.404766
-51.361519
-51.224617
-51.338238
-51.287701
-51.265327
-51.264793
-51.253258
-51.341465
-51.373318
-51.363747
-51.084068
-51.317154
-51.192162
-51.028522
-51.350819
-51.183418
-51.256546
-51.210308
-51.124508
-51.156239
-51.137737
-51.029140
-50.951981
-51.211342
-51.187214
-50.886948
-51.118862
-51.089348
-51.080261
-50.998405
-50.896458
-51.179447
-51.014481
-50.921783
-51.156384
-51.163841
-51.024822
-50.952984
-50.955540
-51.094711
-50.884792
-50.987549
-51.143818
-51.048988
-51.038651
-50.716862
-51.080757
-50.947479
-51.062695
-50.984127
-50.867889
-51.173710
-50.946644
-50.899521
-50.928715
-51.020954
-51.036415
-50.877270
-51.061211
-51.133930
-51.022255
-50.993729
-50.962414
-50.939327
-51.073753
-51.007938
-51.219944
-51.093849
-50.850651
-51.072105
-51.130516
-51.143040
-50.981354
-51.012791
-51.056038
-50.986786
-51.188820
-51.047447
-50.871174
-51.005924
-51.037998
-51.183201
-50.810276
-50.846397
-51.191132
-50.946705
-51.112030
-50.794510
-51.068073
-51.126110
-50.948963
-50.825344
-51.055782
-51.061440
-51.011627
-51.044930
-51.246815
-51.124104
-50.902122
-51.143299
-51.104015
-51.181053
-51.000774
-51.112015
-51.373440
-51.165676
-51.106770
-51.024006
-51.264832
-51.070755
-51.061184
-51.404022
-51.458397
-51.006798
-51.126385
-51.149246
-51.317562
-50.976189
-51.167343
-51.263489
-51.043327
-51.307339
-51.164467
-51.120781
-50.975563
-51.129890
-51.203964
-51.300938
-51.097576
-51.169277
-51.085060
-51.132622
-51.261463
-51.143196
-51.176235
-51.045731
-51.234558
-51.258846
-51.161819
-51.103180
-51.085434
-51.220238
-51.250080
-51.143188
-51.262817
-51.182076
-51.119663
-51.102066
-51.066479
-51.265465
-51.137501
-50.912308
-51.224522
-51.264378
-51.012924
-50.940994
-51.013313
-51.205044
-50.938076
-50.985088
-51.140675
-50.942650
-50.999443
-50.863766
-51.000690
-50.915295
-50.915409
-50.905182
-50.976631
-50.845879
-50.967449
-50.968861
-50.944096
-50.934490
-50.847485
-50.939388
-50.946766
-50.957523
-50.821503
-50.992905
-50.969170
-50.902027
-50.775574
-50.799515
-50.920807
-50.839607
-50.744560
-50.545795
-50.848469
-50.653919
-50.580086
-50.726379
-50.658195
-50.659157
-50.467930
-50.655411
-50.690788
-50.593094
-50.577148
-50.512215
-50.816540
-50.604446
-50.568333
-50.643040
-50.739017
-50.554169
-50.500294
-50.794453
-50.559525
-50.780884
-50.593208
-50.607651
-50.567970
-50.737152
-50.580181
-50.389771
-50.592125
-50.805264
-50.603745
-50.508125
-50.529480
-50.539013
-50.630165
-50.453819
-50.352985
-50.462288
-50.633915
-50.559837
-50.313560
-50.280655
-50.602551
-50.548897
-50.270184
-50.348351
-50.656895
-50.545521
-50.430504
-50.604408
-50.645638
-50.575775
-50.678570
-50.681210
-50.796921
-50.778240
-50.809242
-51.001442
-50.969601
-50.988956
-50.987457
-51.131409
-51.376812
-51.376888
-51.140354
-51.399330
-51.678516
-51.644569
-51.607403
-51.772438
-51.974457
-51.799751
-51.997295
-52.148537
-52.337986
-52.273155
-52.460423
-52.577015
-52.860409
-52.880878
-52.961075
-53.130810
-53.179405
-53.337700
-53.508892
-53.669903
-53.709991
-53.794559
-54.019497
-54.070072
-54.116837
-54.168728
-54.384857
-54.447472
-54.609722
-54.717411
-54.844936
-54.865097
-54.850685
-55.045757
-55.244022
-55.268818
-55.227325
-55.358929
-55.562431
-55.534161
-55.467384
-55.486427
-55.719475
-55.817654
-55.762749
-55.767887
-55.783291
-55.855175
-55.869942
-55.854347
-55.888756
-55.822014
-55.878517
-55.757587
-55.962536
-56.033039
-55.881153
-55.843124
-55.860764
-56.091457
-56.039112
-55.931965
-56.029701
-56.179092
-56.034096
-55.981197
-56.242371
-56.000431
-56.079266
-56.071045
-56.304119
-56.151970
-56.318722
-56.273556
-56.241379
-56.305370
-56.453804
-56.343311
-56.346218
-56.422619
-56.435665
-56.523586
-56.497803
-56.574680
-56.561188
-56.668362
-56.624195
-56.836395
-56.905758
-57.037548
-56.871429
-56.914932
-57.149239
-57.233444
-57.137913
-57.110611
-57.287132
-57.613251
-57.395622
-57.294949
-57.609528
-57.621010
-57.775879
-57.750626
-57.631432
-57.960091
-57.849426
-57.882572
-57.960571
-58.046356
-58.045700
-57.925838
-58.339993
-58.342426
-58.295750
-58.055931
-58.343136
-58.279514
-58.488201
-58.516960
-58.441284
-58.401348
-58.652187
-58.514603
-58.377357
-58.420437
-58.856911
-58.830452
-58.875969
-58.649185
-58.973450
-58.985313
-59.110542
-59.051765
-59.091778
-59.107819
-59.259621
-59.282326
-59.071312
-59.179737
-59.187531
-58.898174
-58.914665
-59.032444
-59.287483
-58.990570
-58.974815
-58.979218
-59.008053
-59.112823
-59.141945
-59.308300
-59.227745
-59.290051
-59.302345
-59.410023
-59.142426
-59.349297
-59.374367
-59.281265
-59.250572
-59.296371
-59.415417
-59.332230
-59.179447
-59.213467
-59.331547
-59.285892
-59.419121
-59.206875
-59.220997
-59.170696
-59.135143
-59.262001
-59.344784
-59.177269
-59.182182
-59.347515
-59.345211
-59.109425
-59.085972
-59.418564
-59.597256
-59.321091
-59.456505
-59.537952
-59.531620
-59.636166
-59.655655
-59.714970
-59.677437
-59.700935
-59.715260
-59.752895
-59.794682
-59.728069
-59.646915
-59.820278
-60.061127
-59.795227
-59.904972
-59.927624
-60.158764
-59.946640
-59.950329
-60.067822
-60.085587
-60.042027
-60.206993
-60.046185
-59.859985
-60.037422
-60.119347
-60.034161
-59.962513
-60.046467
-59.898365
-59.966484
-60.086391
-59.967556
-59.781364
-59.794109
-59.983795
-59.907421
-59.815308
-59.852299
-59.795845
-59.733372
-59.697453
-59.917786
-59.733753
-59.598938
-59.740993
-59.697060
-59.700356
-59.638355
-59.526150
-59.398705
-59.597530
-59.626392
-59.287231
-59.442860
-59.341286
-59.376606
-59.353867
-59.231991
-59.234528
-59.199471
-59.146900
-59.070560
-59.262390
-58.915089
-58.967628
-59.134624
-58.987679
-58.763519
-58.864727
-58.892326
-58.842197
-58.924084
-58.864624
-58.831024
-58.847191
-58.758263
-58.754269
-58.696072
-58.947407
-58.697674
-58.848366
-58.846359
-58.824894
-58.775475
-58.661934
-58.729767
-58.789204
-58.759651
-58.890629
-58.641552
-58.699245
-58.734123
-58.820633
-58.660603
-58.538025
-58.544449
-58.830093
-58.834660
-58.550350
-58.659760
-58.730766
-58.711143
-58.638062
-58.702713
-58.766666
-58.752537
-58.611202
-58.660828
-58.884399
-58.617218
-58.541618
-58.527653
-58.707893
-58.655224
-58.531548
-58.412388
-58.447041
-58.418724
-58.442097
-58.254253
-58.300377
-58.379093
-58.403904
-58.274876
-58.278984
-58.361862
-58.270927
-58.300682
-58.403229
-58.192520
-58.226299
-58.148518
-58.267033
-58.256317
-58.068474
-58.188038
-58.114975
-58.055786
-58.124157
-58.105637
-58.090801
-58.010624
-58.135899
-58.152294
-58.120193
-58.051804
-58.084045
-58.085667
-58.052086
-58.037792
-58.172131
-58.178234
-58.124821
-58.100433
-58.236488
-58.221321
-58.141834
-58.270691
-58.267124
-58.261570
-58.278461
-58.224583
-58.385788
-58.322186
-58.255913
-58.332821
-58.492035
-58.412594
-58.402412
-58.490868
-58.438766
-58.531059
-58.497009
-58.501114
-58.677441
-58.632519
-58.544876
-58.562416
-58.687130
-58.551910
-58.563183
-58.546394
-58.689148
-58.732204
-58.405708
-58.655514
-58.571922
-58.562927
-58.522583
-58.538567
-58.563297
-58.515686
-58.508068
-58.484810
-58.574352
-58.539165
-58.528854
-58.436981
-58.521423
-58.451382
-58.345577
-58.510883
-58.488628
-58.376766
-58.362232
-58.430298
-58.356152
-58.401436
-58.322128
-58.462410
-58.461079
-58.360451
-58.385181
-58.558300
-58.406498
-58.395466
-58.673790
-58.559219
-58.774021
-58.550354
-58.690739
-58.626492
-58.822960
-58.731426
-58.927246
-58.939995
-58.825253
-58.967907
-58.969975
-59.028973
-59.069633
-58.998623
-59.003807
-59.180000
-59.252506
-59.184998
-59.220837
-59.259117
-59.322849
-59.359341
-59.403748
-59.428028
-59.384579
-59.672600
-59.486332
-59.670353
-59.740185
-59.840786
-59.773983
-59.812832
-60.050739
-59.809746
-60.033318
-60.107918
-60.267300
-60.042244
-60.183010
-60.222473
-60.341370
-60.316486
-60.292282
-60.375961
-60.530163
-60.483082
-60.473969
-60.685528
-60.691719
-60.780556
-60.822765
-60.770058
-60.842049
-61.001476
-61.031837
-61.018356
-61.166241
-61.145943
-61.189091
-61.279713
-61.343410
-61.427853
-61.397747
-61.543564
-61.531681
-61.606670
-61.837898
-61.799202
-61.682842
-61.672928
-62.046402
-61.948742
-61.926224
-62.046604
-62.105869
-62.104294
-62.196491
-62.199829
-62.272915
-62.266418
-62.409531
-62.413231
-62.490650
-62.412598
-62.541363
-62.515690
-62.613716
-62.611393
-62.532978
-62.659702
-62.659863
-62.735058
-62.649963
-62.681248
-62.780418
-62.636967
-62.750912
-62.889683
-62.773483
-62.697258
-62.855286
-62.802570
-62.846539
-62.692261
-62.849129
-62.794880
-62.787724
-62.809597
-62.690411
-62.723515
-62.776596
-62.792850
-62.764782
-62.694447
-62.623268
-62.587723
-62.683628
-62.620869
-62.597073
-62.529659
-62.494587
-62.531872
-62.514435
-62.461040
-62.445438
-62.579231
-62.272419
-62.457222
-62.408798
-62.407509
-62.281860
-62.263248
-62.272667
-62.193130
-62.045097
-62.006107
-62.158691
-62.149406
-61.960770
-61.894627
-61.904415
-61.995781
-61.938034
-61.794559
-62.026955
-61.874489
-61.941662
-61.816280
-62.144840
-61.850792
-61.777637
-61.869431
-62.019867
-61.927063
-61.795788
-61.785534
-62.015377
-61.977543
-61.712269
-61.834957
-61.954552
-61.907879
-61.805717
-61.785255
-62.006874
-61.884514
-61.772987
-61.624966
-61.789845
-61.675484
-61.526978
-61.378120
-61.228710
-61.314400
-61.064957
-61.032211
-60.849728
-60.949543
-60.821232
-60.621849
-60.751007
-60.668919
-60.628407
-60.438892
-60.637318
-60.661919
-60.497250
-60.460739
-60.322144
-60.346741
-60.212666
-60.246452
-60.247139
-60.117050
-60.103355
-60.086361
-60.106995
-59.975395
-60.033951
-59.990578
-60.047550
-60.179157
-60.138535
-60.216106
-60.144630
-60.212990
-60.177311
-60.239616
-60.355572
-60.311001
-60.281803
-60.382607
-60.310154
-60.249092
-60.195370
-60.276245
-60.395252
-60.352394
-60.134533
-60.184956
-60.280659
-60.235023
-60.156429
-60.080887
-60.164410
-60.179852
-59.963245
-60.044868
-60.112843
-60.049290
-59.864517
-60.016396
-60.024052
-60.019970
-59.931919
-59.907135
-60.104790
-59.973419
-60.026398
-60.111740
-60.164547
-60.003960
-60.069893
-60.129402
-60.213448
-60.069134
-59.913242
-59.921436
-60.041470
-59.866383
-59.835640
-59.891426
-59.895180
-59.666016
-59.639942
-59.651638
-59.548569
-59.466095
-59.635269
-59.500931
-59.354340
-59.342403
-59.438213
-59.279804
-59.260490
-59.253502
-59.376686
-59.234745
-59.191589
-59.180695
-59.106323
-59.146297
-59.044655
-58.957340
-59.086037
-59.121113
-59.021862
-58.739986
-58.929977
-58.719467
-58.887730
-58.663094
-58.795013
-58.768452
-58.631279
-58.663368
-58.705669
-58.626404
-58.502945
-58.594059
-58.547234
-58.430378
-58.523037
-58.453274
-58.468636
-58.271572
-58.215294
-58.373547
-58.406868
-58.281288
-58.291763
-58.390614
-58.335594
-58.209728
-58.231689
-58.287601
-58.292713
-58.240444
-58.319046
-58.316936
-58.344910
-58.263725
-58.346535
-58.256111
-58.181953
-58.376534
-58.347218
-58.281677
-58.276440
-58.360939
-58.295616
-58.397953
-58.637798
-58.617817
-58.335529
-58.282352
-58.245575
-58.525517
-58.441002
-58.585423
-58.699978
-58.676674
-58.403793
-58.514393
-58.740677
-58.726624
-58.737282
-58.928974
-59.052742
-58.964035
-59.039768
-58.875725
-58.772633
-58.816685
-58.834671
-58.761921
-58.861965
-58.632416
-58.548542
-58.491493
-58.668144
-58.553349
-58.326424
-58.134609
-58.669048
-58.997780
-58.786804
-58.579113
-58.666389
-58.753296
-58.719189
-59.117207
-59.259884
-59.089802
-58.887131
-58.925720
-58.740772
-58.763683
-58.589108
-58.490986
-58.501842
-58.670616
-58.687946
-58.752640
-58.474079
-58.313118
-58.452320
-58.611015
-58.808228
-58.574646
-58.720856
-58.744221
-58.524872
-58.305950
-58.337708
-58.354111
-58.202087
-58.140446
-58.215313
-58.306118
-58.205776
-58.021732
-58.186378
-58.327232
-58.441212
-58.228882
-58.118290
-58.246639
-58.253208
-58.187527
-58.186600
-58.357700
-58.186352
-58.122620
-58.056480
-58.129749
-58.085945
-57.940239
-57.987953
-58.142429
-58.336720
-58.109806
-57.989586
-58.111492
-58.084354
-58.023273
-57.998341
-57.991497
-58.121948
-58.092739
-58.155197
-58.138580
-58.198536
-58.131908
-58.061497
-58.149323
-58.153816
-58.183857
-58.283249
-58.187725
-58.181221
-58.170391
-58.050255
-58.096581
-58.017708
-57.877663
-58.010830
-58.027634
-58.010296
-58.014774
-57.920544
-57.980984
-58.011578
-58.050076
-57.937439
-57.882069
-57.956261
-57.869087
-58.093933
-57.848354
-57.915852
-57.785912
-57.904495
-57.802723
-57.866928
-57.845329
-57.791023
-57.878387
-57.912708
-57.972652
-57.966152
-57.861309
-57.836048
-57.894970
-57.868450
-57.824665
-57.896606
-57.756889
-57.732117
-57.846508
-57.697685
-57.503780
-57.519257
-57.512066
-57.495510
-57.561478
-57.486248
-57.399349
-57.415417
-57.337120
-57.303421
-57.309204
-57.280380
-57.267632
-57.349480
-57.276279
-57.253529
-57.242897
-57.252323
-57.163853
-57.260799
-57.148449
-57.178905
-57.203648
-57.149426
-57.037979
-57.248898
-57.087986
-57.145653
-57.084286
-57.187336
-57.175282
-57.256077
-57.128757
-57.170204
-57.207592
-57.218895
-57.264164
-57.245529
-57.262733
-57.231991
-57.208923
-57.226540
-57.279381
-57.321156
-57.236423
-57.289036
-57.250282
-57.228481
-57.376293
-57.323437
-57.155117
-57.265408
-57.318840
-57.255768
-57.275158
-57.312317
-57.238823
-57.296814
-57.302925
-57.176598
-57.224831
-57.297119
-57.114170
-57.131744
-57.142036
-57.142529
-57.018566
-57.009506
-57.104946
-57.092712
-57.056393
-56.857075
-57.039433
-57.032993
-57.128971
-56.925392
-57.096661
-57.140385
-56.970558
-57.103779
-57.057961
-57.124306
-56.953690
-57.112621
-57.148079
-57.106522
-57.150597
-56.973213
-57.166267
-57.171764
-57.062954
-57.105965
-57.127945
-57.169720
-57.166023
-57.185432
-57.126659
-57.065006
-57.030975
-57.063984
-57.173237
-57.004913
-57.108078
-57.191708
-57.197277
-57.164520
-57.092541
-57.164627
-57.105747
-57.254543
-57.199112
-57.314064
-57.315418
-57.273552
-57.167416
-57.227692
-57.326244
-57.248264
-57.187023
-57.170471
-57.233891
-57.233414
-57.413467
-57.223610
-57.344555
-57.455750
-57.730865
-57.758232
-57.736275
-57.755703
-58.012177
-58.065609
-57.996780
-58.036854
-58.036259
-57.773998
-57.941826
-58.435932
-58.664124
-58.378719
-58.340057
-57.888107
-57.885414
-58.348553
-58.403603
-58.657139
-58.585503
-58.148445
-57.878857
-58.092476
-58.168182
-58.230175
-58.215103
-58.198101
-58.263725
-57.921070
-57.719124
-57.564930
-57.374672
-57.232651
-57.387417
-57.518696
-57.199348
-56.942127
-56.976227
-56.923199
-56.694092
-56.200390
-55.930321
-56.063011
-55.996681
-55.658215
-55.454800
-55.465347
-55.168148
-55.044994
-55.017040
-55.157333
-55.234142
-55.081295
-55.041939
-55.132225
-55.324932
-55.368832
-55.233948
-55.175407
-55.438347
-55.541836
-55.610527
-55.950806
-56.041683
-55.742832
-55.784405
-56.025227
-56.064682
-56.123268
-56.095421
-56.206280
-56.443775
-56.491455
-56.213573
-56.258766
-56.333031
-56.158237
-56.045452
-56.190845
-56.286247
-56.338669
-56.095459
-55.901783
-56.197395
-56.362370
-56.326904
-56.369312
-56.451664
-56.503960
-56.633083
-56.542198
-56.534634
-56.562733
-56.376617
-56.479542
-56.370575
-56.296124
-56.191505
-56.521595
-56.550095
-56.532242
-56.567333
-56.523109
-56.514919
-56.735458
-56.798492
-56.697178
-56.788235
-56.667377
-56.659733
-56.649315
-56.587158
-56.439548
-56.335037
-56.193233
-56.448181
-56.648296
-56.489857
-56.283638
-56.194172
-56.383476
-56.403328
-56.466015
-56.351746
-56.389874
-56.393154
-56.190311
-56.004223
-55.983192
-55.960648
-55.857880
-55.608902
-55.653702
-55.593494
-55.341160
-55.369583
-55.426365
-55.307163
-55.220680
-55.124992
-55.213772
-55.200039
-55.228905
-55.034298
-55.107018
-54.988205
-54.959076
-54.741737
-54.820763
-54.709957
-54.463123
-54.349365
-54.397980
-54.199661
-54.029259
-53.907013
-53.799358
-53.749989
-53.737183
-53.624565
-53.561909
-53.344116
-53.429073
-53.432590
-53.426952
-53.364552
-53.488220
-53.392376
-53.333038
-53.409126
-53.424679
-53.495392
-53.452911
-53.494980
-53.497818
-53.426136
-53.425095
-53.325817
-53.407066
-53.389225
-53.328632
-53.494080
-53.369011
-53.193855
-53.229603
-53.336342
-53.256264
-53.334030
-53.272007
-53.305386
-53.377758
-53.191044
-53.083305
-53.046051
-53.255661
-53.145443
-53.093990
-52.927803
-53.177250
-52.958969
-52.843693
-52.806644
-52.791603
-52.706581
-52.771053
-52.762348
-52.323029
-52.248241
-52.289631
-52.179829
-51.942131
-51.960075
-51.983528
-51.700134
-51.587528
-51.478176
-51.300575
-51.020916
-50.882256
-50.866657
-50.771870
-50.539154
-50.293392
-50.171520
-49.963840
-49.748543
-49.355392
-49.248085
-49.171406
-48.861790
-48.725216
-48.491028
-48.227608
-47.907345
-47.604610
-47.479218
-47.212227
-47.002995
-46.611794
-46.456066
-46.222633
-45.877949
-45.523361
-45.262753
-45.022083
-44.705696
-44.437389
-44.125904
-43.877808
-43.497589
-43.191948
-42.867558
-42.565685
-42.406830
-42.048115
-41.707485
-41.325665
-41.070805
-40.741386
-40.570660
-40.077133
-39.686890
-39.437664
-39.081017
-38.790401
-38.515919
-38.131798
-37.712749
-37.499199
-37.179871
-36.884109
-36.562965
-36.245663
-35.810593
-35.585205
-35.344021
-34.977150
-34.576019
-34.246216
-34.100372
-33.665867
-33.486149
-33.157265
-32.827225
-32.463833
-32.203400
-32.003586
-31.660576
-31.300608
-31.057280
-30.671406
-30.438583
-30.065651
-29.826609
-29.498766
-29.162302
-28.880882
-28.489168
-28.286283
-27.896849
-27.731277
-27.405758
-26.905365
-26.718624
-26.453503
-26.219648
-25.887653
-25.476301
-25.233007
-25.060850
-24.689648
-24.369442
-24.096567
-23.842207
-23.572847
-23.368887
-22.996126
-22.586857
-22.406416
-22.260914
-21.903503
-21.596886
-21.296522
-21.049599
-20.808268
-20.550060
-20.346569
-20.052998
-19.601561
-19.505278
-19.271969
-19.027287
-18.711060
-18.593050
-18.105328
-17.920761
-17.629936
-17.531034
-17.168705
-16.959728
-16.604685
-16.570429
-16.290382
-15.979656
-15.725163
-15.590169
-15.330212
-15.070382
-14.934051
-14.768066
-14.475516
-14.184624
-14.057825
-13.804103
-13.581067
-13.334436
-13.010131
-12.904008
-12.706659
-12.425400
-12.182082
-12.043365
-11.728350
-11.577849
-11.340158
-11.332861
-10.828869
-10.684508
-10.524631
-10.463312
-10.307582
-10.132085
-9.880988
-9.769686
-9.744911
-9.700018
-9.606920
-9.388062
-9.346955
-9.141945
-9.084655
-8.945469
-8.856472
-8.630693
-8.514551
-8.393759
-8.346046
-8.349952
-8.134587
-7.896286
-7.840290
-7.826774
-7.852486
-7.677310
-7.691609
-7.599854
-7.500500
-7.516545
-7.418046
-7.329660
-7.372966
-7.223770
-7.178641
-7.135543
-7.128312
-6.942044
-6.864997
-6.854294
-6.900331
-6.710685
-6.757340
-6.780717
-6.634219
-6.612988
-6.637992
-6.613754
-6.567793
-6.469978
-6.393228
-6.525999
-6.453845
-6.413111
-6.255276
-6.258523
-6.156865
-6.195070
-6.109662
-6.084490
-5.972495
-5.882888
-5.945156
-5.902070
-5.793070
-5.677891
-5.581995
-5.578213
-5.547008
-5.484794
-5.446812
-5.402986
-5.259827
-5.303499
-5.199934
-5.119126
-5.015193
-4.986784
-4.978064
-4.852002
-4.831532
-4.662522
-4.663819
-4.561409
-4.590414
-4.378717
-4.337548
-4.251332
-4.224782
-4.164977
-4.143394
-4.034912
-3.921851
-3.837063
-3.823552
-3.796894
-3.601794
-3.477427
-3.514087
-3.281920
-3.279685
-3.240190
-3.145365
-2.893359
-2.963704
-2.894520
-2.768343
-2.751395
-2.649088
-2.650587
-2.549816
-2.633292
-2.452674
-2.418594
-2.277057
-2.357746
-2.254084
-2.243925
-2.111833
-2.228467
-2.075435
-2.021225
-2.023420
-1.931952
-1.806594
-1.844853
-1.835658
-1.793466
-1.791962
-1.622239
-1.571946
-1.617186
-1.668501
-1.547796
-1.520856
-1.590569
-1.445228
-1.397009
-1.458732
-1.367097
-1.259454
-1.203362
-1.292935
-1.245195
-1.294870
-1.198948
-1.181932
-1.247559
-1.211793
-1.161971
-1.052198
-1.096572
-1.119151
-1.100463
-1.006436
-0.976063
-1.017814
-0.995008
-0.875453
-0.989713
-1.016284
-0.912346
-1.018857
-0.998140
-0.995440
-0.933559
-1.048958
-1.075591
-0.999678
-0.887068
-0.976471
-0.970782
-0.861532
-0.729371
-0.806677
-0.726462
-0.732912
-0.654407
-0.648405
-0.549263
-0.545181
-0.442389
-0.488071
-0.582222
-0.466681
-0.422707
-0.553307
-0.437473
-0.471137
-0.615676
-0.618224
-0.512942
-0.623614
-0.764650
-0.759798
-0.776048
-0.761679
-0.842897
-0.871094
-0.797723
-0.865029
-0.763900
-0.750497
-0.711190
-0.866112
-0.730239
-0.767938
-0.832102
-0.836225
-0.838305
-0.835922
-0.853720
-0.783350
-0.838793
-0.857067
-0.848018
-0.720719
-0.772912
-0.679937
-0.696396
-0.648915
-0.585684
-0.549137
-0.575249
-0.607528
-0.586457
-0.602980
-0.566411
-0.671338
-0.567303
-0.606029
-0.695162
-0.654544
-0.569275
-0.600751
-0.694383
-0.636202
-0.671189
-0.507058
-0.685944
-0.639289
-0.729826
-0.630842
-0.727689
-0.715217
-0.829113
-0.923555
-0.778949
-0.734870
-0.720362
-0.775023
-0.820834
-0.931693
-0.888951
-0.810999
-0.862639
-0.872618
-0.842252
-0.876613
-0.928645
-0.911533
-0.939585
-0.949902
-0.907707
-0.836109
-0.736164
-0.735200
-0.804723
-0.807269
-0.651143
-0.718986
-0.677150
-0.533499
-0.607693
-0.711761
-0.620082
-0.629004
-0.618620
-0.566086
-0.644899
-0.677281
-0.552792
-0.483594
-0.521886
-0.506859
-0.405478
-0.376750
-0.421841
-0.394444
-0.294709
-0.241089
-0.261360
-0.023410
-0.187868
-0.074157
-0.017920
-0.021701
-0.014178
0.055128
0.119128
0.096045
0.226231
0.046025
0.234521
0.314290
0.258797
0.277986
0.336137
0.314803
0.415280
0.415536
0.471626
0.409024
0.627587
0.441541
0.607916
0.516465
0.732895
0.562093
0.633507
0.687648
0.741090
0.657353
0.784373
0.785084
0.789558
0.958508
0.852080
0.849700
0.926518
1.028406
0.861857
0.968908
1.000300
1.049165
0.949847
0.967190
0.953566
0.950324
0.939074
0.944890
0.921690
0.880188
0.811710
0.841049
0.793537
0.732177
0.742198
0.630171
0.622330
0.673942
0.609706
0.607320
0.600675
0.540865
0.586967
0.607813
0.569753
0.565022
0.570038
0.556526
0.555124
0.531910
0.485454
0.460768
0.432225
0.489972
0.524933
0.439881
0.426217
0.387076
0.347559
0.349297
0.434288
0.384327
0.351019
0.317360
0.273627
0.286049
0.251720
0.245334
0.217038
0.269231
0.217407
0.229446
0.132590
0.200146
0.165361
0.204516
0.193373
0.155466
0.205547
0.156079
0.124122
0.085033
0.125217
0.076060
-0.035790
0.062213
-0.039066
-0.014949
-0.045039
0.021627
-0.100441
-0.080443
-0.042553
-0.075934
-0.016556
-0.060045
-0.091567
-0.137983
-0.142762
-0.098898
-0.059163
-0.214315
-0.199639
-0.152217
-0.179348
-0.205444
-0.150475
-0.252986
-0.199401
-0.172336
-0.158669
-0.186755
-0.150081
-0.202601
-0.170320
-0.166243
-0.145106
-0.169716
-0.195619
-0.180695
-0.179831
-0.301711
-0.238116
-0.183762
-0.276748
-0.167371
-0.243380
-0.223127
-0.276167
-0.207995
-0.192992
-0.257166
-0.246349
-0.147745
-0.275806
-0.245007
-0.223003
-0.270037
-0.312438
-0.321373
-0.280509
-0.242748
-0.235178
-0.395079
-0.286446
-0.314264
-0.292843
-0.342810
-0.303753
-0.437669
-0.323541
-0.357262
-0.429805
-0.338230
-0.439258
-0.441922
-0.422301
-0.331489
-0.452653
-0.415589
-0.458570
-0.415197
-0.368675
-0.424614
-0.408510
-0.359422
-0.400447
-0.409623
-0.382736
-0.310662
-0.448119
-0.340230
-0.379749
-0.374956
-0.470457
-0.434814
-0.385247
-0.427672
-0.405345
-0.441430
-0.375737
-0.549491
-0.407389
-0.514330
-0.350715
-0.515950
-0.436480
-0.494624
-0.429337
-0.439311
-0.541254
-0.631739
-0.582685
-0.382783
-0.455201
-0.544244
-0.567229
-0.506644
-0.546039
-0.598902
-0.473050
-0.437968
-0.595436
-0.540579
-0.482933
-0.516109
-0.540946
-0.511192
-0.477506
-0.557122
-0.549153
-0.540964
-0.510426
-0.677045
-0.559968
-0.582978
-0.526998
-0.648130
-0.620696
-0.566287
-0.619029
-0.710203
-0.644706
-0.601094
-0.718095
-0.684156
-0.641959
-0.687224
-0.711272
-0.740333
-0.670881
-0.739150
-0.632436
-0.686649
-0.732563
-0.711672
-0.629094
-0.634257
-0.724861
-0.750350
-0.783013
-0.676129
-0.724938
-0.645282
-0.750854
-0.684591
-0.764148
-0.668377
-0.752120
-0.733146
-0.683814
-0.772318
-0.686557
-0.678819
-0.646435
-0.780877
-0.648862
-0.695079
-0.640957
-0.700515
-0.674684
-0.630163
-0.677764
-0.623408
-0.595135
-0.605383
-0.656691
-0.623558
-0.626630
-0.503016
-0.602897
-0.648672
-0.563095
-0.577529
-0.528041
-0.646136
-0.634468
-0.569415
-0.557759
-0.539918
-0.646842
-0.607294
-0.549150
-0.479760
-0.559819
-0.506901
-0.503286
-0.489319
-0.590998
-0.474715
-0.487392
-0.473586
-0.494785
-0.512727
-0.482676
-0.472202
-0.438736
-0.456774
-0.437721
-0.412029
-0.384094
-0.403582
-0.404223
-0.398714
-0.392105
-0.322452
-0.316671
-0.376939
-0.401876
-0.337572
-0.294458
-0.346500
-0.324872
-0.371946
-0.335596
-0.315511
-0.277194
-0.315184
-0.272192
-0.350531
-0.276594
-0.239981
-0.246733
-0.248740
-0.283261
-0.260295
-0.250281
-0.216827
-0.127079
-0.281099
-0.211605
-0.229377
-0.181441
-0.157762
-0.230875
-0.246905
-0.214118
-0.101208
-0.203593
-0.189439
-0.280615
-0.225949
-0.111225
-0.186053
-0.213539
-0.149446
-0.206372
-0.213883
-0.143666
-0.210080
-0.211114
-0.236611
-0.211686
-0.168297
-0.189235
-0.317489
-0.163994
-0.352967
-0.285676
-0.288171
-0.220042
-0.366780
-0.306222
-0.367142
-0.304430
-0.333398
-0.384187
-0.354962
-0.363829
-0.460673
-0.312675
-0.418817
-0.466723
-0.447495
-0.431283
-0.409848
-0.401952
-0.398051
-0.464139
-0.444705
-0.384343
-0.382767
-0.390583
-0.489661
-0.431545
-0.404363
-0.397965
-0.383974
-0.467661
-0.433352
-0.447740
-0.381578
-0.378118
-0.402667
-0.464165
-0.416138
-0.532620
-0.437178
-0.513244
-0.464257
-0.519443
-0.479512
-0.525706
-0.533306
-0.561050
-0.581215
-0.460379
-0.527957
-0.463614
-0.563070
-0.540351
-0.549512
-0.514855
-0.620495
-0.642975
-0.609097
-0.611997
-0.536426
-0.576867
-0.636466
-0.729993
-0.640302
-0.620821
-0.575041
-0.595933
-0.577286
-0.581538
-0.629239
-0.547969
-0.571511
-0.629547
-0.639970
-0.509346
-0.597115
-0.661540
-0.623251
-0.604559
-0.708244
-0.679341
-0.615086
-0.589755
-0.621086
-0.689742
-0.647150
-0.595718
-0.596789
-0.629600
-0.613558
-0.590585
-0.524381
-0.592739
-0.545169
-0.600605
-0.506944
-0.620370
-0.550901
-0.494502
-0.447292
-0.464480
-0.567465
-0.444223
-0.469294
-0.439864
-0.444203
-0.414367
-0.431992
-0.375771
-0.412191
-0.365288
-0.388938
-0.394012
-0.413571
-0.358372
-0.367575
-0.316940
-0.357159
-0.378002
-0.288097
-0.349393
-0.246813
-0.302016
-0.263562
-0.281698
-0.277339
-0.256631
-0.228326
-0.255190
-0.270826
-0.206525
-0.250786
-0.299371
-0.231092
-0.285513
-0.144300
-0.201744
-0.202197
-0.245552
-0.111442
-0.265047
-0.185572
-0.229423
-0.172236
-0.120911
-0.126422
-0.194035
-0.149083
-0.179469
-0.173449
-0.158188
-0.065666
-0.076247
-0.059299
-0.067296
-0.089722
-0.019338
-0.037845
-0.093786
-0.076235
-0.002863
-0.133488
-0.063689
-0.036732
-0.052558
-0.068717
-0.134727
-0.053693
-0.031893
-0.128744
-0.115022
-0.043408
-0.074756
-0.118907
-0.164871
-0.083870
-0.115087
-0.122259
-0.056901
-0.176930
-0.097114
-0.124449
-0.126022
-0.116080
-0.156886
-0.122581
-0.058796
-0.009732
-0.166103
-0.091913
-0.145953
0.028503
-0.065033
-0.078514
-0.081570
-0.104934
-0.138643
-0.159772
-0.083188
-0.116813
-0.145829
-0.171744
-0.110759
-0.105317
-0.190324
-0.167993
-0.148223
-0.167534
-0.131994
-0.129052
-0.150046
-0.172489
-0.157999
-0.243747
-0.152992
-0.228881
-0.193527
-0.177553
-0.229361
-0.210086
-0.192618
-0.256785
-0.246158
-0.230968
-0.227333
-0.198062
-0.247558
-0.262960
-0.226747
-0.155650
-0.273506
-0.251674
-0.277021
-0.258231
-0.229409
-0.297183
-0.314143
-0.288487
-0.253588
-0.305483
-0.280604
-0.276525
-0.326198
-0.331625
-0.307548
-0.277105
-0.285852
-0.358805
-0.270321
-0.329679
-0.352636
-0.415898
-0.330809
-0.324835
-0.359635
-0.405547
-0.394421
-0.417153
-0.376424
-0.365342
-0.348813
-0.350440
-0.432497
-0.398197
-0.415503
-0.345728
-0.420562
-0.374655
-0.405392
-0.359606
-0.450145
-0.363620
-0.410034
-0.531005
-0.504210
-0.310778
-0.349828
-0.446523
-0.422873
-0.408000
-0.418803
-0.441871
-0.434319
-0.418058
-0.428640
-0.528967
-0.385276
-0.482726
-0.430152
-0.559207
-0.459029
-0.538859
-0.462432
-0.500749
-0.493511
-0.514682
-0.510761
-0.481731
-0.443212
-0.491364
-0.573490
-0.504264
-0.508718
-0.429332
-0.490167
-0.526514
-0.541186
-0.528670
-0.485385
-0.466882
-0.546589
-0.469670
-0.498960
-0.477341
-0.527197
-0.399912
-0.445762
-0.440690
-0.473757
-0.476724
-0.411694
-0.491600
-0.457896
-0.476243
-0.483071
-0.477068
-0.428398
-0.519193
-0.545466
-0.482215
-0.413079
-0.501164
-0.492326
-0.532322
-0.447305
-0.480273
-0.483294
-0.519161
-0.521315
-0.511757
-0.473186
-0.568010
-0.558751
-0.431607
-0.547545
-0.480437
-0.567050
-0.523540
-0.477357
-0.566719
-0.649055
-0.404212
-0.504138
-0.503613
-0.542867
-0.534207
-0.528237
-0.476924
-0.576583
-0.500315
-0.577490
-0.470345
-0.541415
-0.557783
-0.567045
-0.529166
-0.554878
-0.556905
-0.508245
-0.595449
-0.565136
-0.540199
-0.527876
-0.572287
-0.534318
-0.571216
-0.545622
-0.547798
-0.531421
-0.533831
-0.534413
-0.591161
-0.538618
-0.523281
-0.642386
-0.556860
-0.579476
-0.564480
-0.574077
-0.557301
-0.595548
-0.600979
-0.565670
-0.527556
-0.562055
-0.604835
-0.589047
-0.497646
-0.595261
-0.551551
-0.553574
-0.535650
-0.633918
-0.555292
-0.554372
-0.516906
-0.588300
-0.598531
-0.541661
-0.479145
-0.526492
-0.597939
-0.439975
-0.537270
-0.546463
-0.524108
-0.442877
-0.525683
-0.493003
-0.532783
-0.449219
-0.548362
-0.505861
-0.398111
-0.476611
-0.512337
-0.453802
-0.429228
-0.490372
-0.470271
-0.392287
-0.461789
-0.486001
-0.469687
-0.423588
-0.392702
-0.450088
-0.471298
-0.498880
-0.420732
-0.452262
-0.458680
-0.436557
-0.500202
-0.456662
-0.498314
-0.440958
-0.429313
-0.452358
-0.484622
-0.449666
-0.479489
-0.474232
-0.530545
-0.426265
-0.489340
-0.461492
-0.563399
-0.484071
-0.505104
-0.482324
-0.529968
-0.493081
-0.538782
-0.502740
-0.460720
-0.525563
-0.543628
-0.513252
-0.514598
-0.526014
-0.507187
-0.563167
-0.508808
-0.459013
-0.517228
-0.554206
-0.510155
-0.507043
-0.486529
-0.523320
-0.495479
-0.496949
-0.526857
-0.446525
-0.510721
-0.515148
-0.551393
-0.422554
-0.574003
-0.535800
-0.444719
-0.460573
-0.536813
-0.490789
-0.526728
-0.447760
-0.472250
-0.502211
-0.542934
-0.480046
-0.462995
-0.445484
-0.508082
-0.426989
-0.511199
-0.488719
-0.486728
-0.442200
-0.462281
-0.520115
-0.487735
-0.461884
-0.445571
-0.494085
-0.552268
-0.479910
-0.404346
-0.481473
-0.494803
-0.503517
-0.513778
-0.479419
-0.437139
-0.431062
-0.477379
-0.563644
-0.477451
-0.445692
-0.419554
-0.465244
-0.521812
-0.503812
-0.420154
-0.506018
-0.455745
-0.474780
-0.439674
-0.513038
-0.460520
-0.467168
-0.446548
-0.506380
-0.502047
-0.455894
-0.369154
-0.481675
-0.504022
-0.437483
-0.427325
-0.512572
-0.456062
-0.413405
-0.425932
-0.462225
-0.465094
-0.401501
-0.430646
-0.428073
-0.483964
-0.437403
-0.437761
-0.520432
-0.447238
-0.428010
-0.437109
-0.460968
-0.454644
-0.454974
-0.450374
-0.475237
-0.461868
-0.479470
-0.458343
-0.416309
-0.490299
-0.506699
-0.462911
-0.445924
-0.490227
-0.474675
-0.405093
-0.450339
-0.469256
-0.410999
-0.403171
-0.423111
-0.446678
-0.454650
-0.459116
-0.461922
-0.489842
-0.442985
-0.492733
-0.367623
-0.478053
-0.358382
-0.504880
-0.280764
-0.407884
-0.362346
-0.460947
-0.378665
-0.421989
-0.365407
-0.434871
-0.518426
-0.421725
-0.532281
-0.483463
-0.485895
-0.441161
-0.504205
-0.482874
-0.465908
-0.457717
-0.480113
-0.449286
-0.503948
-0.500234
-0.446979
-0.468447
-0.472037
-0.527258
-0.527249
-0.526307
-0.498216
-0.542105
-0.544101
-0.498399
-0.516760
-0.491189
-0.485512
-0.462006
-0.555481
-0.468541
-0.388713
-0.462169
-0.479083
-0.533765
-0.454292
-0.495276
-0.474349
-0.519561
-0.499237
-0.474849
-0.481093
-0.460001
-0.448472
-0.458296
-0.458650
-0.458031
-0.430440
-0.456293
-0.403156
-0.434850
-0.441483
-0.456965
-0.436451
-0.453560
-0.456401
-0.468189
-0.454215
-0.406580
-0.445058
-0.448490
-0.409497
-0.385959
-0.396582
-0.374206
-0.352759
-0.415834
-0.377130
-0.394360
-0.356202
-0.381225
-0.450342
-0.434934
-0.332056
-0.332119
-0.406464
-0.396476
-0.298170
-0.361457
-0.345763
-0.317745
-0.246340
-0.363448
-0.380745
-0.302963
-0.190850
-0.314749
-0.360302
-0.302492
-0.325969
-0.285503
-0.297571
-0.326109
-0.247102
-0.288822
-0.301271
-0.289082
-0.218773
-0.219305
-0.272656
-0.231545
-0.198174
-0.212572
-0.318299
-0.180694
-0.224294
-0.238814
-0.239495
-0.214994
-0.206556
-0.186913
-0.203245
-0.174413
-0.202224
-0.227529
-0.087837
-0.178882
-0.120492
-0.128537
-0.079599
-0.158555
-0.140301
-0.121330
-0.018082
-0.146104
-0.131460
-0.105435
-0.094784
-0.037741
-0.049628
-0.056407
-0.100570
-0.008967
-0.042480
0.009668
0.011824
-0.022153
-0.024238
0.038300
0.025600
0.059021
0.009059
0.002214
0.006174
0.052467
0.003276
0.046612
0.053508
0.017854
0.079360
0.056440
0.075966
0.116294
0.064984
0.024941
0.137674
0.174353
0.165380
0.087493
0.125839
0.170027
0.165870
0.100688
0.158837
0.205161
0.164998
0.173189
0.222041
0.240707
0.150412
0.221193
0.260018
0.257956
0.206761
0.230082
0.202874
0.291490
0.174765
0.193258
0.262258
0.202119
0.198825
0.237808
0.207359
0.095799
0.186162
0.224614
0.274802
0.231880
0.178801
0.221233
0.243983
0.281381
0.235578
0.254664
0.193298
0.186249
0.231048
0.273998
0.291619
0.160942
0.204448
0.163997
0.243499
0.263144
0.247898
0.232041
0.244192
0.220067
0.296940
0.330830
0.207989
0.265162
0.368303
0.351536
0.289243
0.361702
0.296649
0.350940
0.262971
0.349511
0.298414
0.297830
0.264546
0.302765
0.385574
0.342385
0.351001
0.334445
0.364980
0.404036
0.369324
0.359773
0.333888
0.344910
0.436252
0.418106
0.349874
0.332620
0.274407
0.302383
0.403589
0.363090
0.290232
0.230373
0.368697
0.343643
0.371009
0.323382
0.313618
0.391766
0.291473
0.380498
0.368791
0.363386
0.350791
0.439391
0.335398
0.387636
0.426096
0.388570
0.300561
0.387391
0.355473
0.350399
0.319055
0.355295
0.372415
0.294724
0.293602
0.300866
0.286682
0.199116
0.331324
0.252600
0.326714
0.279991
0.298380
0.239822
0.321491
0.287386
0.240877
0.312247
0.261810
0.354686
0.252337
0.293050
0.227609
0.330546
0.341705
0.265901
0.306322
0.239113
0.340236
0.352819
0.357621
0.337396
0.339263
0.331196
0.316248
0.406216
0.381112
0.334267
0.181721
0.401912
0.474282
0.344454
0.226222
0.328489
0.368866
0.385905
0.368133
0.329640
0.373333
0.356734
0.303650
0.392890
0.414726
0.174832
0.197332
0.226091
0.247724
0.258070
0.182973
0.184990
0.234046
0.195806
0.193846
0.159405
0.226772
0.142933
0.277907
0.148573
0.256871
0.171773
0.150636
0.202845
0.200510
0.096442
0.107707
0.188518
0.152602
0.163204
0.239022
0.218001
0.156923
0.188441
0.254240
0.190372
0.151924
0.266736
0.195150
0.279203
0.177465
0.204728
0.150573
0.126689
0.211270
0.172825
0.235209
0.195116
0.153264
0.193655
0.285336
0.221876
0.149473
0.170742
0.265843
0.217927
0.266377
0.199086
0.251699
0.175994
0.212089
0.259387
0.201231
0.171939
0.231071
0.269552
0.175152
0.201651
0.183696
0.227505
0.231785
0.206119
0.238280
0.260273
0.208205
0.168263
0.284443
0.207151
0.117897
0.234987
0.212824
0.219952
0.150583
0.136237
0.223336
0.216925
0.201130
0.152371
0.262867
0.191689
0.176528
0.177653
0.183382
0.211256
0.135779
0.177000
0.271466
0.227268
0.111450
0.192988
0.207861
0.207008
0.156612
0.210721
0.194630
0.137069
0.137668
0.220594
0.234898
0.171093
0.104198
0.145312
0.222454
0.222049
0.089809
0.174209
0.219763
0.291402
0.201102
0.202098
0.197593
0.102421
0.214516
0.335635
0.307264
0.109541
0.200320
0.253565
0.327074
0.224642
0.136027
0.211045
0.302737
0.304980
0.294730
0.295989
0.186251
0.292630
0.418997
0.328614
0.268665
0.318196
0.320341
0.396780
0.313225
0.347794
0.355893
0.428046
0.290762
0.497092
0.372624
0.446887
0.351099
0.443084
0.503443
0.526398
0.391807
0.493089
0.488174
0.485933
0.527461
0.458379
0.500353
0.469892
0.485385
0.488304
0.521111
0.540046
0.421965
0.479937
0.542090
0.560730
0.553669
0.544331
0.589082
0.583429
0.570609
0.539132
0.555239
0.572632
0.546199
0.641776
0.599081
0.590079
0.514858
0.632970
0.569676
0.585450
0.650915
0.670784
0.525371
0.579970
0.623621
0.651241
0.545250
0.617503
0.641447
0.576354
0.621892
0.639126
0.616817
0.601892
0.604834
0.724416
0.697506
0.687798
0.615373
0.686525
0.725650
0.703588
0.657398
0.657078
0.678494
0.678630
0.718560
0.690499
0.624433
0.601856
0.713673
0.618657
0.648832
0.616176
0.618651
0.654646
0.659009
0.587489
0.634624
0.665695
0.580922
0.633903
0.655247
0.639012
0.677239
0.577086
0.585722
0.678186
0.683773
0.599654
0.641500
0.605766
0.623987
0.667656
0.638164
0.616304
0.620146
0.640270
0.669444
0.688964
0.614660
0.699034
0.642332
0.656364
0.666254
0.644083
0.685203
0.699299
0.634514
0.603698
0.644604
0.635448
0.732328
0.549888
0.556928
0.593900
0.707157
0.634466
0.559670
0.617823
0.550669
0.622099
0.520973
0.552851
0.529785
0.627220
0.577031
0.505449
0.533307
0.538602
0.527345
0.508887
0.555757
0.509767
0.525391
0.535695
0.615084
0.599315
0.514830
0.439495
0.564774
0.631986
0.561283
0.565134
0.566729
0.549574
0.581265
0.563688
0.658201
0.573079
0.553091
0.555959
0.634145
0.614390
0.595073
0.523691
0.526307
0.644494
0.542934
0.487646
0.554412
0.541766
0.567589
0.570596
0.587623
0.584964
0.535504
0.570831
0.556260
0.617159
0.575149
0.559110
0.630317
0.537229
0.563171
0.519291
0.655208
0.495563
0.589543
0.539685
0.577546
0.552857
0.566334
0.576786
0.690723
0.624391
0.609571
0.680266
0.668565
0.719990
0.622293
0.648584
0.674224
0.638975
0.586365
0.632592
0.539707
0.724111
0.629185
0.647564
0.595716
0.689828
0.660193
0.761713
0.847147
0.767090
0.751011
0.717612
0.715502
0.895450
0.809887
0.701973
0.767703
0.754410
0.668842
0.651725
0.752998
0.602240
0.773216
0.698524
0.802166
0.667863
0.686525
0.647503
0.747397
0.684802
0.648616
0.645563
0.567555
0.511511
0.627421
0.525182
0.407711
0.415376
0.494404
0.464824
0.509054
0.463429
0.541200
0.478107
0.418401
0.489974
0.530056
0.429519
0.389260
0.470122
0.466146
0.473256
0.377217
0.329952
0.405104
0.394653
0.289446
0.411385
0.363469
0.472841
0.306292
0.285444
0.360657
0.335216
0.222160
0.317863
0.272823
0.182045
0.213545
0.123469
0.070228
0.128660
0.042046
-0.018607
-0.019017
-0.026186
0.044072
-0.130528
-0.095759
-0.088274
-0.059873
-0.208364
-0.136320
-0.088400
-0.162618
-0.144122
-0.222248
-0.143634
-0.216935
-0.211086
-0.302553
-0.233117
-0.273931
-0.254711
-0.198104
-0.406856
-0.419162
-0.365332
-0.396990
-0.452966
-0.468364
-0.551205
-0.548698
-0.571510
-0.535554
-0.580557
-0.652192
-0.644090
-0.588479
-0.613491
-0.590828
-0.571101
-0.608823
-0.597171
-0.569115
-0.458171
-0.350579
-0.569754
-0.435883
-0.503563
-0.290195
-0.404875
-0.326296
-0.343300
-0.355341
-0.337963
-0.350879
-0.239435
-0.346480
-0.396933
-0.271439
-0.183011
-0.257655
-0.277052
-0.241295
-0.249105
-0.198411
-0.233113
-0.092095
-0.379702
-0.327199
-0.217336
-0.203722
-0.414079
-0.347281
-0.293122
-0.299412
-0.295046
-0.352554
-0.296829
-0.337456
-0.239080
-0.307644
-0.209762
-0.345676
-0.313698
-0.327855
-0.356465
-0.338340
-0.455699
-0.368772
-0.531499
-0.420049
-0.580554
-0.510350
-0.618703
-0.601322
-0.729626
-0.774324
-0.688372
-0.866872
-0.811422
-0.967133
-0.966548
-1.092999
-1.043810
-1.182827
-1.200296
-1.278788
-1.255396
-1.357707
-1.413499
-1.445662
-1.499671
-1.421521
-1.566301
-1.662878
-1.581254
-1.657670
-1.739782
-1.773812
-1.863421
-1.924742
-1.970145
-2.134570
-2.018408
-2.168534
-2.260214
-2.374046
-2.356606
-2.532222
-2.619793
-2.656450
-2.758959
-2.834339
-2.970334
-3.049425
-3.251313
-3.321788
-3.454825
-3.534517
-3.621640
-3.721090
-3.895877
-3.994421
-4.102178
-4.143190
-4.261235
-4.412706
-4.402399
-4.503639
-4.601836
-4.765143
-4.874547
-4.903495
-5.045997
-5.227658
-5.410099
-5.403214
-5.625462
-5.862063
-5.998091
-6.001590
-6.290643
-6.434407
-6.647242
-6.665598
-6.865540
-7.058910
-7.186611
-7.200516
-7.341721
-7.517188
-7.585084
-7.697215
-7.761811
-7.947017
-7.954854
-7.990497
-8.061605
-8.421442
-8.348260
-8.401235
-8.583684
-8.762230
-8.769652
-8.945965
-9.119518
-9.197146
-9.372807
-9.521812
-9.651864
-9.802779
-9.984855
-10.185936
-10.238275
-10.456758
-10.425225
-10.756965
-10.820990
-10.913504
-11.129386
-11.136083
-11.361373
-11.509548
-11.808399
-11.807158
-11.990407
-12.144827
-12.375077
-12.542269
-12.585075
-12.798220
-13.051414
-13.248363
-13.255121
-13.503613
-13.605531
-13.828792
-14.031407
-14.170049
-14.316241
-14.543808
-14.684492
-14.790438
-15.036295
-15.330189
-15.366015
-15.542126
-15.747309
-15.887479
-16.061823
-16.295084
-16.389164
-16.569468
-16.748589
-16.948174
-17.135399
-17.394081
-17.513330
-17.704058
-17.918840
-18.124641
-18.293470
-18.401005
-18.647331
-18.859495
-19.009844
-19.213285
-19.363533
-19.464594
-19.669119
-19.821360
-19.993549
-20.236080
-20.347048
-20.500732
-20.726557
-20.937790
-20.980795
-21.256371
-21.474945
-21.592991
-21.729433
-21.847891
-22.071381
-22.305979
-22.348299
-22.503431
-22.715387
-22.904625
-22.972309
-23.217207
-23.460798
-23.580145
-23.683821
-23.880816
-24.122421
-24.204498
-24.390789
-24.523298
-24.710562
-24.737215
-24.933203
-25.070127
-25.195881
-25.353746
-25.370106
-25.636957
-25.831238
-25.973286
-26.091381
-26.264648
-26.478855
-26.683382
-26.970198
-27.228662
-27.213394
-27.477068
-27.700842
-27.834562
-28.013229
-28.228666
-28.359816
-28.504873
-28.758381
-28.860226
-29.088400
-29.120691
-29.465052
-29.563643
-29.903963
-30.042038
-30.312887
-30.538540
-30.787434
-30.893780
-31.123375
-31.340473
-31.579330
-31.767550
-31.972879
-32.246861
-32.418472
-32.539688
-32.613029
-32.960529
-33.200943
-33.312984
-33.476601
-33.787693
-33.955746
-34.139896
-34.382999
-34.545521
-34.770271
-34.957344
-35.111340
-35.327118
-35.618546
-35.671928
-35.739166
-36.008167
-36.275578
-36.459015
-36.600487
-36.825455
-37.004601
-37.196415
-37.290070
-37.557507
-37.833130
-37.932907
-38.077045
-38.355694
-38.639778
-38.658741
-38.786694
-39.063705
-39.276119
-39.289509
-39.525417
-39.736053
-39.849426
-40.083431
-40.144390
-40.361706
-40.520313
-40.668564
-40.765560
-41.006371
-41.173054
-41.151588
-41.439468
-41.546242
-41.751553
-41.685741
-41.900276
-42.205574
-42.243259
-42.334366
-42.515419
-42.671364
-42.753456
-42.876060
-43.114944
-43.227470
-43.330048
-43.390697
-43.611629
-43.842274
-43.850578
-43.947144
-44.024551
-44.235542
-44.229134
-44.454319
-44.415718
-44.643341
-44.712353
-44.816784
-44.944199
-45.088055
-45.212238
-45.175468
-45.417202
-45.513752
-45.649452
-45.697277
-45.822220
-45.913479
-45.990181
-46.206181
-46.106789
-46.339130
-46.287411
-46.454479
-46.517738
-46.465508
-46.545441
-46.723511
-46.839199
-46.718288
-46.905567
-47.020267
-47.063919
-47.058338
-47.247826
-47.229061
-47.303818
-47.325539
-47.489384
-47.518139
-47.567822
-47.635540
-47.719654
-47.759239
-47.840458
-47.960590
-47.994644
-48.009594
-48.164013
-48.111565
-48.128109
-48.370651
-48.357353
-48.430820
-48.415012
-48.549706
-48.590816
-48.639210
-48.685818
-48.707195
-48.948814
-48.893303
-49.031937
-48.952957
-49.025818
-49.139416
-49.285896
-49.214920
-49.320263
-49.551422
-49.542137
-49.541687
-49.681549
-49.803684
-49.921188
-49.952934
-49.940929
-50.158840
-50.196911
-50.295486
-50.354595
-50.509941
-50.436188
-50.508057
-50.630310
-50.719933
-50.869316
-50.899471
-50.992435
-51.068211
-51.319843
-51.335587
-51.448147
-51.517487
-51.649361
-51.737698
-51.845638
-52.041775
-52.019314
-52.145218
-52.233742
-52.282795
-52.463787
-52.647240
-52.664124
-52.793720
-52.868565
-53.010677
-53.111328
-53.283669
-53.391472
-53.453671
-53.600086
-53.646633
-53.961544
-53.964886
-54.115093
-54.183723
-54.336975
-54.613182
-54.642052
-54.723228
-54.868824
-55.068615
-55.109005
-55.284695
-55.390903
-55.435272
-55.541458
-55.721931
-55.756138
-55.857708
-55.913025
-56.056728
-56.344028
-56.499245
-56.563320
-56.591972
-56.756142
-57.029572
-57.061825
-57.095322
-57.212570
-57.549110
-57.566105
-57.504459
-57.754845
-57.829510
-57.964539
-57.989388
-58.239304
-58.400097
-58.500458
-58.637459
-58.767406
-59.008694
-58.879620
-59.099163
-59.238831
-59.322102
-59.552647
-59.554085
-59.721081
-59.727081
-59.829033
-59.908249
-60.118008
-60.247917
-60.246155
-60.329304
-60.614750
-60.703259
-60.743114
-60.737720
-60.963356
-61.105625
-61.031078
-61.101692
-61.361507
-61.347050
-61.364403
-61.418888
-61.564655
-61.591244
-61.713810
-61.778065
-61.854851
-61.997627
-62.012161
-61.984661
-62.162785
-62.331577
-62.170265
-62.345097
-62.353592
-62.371094
-62.455166
-62.574493
-62.625492
-62.700001
-62.676422
-62.652191
-62.945770
-62.790295
-62.845177
-62.830799
-62.935886
-63.007427
-63.119698
-63.113781
-63.102318
-63.058754
-63.210564
-63.213120
-63.286404
-63.184074
-63.343616
-63.403435
-63.464485
-63.311066
-63.397480
-63.356743
-63.515133
-63.546043
-63.471752
-63.633781
-63.562073
-63.596386
-63.670799
-63.716446
-63.590675
-63.746212
-63.865295
-63.882656
-64.062561
-64.114197
-64.228729
-64.520935
-64.768425
-64.915398
-64.754204
-64.829605
-64.923187
-65.202599
-65.253365
-65.409073
-65.206299
-64.975830
-64.787346
-64.565506
-64.339661
-64.330879
-64.257133
-64.110184
-63.616653
-63.191307
-63.330395
-62.930653
-62.743813
-62.776768
-62.803341
-62.763306
-62.876419
-62.736355
-62.647682
-62.552109
-62.348644
-62.484653
-62.517784
-62.353359
-62.221024
-62.181374
-61.986820
-61.741669
-61.470993
-61.437286
-61.462090
-61.524311
-61.518482
-61.818420
-61.707527
-61.614994
-61.550098
-61.661629
-61.722862
-61.689713
-61.439049
-61.602749
-61.651035
-61.692673
-61.448544
-61.607075
-61.645241
-61.753365
-62.112976
-62.318066
-62.583164
-62.554844
-62.810051
-63.150723
-63.637390
-63.731365
-63.366486
-63.006084
-62.981037
-63.243633
-63.320011
-63.440136
-63.014301
-62.665482
-62.594910
-62.770760
-62.594059
-62.456024
-62.529984
-62.538689
-62.967670
-63.199837
-63.015949
-62.592857
-62.184708
-62.057476
-62.419086
-62.487473
-62.389465
-61.957130
-61.533127
-61.551853
-61.440807
-61.089474
-60.724831
-60.833481
-60.966431
-61.048218
-60.610252
-60.338547
-60.140400
-60.855179
-61.372845
-61.553123
-61.496902
-61.256676
-61.170113
-61.871891
-61.884415
-61.804680
-61.818226
-61.575188
-61.845230
-62.470539
-62.178757
-61.416409
-61.334000
-61.569687
-61.960754
-62.337189
-61.947098
-61.705296
-61.863441
-61.928196
-61.999649
-62.394341
-62.735073
-62.541504
-62.483025
-62.705826
-63.220135
-63.087204
-63.142086
-63.399605
-63.190651
-63.007164
-63.014580
-62.876560
-62.695271
-62.696167
-62.695934
-62.617527
-62.377769
-61.748489
-61.303326
-61.230080
-61.456520
-61.222683
-61.121773
-61.133373
-60.399555
-60.265751
-59.917015
-59.640385
-59.412968
-59.648170
-60.034859
-60.258556
-59.956913
-59.436714
-59.632839
-59.986240
-60.076614
-60.044556
-60.090218
-59.714912
-59.232147
-59.088123
-58.786900
-58.311005
-58.106396
-57.753532
-58.182808
-58.018120
-58.143837
-58.917858
-58.991470
-58.847481
-58.666279
-58.505939
-58.953934
-59.670490
-59.656776
-59.847610
-59.192898
-58.255455
-58.003582
-58.031685
-58.125168
-58.435120
-57.995716
-57.704536
-57.979877
-57.968216
-57.280586
-57.202862
-57.689346
-58.314873
-58.793701
-58.413128
-57.994282
-57.780956
-57.683510
-58.060505
-58.224731
-57.966408
-57.763470
-57.963772
-58.287148
-58.538742
-58.449394
-58.319172
-58.597847
-59.127560
-59.391823
-59.526516
-59.375404
-59.796234
-60.066090
-60.139343
-59.894028
-59.902622
-59.791382
-59.845192
-59.634384
-59.622128
-59.346210
-59.232868
-58.843296
-58.692730
-58.542679
-58.593903
-58.610996
-58.501987
-58.402439
-58.290863
-58.213409
-58.760132
-58.952705
-58.966690
-58.755348
-58.893528
-58.944027
-59.147552
-59.031235
-59.017216
-59.117512
-58.965313
-58.797062
-58.689232
-58.632698
-58.325008
-58.401318
-58.703953
-59.128136
-59.249260
-58.919411
-59.085640
-59.251686
-59.410194
-59.331947
-59.625877
-59.513481
-59.309319
-59.430073
-59.580093
-59.109047
-58.871483
-58.860603
-58.636963
-58.785717
-58.507034
-58.280621
-58.371826
-58.726265
-58.479969
-58.116634
-57.924728
-58.179012
-58.264721
-58.070534
-57.902092
-57.675560
-57.843494
-57.951424
-58.271431
-58.681149
-58.660381
-58.131687
-58.836716
-59.301846
-59.127270
-59.302330
-59.535591
-59.010151
-59.269737
-59.945728
-59.999065
-59.652336
-58.654232
-58.242668
-58.950794
-59.353745
-59.354206
-58.972946
-58.444878
-58.035934
-58.333191
-58.744663
-58.696842
-58.697323
-58.625164
-58.867340
-59.050995
-58.867962
-57.864315
-57.714382
-58.049747
-58.646778
-59.048809
-58.874386
-58.230583
-57.927147
-58.188538
-58.329361
-58.486095
-58.158524
-58.216618
-58.637444
-58.850063
-58.696163
-58.134590
-58.044228
-58.137821
-58.381184
-58.242313
-57.843311
-57.838406
-57.450974
-57.404575
-57.374668
-57.353119
-56.966076
-56.552818
-56.277294
-55.890671
-56.262440
-56.390217
-56.398205
-56.098518
-55.802872
-55.265003
-55.707203
-55.951294
-55.618797
-55.689075
-55.857224
-55.833469
-55.934032
-55.625874
-55.694618
-56.089054
-55.780758
-55.372509
-55.491745
-55.459080
-55.346294
-55.324993
-55.547874
-56.066158
-56.356941
-56.065506
-55.815769
-55.968758
-55.799156
-55.578152
-55.803974
-55.746658
-55.598354
-55.739159
-55.760536
-55.836624
-55.647411
-55.102711
-54.975609
-54.968884
-55.029877
-55.138638
-55.208767
-55.657169
-55.837589
-55.394505
-55.104382
-55.270660
-55.219929
-55.285725
-55.238152
-55.253120
-55.146149
-55.273964
-54.829800
-54.767834
-54.580570
-54.445042
-54.462059
-54.680092
-54.889912
-54.943970
-54.863262
-54.686985
-54.841839
-54.964741
-54.844387
-54.828213
-54.841736
-54.838478
-54.764126
-54.971695
-54.977051
-54.725685
-54.717289
-54.751087
-54.871937
-54.781841
-54.837463
-54.841072
-54.968288
-54.967613
-54.835670
-54.889359
-54.846798
-54.839237
-54.719807
-54.788017
-54.738712
-54.579613
-54.798862
-54.633469
-54.704582
-54.768719
-54.557587
-54.399220
-54.432720
-54.442467
-54.439362
-54.323990
-54.345306
-54.277458
-54.171307
-54.276070
-54.122925
-54.243641
-53.990139
-53.934067
-54.168480
-54.253925
-54.103485
-54.140854
-54.129734
-54.069237
-53.892799
-53.917809
-54.061169
-54.039955
-53.789402
-53.855900
-53.953373
-53.843037
-53.562737
-53.658932
-53.682690
-53.383736
-53.129139
-53.125561
-53.200768
-53.123798
-52.990204
-52.924339
-53.070938
-52.903858
-52.833553
-52.834431
-53.170135
-53.131794
-52.874897
-53.017654
-53.086502
-53.078579
-52.777119
-52.779644
-52.708294
-52.687019
-52.634624
-52.729343
-52.900604
-52.495541
-52.477222
-52.529133
-52.523041
-52.537800
-52.520996
-52.691776
-52.546089
-52.458378
-52.305691
-52.335449
-52.338135
-52.245781
-52.338131
-52.302124
-52.396347
-52.259399
-52.185493
-52.355217
-52.427719
-52.498062
-52.384975
-52.451481
-52.478592
-52.491486
-52.589077
-52.661045
-52.545094
-52.392365
-52.673203
-52.546822
-52.632286
-52.514851
-52.702408
-52.704338
-52.836441
-52.893505
-52.768669
-52.739807
-52.664063
-52.868488
-52.767342
-52.868019
-52.904804
-52.652035
-52.684570
-52.764263
-52.864075
-52.796585
-52.632317
-52.745457
-52.959141
-52.786625
-52.531193
-52.847095
-52.880917
-52.713436
-52.680580
-52.747894
-52.646271
-52.751762
-52.646038
-52.559677
-52.488144
-52.438976
-52.436623
-52.465015
-52.505905
-52.465900
-52.478306
-52.376362
-52.273964
-52.344254
-52.230194
-52.406445
-52.211414
-52.217617
-52.067089
-52.197041
-52.039291
-51.813164
-51.800117
-51.958351
-52.008114
-51.837582
-51.709160
-51.627506
-51.627918
-51.525421
-51.601231
-51.520000
-51.363247
-51.256283
-51.167786
-51.057041
-51.068096
-50.959518
-51.089279
-51.125080
-51.063461
-50.825600
-50.884823
-50.832619
-50.870319
-50.797939
-50.877831
-50.707638
-50.644630
-50.566204
-50.598892
-50.525852
-50.342686
-50.343552
-50.406609
-50.498798
-50.391010
-50.365559
-50.289433
-50.269485
-50.194061
-50.426071
-50.365925
-50.328995
-50.229668
-50.312202
-50.300316
-50.383724
-50.325012
-50.254028
-50.344177
-50.505207
-50.515549
-50.394238
-50.520142
-50.485550
-50.597904
-50.662212
-50.799347
-50.718540
-50.732742
-50.955685
-50.954872
-50.952236
-50.899628
-51.051979
-51.166561
-51.199039
-51.251785
-51.276207
-51.174297
-51.450932
-51.382858
-51.515472
-51.563526
-51.545414
-51.677097
-51.751678
-51.828403
-51.879051
-51.977978
-51.870483
-52.068172
-52.155987
-52.154312
-52.306252
-52.176464
-52.239723
-52.262547
-52.334965
-52.246677
-52.487167
-52.486969
-52.360615
-52.470760
-52.552372
-52.547920
-52.461285
-52.612202
-52.668644
-52.643032
-52.670067
-52.694992
-52.809357
-52.709553
-52.678085
-52.889465
-52.874660
-52.792336
-52.831692
-53.035088
-52.932510
-52.930447
-52.856178
-53.011940
-52.963310
-52.909943
-53.025047
-52.914406
-52.969154
-53.036297
-53.044613
-53.012238
-52.931881
-52.935009
-53.118866
-53.004173
-53.099590
-53.057007
-53.141655
-53.046486
-53.114075
-53.147701
-53.053658
-53.164017
-53.191429
-53.171665
-53.124451
-53.180508
-53.246178
-53.198013
-53.249134
-53.229633
-53.171272
-53.324799
-53.357899
-53.244572
-53.282688
-53.332752
-53.305260
-53.271809
-53.295898
-53.360104
-53.537254
-53.189972
-53.261253
-53.420933
-53.419098
-53.259304
-53.284691
-53.447571
-53.352680
-53.389126
-53.348347
-53.293255
-53.241276
-53.279411
-53.307255
-53.206097
-53.205242
-53.049633
-53.251553
-52.936268
-53.051228
-52.946476
-52.825878
-52.785049
-52.815811
-52.798782
-52.572559
-52.513004
-52.408871
-52.443203
-52.405640
-52.208256
-52.164204
-52.090092
-51.972462
-51.809734
-51.684254
-51.637379
-51.586082
-51.524437
-51.340874
-51.237022
-51.142986
-51.142414
-51.039074
-50.985088
-50.947170
-50.833328
-50.676666
-50.718121
-50.823116
-50.612534
-50.618656
-50.515614
-50.437614
-50.391380
-50.492546
-50.457832
-50.303997
-50.412407
-50.359169
-50.395657
-50.283981
-50.388130
-50.260307
-50.428524
-50.311390
-50.576756
-50.339859
-50.430229
-50.513405
-50.455994
-50.433266
-50.580784
-50.610420
-50.439495
-50.509087
-50.741085
-50.535614
-50.593822
-50.703678
-50.800404
-50.584930
-50.843990
-50.805771
-50.882572
-50.743675
-50.760593
-50.856022
-50.878490
-50.828049
-50.835781
-50.855198
-50.786057
-50.737141
-50.836693
-50.931080
-50.838665
-50.815300
-50.836967
-50.788418
-50.794121
-50.837524
-50.672165
-50.745033
-50.763405
-50.696014
-50.587627
-50.526070
-50.562675
-50.548332
-50.453766
-50.372894
-50.349377
-50.237679
-50.220695
-50.239849
-50.154972
-50.004032
-49.886017
-49.861137
-49.923382
-49.865059
-49.671345
-49.618561
-49.592808
-49.567459
-49.420723
-49.440098
-49.211586
-49.253193
-49.103855
-49.077312
-49.018929
-48.912609
-48.741879
-48.823437
-48.762180
-48.596283
-48.452732
-48.419121
-48.357597
-48.464108
-48.195026
-48.269733
-48.018959
-48.062443
-47.988300
-47.927475
-47.863125
-47.946857
-47.575916
-47.635136
-47.653023
-47.584759
-47.573658
-47.487545
-47.373287
-47.439285
-47.299385
-47.224983
-47.188663
-47.125095
-47.280468
-47.176300
-47.059410
-47.047760
-47.140240
-47.018642
-46.841503
-46.958679
-47.088848
-46.993382
-46.860504
-46.967434
-46.982845
-46.794815
-46.846241
-46.802116
-46.782299
-46.729969
-46.891319
-46.688091
-46.771290
-46.629162
-46.812122
-46.629219
-46.696827
-46.567848
-46.598274
-46.675983
-46.484753
-46.530960
-46.429214
-46.473679
-46.346584
-46.335094
-46.342194
-46.209225
-46.136459
-46.151531
-46.029240
-46.014145
-46.188091
-45.977531
-45.727947
-45.782310
-45.915527
-45.709812
-45.689548
-45.400375
-45.564705
-45.531097
-45.512722
-45.336483
-45.279675
-45.253345
-45.002407
-45.179962
-45.169724
-44.958138
-44.780396
-44.865208
-44.953773
-44.734943
-44.579304
-44.479355
-44.670479
-44.436733
-44.433907
-44.413898
-44.365955
-44.202522
-44.082512
-44.342178
-44.175468
-43.955357
-43.852142
-43.897694
-43.902557
-43.814289
-43.854790
-43.692757
-43.565521
-43.633041
-43.619629
-43.443287
-43.491875
-43.505508
-43.245373
-43.452263
-43.355865
-43.280602
-43.095421
-42.981987
-43.144135
-43.155029
-43.079411
-42.870312
-42.896767
-43.007610
-43.021164
-42.826645
-42.758980
-42.902142
-42.798737
-42.716572
-42.707726
-42.874031
-42.617039
-42.753788
-42.579926
-42.759392
-42.635952
-42.563206
-42.626160
-42.732891
-42.591469
-42.644409
-42.676807
-42.799553
-42.731453
-42.554028
-42.534122
-42.869663
-42.598774
-42.695011
-42.754704
-42.734322
-42.673073
-42.701305
-42.777229
-42.653675
-42.773674
-42.614082
-42.788620
-42.615772
-42.754047
-42.853168
-42.740261
-42.698696
-42.699177
-42.728954
-42.698528
-42.635612
-42.750843
-42.823753
-42.741467
-42.630608
-42.754776
-42.664181
-42.637569
-42.515041
-42.582745
-42.775883
-42.459808
-42.420364
-42.708004
-42.381264
-42.328453
-42.330463
-42.407253
-42.082516
-42.303284
-42.351395
-42.189339
-42.093170
-41.915436
-41.994041
-41.945633
-41.948883
-41.811226
-41.528465
-41.618664
-41.600254
-41.703796
-41.323372
-41.439220
-41.310871
-41.305370
-41.255684
-41.034149
-41.124157
-40.950420
-40.967354
-40.869865
-40.768253
-40.774467
-40.701591
-40.574234
-40.463402
-40.482681
-40.342419
-40.277550
-40.207985
-40.191788
-40.258240
-39.951595
-40.039806
-39.775738
-39.699326
-39.693401
-39.723938
-39.671703
-39.468163
-39.379520
-39.363075
-39.328564
-39.123478
-38.962200
-38.891598
-38.842106
-38.795853
-38.715775
-38.672131
-38.262833
-38.317417
-38.184601
-38.139980
-37.979252
-37.834686
-37.830254
-37.736557
-37.569939
-37.330200
-37.362488
-37.301571
-37.066010
-36.945988
-37.082752
-36.972595
-36.732224
-36.547894
-36.735394
-36.664158
-36.406227
-36.417046
-36.304001
-36.456821
-36.097897
-36.171688
-36.126324
-36.103416
-36.005199
-35.933823
-36.116436
-35.918346
-35.994125
-35.820770
-35.893703
-35.909500
-35.970291
-35.820408
-35.818993
-35.923435
-35.858803
-35.913193
-35.742210
-35.913818
-35.877010
-35.830750
-35.940899
-35.878696
-35.880795
-35.944088
-35.893555
-35.813290
-35.864952
-35.861019
-36.002922
-35.929005
-35.937160
-35.978531
-35.802841
-35.818554
-36.062233
-36.003948
-35.826870
-35.856518
-35.978970
-35.670788
-35.932209
-35.974014
-35.748219
-35.732685
-35.731728
-35.727245
-35.700630
-35.651176
-35.611168
-35.408504
-35.544376
-35.446827
-35.510010
-35.344990
-35.191559
-35.228794
-35.238102
-35.059391
-35.083118
-34.914154
-34.764328
-34.769356
-34.771652
-34.462757
-34.352211
-34.394363
-34.314152
-34.213024
-33.957073
-34.003811
-33.991356
-33.861732
-33.624542
-33.569836
-33.457703
-33.489151
-33.288914
-33.253254
-33.107872
-32.929775
-32.941284
-32.671539
-32.703659
-32.552631
-32.518467
-32.452473
-32.409599
-32.298847
-31.945517
-32.132694
-31.881977
-31.933838
-31.915304
-31.774179
-31.485443
-31.688492
-31.637228
-31.339811
-31.545132
-31.150658
-31.247139
-31.164902
-31.285177
-31.165747
-31.017635
-31.075081
-30.933443
-30.820614
-31.000031
-30.821890
-30.909992
-30.783405
-30.857870
-30.916611
-30.648636
-30.710144
-30.757692
-30.744818
-30.795433
-30.800180
-30.913111
-30.787853
-30.724028
-30.765772
-30.675203
-30.801117
-30.742758
-30.798241
-30.990664
-30.929024
-30.914064
-30.929445
-30.981201
-30.914036
-31.041422
-31.010731
-31.188757
-31.241846
-31.117252
-31.023209
-31.423908
-31.093483
-31.067278
-31.372459
-31.281830
-31.332869
-31.380816
-31.473757
-31.498714
-31.246578
-31.540222
-31.739420
-31.760098
-31.474373
-31.533066
-31.740578
-31.577581
-31.784504
-31.584660
-31.641714
-31.682138
-31.684872
-31.637707
-31.824972
-31.743601
-31.762295
-31.513256
-31.727179
-31.728661
-31.910343
-31.639513
-31.614803
-31.710436
-31.777134
-31.685724
-31.885946
-31.785841
-31.622528
-31.750380
-31.719538
-31.726339
-31.811207
-31.816710
-31.793100
-31.626293
-31.932350
-31.756342
-31.908918
-31.635935
-31.915297
-31.626583
-31.778658
-31.883656
-31.822989
-31.869215
-31.792011
-31.844740
-31.813601
-32.140564
-31.752365
-31.939999
-31.952837
-32.129944
-32.058300
-32.072800
-32.243057
-32.248512
-32.204033
-32.034885
-32.371651
-32.315838
-32.325691
-32.384304
-32.482422
-32.127018
-32.552456
-32.588299
-32.644615
-32.678143
-32.407219
-32.767017
-32.997406
-32.939274
-32.757523
-32.990791
-32.946095
-33.049690
-33.146469
-33.282135
-33.106258
-33.114620
-33.322346
-33.370808
-33.450714
-33.412331
-33.389027
-33.526375
-33.409508
-33.713348
-33.471191
-33.619762
-33.427425
-33.499828
-33.570179
-33.536961
-33.634697
-33.575424
-33.490505
-33.794624
-33.669903
-33.680279
-33.667946
-33.569763
-33.791451
-33.854202
-33.768829
-33.598717
-33.630203
-33.676754
-33.815304
-33.567940
-33.733776
-33.635540
-33.813759
-33.633629
-33.453274
-33.580090
-33.798031
-33.708530
-33.761883
-33.906223
-33.716873
-33.848927
-33.565933
-33.715336
-33.784954
-33.895855
-33.772320
-33.646374
-33.931351
-33.821415
-33.775127
-33.679123
-33.621170
-33.836048
-33.878738
-33.841484
-33.628761
