Az       (ft/s^2)
-29.167917
-29.398335
-29.140320
-29.183592
-29.368629
-29.432735
-29.208450
-29.423344
-29.318810
-29.293982
-29.262283
-29.274521
-29.452896
-29.220770
-29.027803
-29.160223
-29.064856
-28.861769
-28.915098
-29.155127
-28.918772
-28.938236
-28.989035
-29.112936
-28.930824
-28.816671
-28.718184
-29.097679
-29.045300
-29.188936
-29.147322
-28.927076
-28.673895
-28.638884
-28.773785
-28.978516
-28.863031
-28.913563
-28.805508
-28.749884
-28.745451
-28.508017
-28.480957
-28.366182
-28.879272
-28.831606
-28.980536
-28.366852
-27.952436
-28.025423
-28.326271
-28.289965
-28.425974
-28.431198
-28.248516
-28.368406
-28.563608
-28.324383
-28.103224
-28.175737
-28.261143
-28.790590
-28.919321
-28.856083
-28.538267
-28.272585
-28.190256
-28.693911
-28.858070
-28.616058
-28.680855
-28.458309
-28.347366
-28.285187
-28.294418
-27.821613
-27.969193
-27.986946
-28.036882
-28.106413
-28.074549
-27.675011
-27.547653
-27.989180
-28.169567
-28.212955
-28.178312
-28.084284
-28.183283
-28.211987
-27.991459
-28.097288
-28.041126
-28.143721
-28.247198
-28.438393
-28.302267
-28.129396
-28.201349
-28.041096
-28.403681
-28.436674
-28.553675
-28.425516
-28.509474
-28.531889
-28.619617
-28.373667
-28.137737
-28.277885
-28.509108
-28.668814
-28.416739
-28.105080
-27.864182
-28.080412
-28.146528
-27.959452
-27.883772
-27.935678
-27.919785
-28.153412
-28.025860
-27.940351
-27.856527
-27.958042
-28.122019
-28.270016
-28.370266
-27.958231
-28.163029
-28.310371
-28.377892
-28.273201
-28.244827
-28.050312
-27.966433
-28.250660
-28.190886
-28.239592
-27.872375
-27.851736
-28.185413
-28.153872
-28.136770
-27.917561
-27.925114
-28.060921
-28.301254
-28.177727
-27.962242
-27.883768
-27.881014
-28.124474
-28.226049
-28.007626
-28.089073
-27.966034
-28.088556
-28.085741
-27.995426
-27.906034
-27.726540
-27.819931
-27.952480
-27.956600
-27.833086
-27.715206
-27.749453
-27.735460
-27.743904
-27.945063
-27.809393
-27.607285
-27.880682
-27.887970
-27.973881
-27.876690
-27.641445
-27.643820
-27.956026
-27.955568
-27.842957
-27.775110
-27.752701
-27.728270
-27.832012
-27.831303
-27.878586
-27.572735
-27.656797
-27.833462
-28.105953
-27.821472
-27.553188
-27.707603
-27.616928
-27.777542
-27.785822
-27.600262
-27.547886
-27.295734
-27.325344
-27.550833
-27.574217
-27.177488
-27.209427
-27.271196
-27.497881
-27.435066
-27.487366
-27.250317
-27.082344
-27.415163
-27.625820
-27.436104
-27.304976
-27.468569
-27.382790
-27.345785
-27.430199
-27.416534
-27.128912
-27.201838
-27.075245
-27.648760
-27.744667
-27.450428
-27.310637
-27.444548
-27.444532
-27.444727
-27.692245
-27.489033
-27.469843
-27.534164
-27.643847
-27.495426
-27.333168
-27.267355
-27.583406
-28.049715
-28.061220
-27.618212
-27.577265
-27.461411
-27.770140
-28.140224
-27.825706
-27.632793
-27.609104
-27.747068
-27.869219
-27.749819
-27.450651
-27.384523
-27.537209
-27.841225
-28.004963
-27.593998
-27.426973
-27.220825
-27.332888
-27.250967
-27.337042
-26.827108
-26.840567
-26.895889
-27.509529
-27.128063
-26.852749
-26.967300
-27.251930
-27.803171
-28.221409
-28.037512
-27.784575
-27.856176
-27.790998
-28.228170
-28.198978
-27.729252
-27.646296
-27.658535
-27.769724
-27.640842
-27.712139
-27.331821
-27.462605
-27.801231
-27.966156
-27.746078
-27.796648
-27.779528
-27.915705
-27.742332
-27.699146
-28.037693
-28.052713
-27.795879
-27.655907
-27.662800
-27.538586
-27.342863
-27.551516
-27.733789
-27.754292
-28.066740
-27.768911
-28.125479
-27.926704
-27.924505
-27.888876
-28.256168
-27.993170
-27.695635
-27.717945
-27.957184
-27.984173
-27.735868
-27.768486
-27.887280
-27.792002
-27.805378
-27.898798
-28.239145
-27.994741
-28.183722
-28.264080
-28.245546
-28.004250
-27.868633
-27.804939
-28.017363
-28.215115
-27.993332
-28.050161
-28.094519
-27.982576
-27.759958
-27.948996
-27.965321
-27.988214
-28.018021
-28.185072
-28.523592
-28.193222
-28.160444
-27.792774
-28.068031
-28.126080
-28.230103
-28.011921
-27.903719
-28.198570
-28.246973
-27.844845
-27.895300
-28.091450
-28.138723
-27.802759
-28.073427
-27.897013
-27.833710
-27.597647
-28.056606
-28.060499
-28.069262
-27.950399
-28.089380
-28.332485
-28.141451
-28.028912
-28.028673
-27.990419
-28.121210
-28.022213
-28.271698
-28.315744
-28.174694
-27.707621
-27.973345
-28.131542
-27.976978
-28.148129
-28.378605
-28.322458
-28.096083
-28.251156
-28.052250
-28.035088
-28.169373
-28.438663
-28.435778
-28.437494
-28.065575
-28.181602
-28.115400
-28.198843
-28.191271
-28.256147
-28.553608
-28.590641
-28.523273
-28.312616
-28.176125
-28.127871
-28.460232
-28.512447
-28.199501
-28.101950
-27.965210
-28.134981
-27.895847
-28.174334
-27.807867
-27.914469
-28.093908
-28.331570
-28.108721
-28.264423
-28.071121
-28.245293
-28.527210
-28.332684
-28.146250
-28.176107
-28.190987
-28.223724
-28.165171
-28.000828
-27.943110
-27.990892
-27.971203
-27.908998
-28.162994
-27.653570
-27.743200
-27.870813
-28.112837
-27.940855
-27.926088
-27.852531
-27.796700
-27.631962
-27.881504
-28.459253
-28.203188
-28.220085
-28.149050
-28.425797
-28.293005
-28.315826
-28.339813
-28.644491
-28.697311
-28.627802
-28.721483
-28.663095
-28.605190
-28.391607
-28.723513
-28.892204
-29.015577
-28.711714
-28.464855
-28.351870
-28.740934
-28.486979
-28.684786
-28.303442
-28.668112
-28.494450
-28.589123
-28.654085
-28.597898
-28.533920
-28.582987
-28.706579
-28.840399
-29.034229
-28.910526
-28.689821
-28.576296
-28.594105
-28.818735
-28.870451
-28.781054
-28.643223
-28.603342
-28.801620
-28.611542
-28.797165
-28.716124
-28.921965
-28.707514
-28.726540
-28.627821
-28.725195
-28.698912
-28.430618
-28.269064
-28.297386
-28.454214
-28.544231
-28.422840
-28.159052
-28.227327
-28.535507
-28.605549
-28.663107
-28.727789
-28.745174
-28.486473
-28.922190
-28.950741
-28.536598
-28.561897
-28.738909
-28.655422
-28.692698
-28.907572
-28.505508
-28.523037
-28.909407
-28.704523
-28.827509
-28.891228
-29.171459
-29.131512
-29.337957
-29.152514
-29.277838
-29.543182
-29.158623
-29.115023
-29.202713
-29.183283
-28.691765
-28.997068
-28.969452
-28.796682
-28.679056
-28.247282
-28.659533
-28.762705
-28.567730
-28.223227
-28.585400
-28.665527
-28.722761
-28.501310
-28.581627
-28.631968
-28.897076
-28.646147
-28.858454
-28.927469
-28.951117
-28.468235
-28.721378
-28.819586
-29.082865
-28.932926
-29.063606
-29.147415
-29.131227
-28.885723
-29.007380
-28.970381
-29.119425
-28.911627
-28.446220
-28.725182
-28.906786
-28.822170
-28.712973
-28.416794
-28.776794
-28.950012
-29.001190
-29.035000
-29.151644
-29.165733
-29.099676
-29.420828
-29.096945
-28.930929
-28.851894
-28.932692
-29.036591
-28.959700
-28.898966
-28.920864
-28.964727
-28.750872
-28.872663
-28.927742
-29.119745
-28.760115
-28.887877
-29.147297
-29.036243
-29.076368
-29.095240
-28.984571
-28.858541
-29.019562
-28.882238
-28.966164
-28.914202
-29.025927
-28.997585
-29.023987
-29.322903
-29.280937
-29.135788
-29.095831
-29.154409
-29.299059
-29.290329
-29.161669
-29.434246
-29.405090
-28.988005
-29.106892
-29.297104
-29.254486
-29.209730
-29.079653
-29.438591
-29.296141
-29.265594
-29.284777
-29.344980
-29.513161
-29.247137
-29.412909
-29.622139
-29.562401
-29.278915
-29.359303
-29.699289
-29.544273
-29.388964
-29.432541
-29.236610
-29.374784
-29.526287
-29.606197
-29.542295
-29.691956
-29.620329
-29.797888
-29.889658
-29.811260
-29.598364
-29.572317
-29.333239
-29.702385
-29.564730
-29.128721
-29.088268
-29.381304
-29.579062
-29.770342
-29.601921
-29.042530
-29.373846
-29.570076
-30.213100
-30.236012
-29.888287
-29.563608
-29.571674
-29.610401
-29.860237
-29.756950
-29.594416
-29.443655
-29.633858
-29.413324
-29.441446
-29.189140
-29.216402
-29.503519
-29.587614
-29.598198
-29.570347
-29.516453
-29.250591
-29.571020
-29.255838
-29.434305
-29.422022
-29.633804
-29.410349
-29.736078
-29.365032
-29.187626
-29.245480
-29.095835
-29.132133
-29.354385
-29.443247
-29.169197
-29.126297
-29.071047
-28.992735
-28.941887
-28.943884
-29.229986
-29.202124
-29.176229
-29.258471
-29.370380
-29.026005
-29.354563
-29.222424
-29.203686
-29.223366
-29.308491
-28.949482
-29.023342
-29.251812
-29.009716
-28.915958
-28.974989
-29.057802
-28.891779
-28.777191
-28.909496
-28.821974
-28.844271
-28.630035
-28.864492
-29.035606
-28.783611
-28.705912
-28.799986
-28.737648
-28.855963
-29.035275
-29.033331
-29.181116
-28.999727
-28.707500
-28.925623
-29.077616
-28.944771
-28.714163
-29.087034
-28.917288
-29.238924
-29.054428
-28.793213
-28.832912
-28.865343
-29.108450
-29.452196
-29.476906
-29.032223
-28.938213
-28.927139
-29.144487
-29.094879
-29.009726
-29.166510
-29.148884
-28.986881
-29.334188
-29.173420
-29.098242
-28.887177
-29.115379
-29.139587
-29.605818
-29.166046
-29.241007
-29.448381
-29.219913
-29.116199
-29.343164
-29.230381
-29.284477
-29.014025
-29.413931
-29.459053
-29.474234
-29.152502
-29.084402
-29.410952
-29.655733
-29.593000
-29.395664
-29.415668
-29.569033
-29.771694
-29.747667
-29.781708
-29.885727
-29.775246
-29.943073
-30.068436
-30.420301
-30.012888
-30.138557
-30.223921
-30.385384
-30.225735
-30.166748
-30.068909
-30.180962
-30.018427
-29.947147
-29.953901
-29.863886
-29.411642
-29.387796
-29.306372
-29.296110
-29.219614
-29.034073
-29.316059
-29.660641
-29.509293
-29.629192
-29.994450
-30.304457
-30.197897
-30.554325
-31.039175
-31.619501
-32.005219
-31.193619
-30.417469
-29.895037
-30.642241
-31.471426
-32.152973
-32.242035
-31.508072
-31.317516
-32.613483
-33.592712
-33.850117
-34.521297
-34.717491
-35.148457
-35.336941
-34.970440
-34.734329
-34.553013
-33.977123
-34.468483
-34.665264
-34.307724
-33.491680
-32.637001
-32.341808
-33.056850
-33.127899
-32.096081
-32.041676
-32.087856
-32.093613
-31.580322
-30.718401
-29.483248
-29.398794
-29.308859
-29.360352
-29.236309
-28.635231
-27.944931
-27.836823
-27.597477
-27.496403
-27.072639
-27.143232
-27.044996
-27.355736
-27.331825
-26.482533
-26.222698
-25.927023
-25.946882
-25.827620
-25.482548
-25.238705
-25.267944
-25.406178
-25.180033
-25.129675
-25.108622
-24.406485
-24.660873
-25.003975
-25.512215
-25.718164
-25.758457
-26.270123
-26.685160
-27.230406
-27.397587
-28.272234
-28.602339
-28.700794
-29.736862
-29.905376
-29.911816
-30.422056
-31.236868
-31.628086
-32.256069
-32.259193
-32.177155
-31.868101
-32.350979
-32.551823
-33.086353
-33.209667
-33.186226
-32.752819
-33.127003
-33.207096
-33.742744
-34.288250
-34.553413
-34.571510
-34.513336
-34.641693
-34.872059
-34.947384
-34.671284
-34.561314
-34.960262
-34.327484
-33.670792
-33.369678
-32.650963
-32.098217
-32.156113
-32.136166
-32.299999
-31.753323
-31.614414
-31.652851
-31.293427
-31.171356
-30.924818
-30.683630
-30.069866
-30.005823
-30.526079
-30.344341
-29.243135
-28.315371
-28.406837
-29.054716
-29.950901
-30.229181
-29.495947
-29.446175
-29.903093
-30.125139
-30.223940
-30.294186
-30.105537
-30.127546
-30.027437
-29.905970
-30.075695
-29.981831
-30.096432
-30.310745
-30.667065
-30.817783
-31.289139
-31.009832
-30.928379
-31.452274
-31.621700
-31.303787
-31.112558
-31.134485
-31.096354
-31.082430
-30.623653
-30.791422
-30.673845
-30.239010
-30.179432
-30.373329
-30.689585
-30.288120
-30.240055
-30.131071
-30.284622
-30.457211
-30.064993
-29.930906
-29.803717
-30.172058
-29.812017
-30.130419
-29.776018
-29.824919
-29.508896
-30.026199
-30.032255
-29.804523
-29.914339
-30.134262
-30.236137
-29.936192
-29.684515
-29.614092
-30.337166
-30.563532
-30.543528
-30.377342
-31.031660
-30.720884
-31.180088
-31.712814
-31.611675
-31.761608
-31.524786
-31.837561
-31.989737
-31.259270
-30.194138
-30.358267
-31.383165
-31.065720
-30.905403
-30.391863
-29.866041
-30.449085
-31.134409
-30.910521
-30.604559
-30.315174
-30.021696
-30.603451
-31.181913
-30.219122
-29.906694
-30.020643
-29.952749
-30.774294
-30.641233
-30.298220
-30.816113
-31.166662
-30.994911
-31.246246
-31.072374
-30.833454
-31.215004
-32.477100
-32.543377
-32.058376
-32.161945
-31.746994
-32.417225
-33.061634
-32.846710
-32.767895
-32.458664
-32.204487
-31.870514
-32.023823
-32.072834
-32.132275
-31.826366
-31.145758
-31.708462
-32.066284
-31.711275
-31.659403
-31.507431
-31.813490
-32.312614
-32.366993
-32.118801
-31.912861
-32.217239
-31.612633
-32.218819
-32.303127
-32.623810
-32.240723
-32.351009
-32.038586
-32.025276
-31.950766
-32.072220
-31.722452
-32.250580
-32.652206
-32.369839
-32.273476
-31.733418
-31.728279
-31.946360
-32.240780
-32.441067
-32.151649
-32.329388
-31.954485
-31.871370
-31.861893
-31.705910
-31.958279
-31.984200
-32.571709
-32.601540
-32.570984
-32.253445
-32.062073
-32.568893
-32.684864
-33.073635
-33.389309
-33.483662
-33.658989
-33.977940
-33.891911
-34.334850
-34.541733
-34.786278
-35.185963
-35.678581
-35.800968
-35.755974
-35.926525
-35.983547
-36.034340
-36.493256
-36.463303
-36.917450
-36.884113
-37.152992
-37.252102
-37.279228
-37.224125
-37.445290
-37.535076
-37.761803
-38.000462
-38.058094
-38.115364
-38.326180
-38.305237
-38.041447
-38.151348
-38.576637
-38.952671
-38.774429
-38.743958
-38.858810
-39.097603
-39.133347
-39.433094
-39.344677
-39.440571
-39.482258
-39.668644
-39.784431
-39.961376
-39.886967
-39.664852
-40.130749
-40.220467
-40.373257
-40.232281
-40.606586
-40.504494
-40.541142
-40.780682
-40.852589
-41.073082
-41.164753
-41.060879
-41.241997
-41.214539
-41.359707
-41.347912
-41.590466
-41.891193
-41.774731
-42.250580
-41.811535
-42.151390
-42.362019
-42.545444
-42.592682
-42.795055
-42.983772
-42.998638
-42.962719
-43.393692
-43.325752
-43.429630
-43.693317
-43.730434
-43.908768
-44.217773
-44.355991
-44.189995
-44.351719
-45.008545
-44.860210
-45.037189
-45.018242
-45.251263
-45.489151
-45.452187
-45.715900
-45.896004
-45.999329
-46.083775
-46.245533
-46.760536
-46.562588
-46.694836
-46.952938
-47.544163
-47.564053
-47.328350
-47.957390
-47.971733
-48.111717
-48.202900
-48.480900
-48.548954
-48.788071
-48.976608
-49.263874
-49.429054
-49.568474
-49.617924
-49.851696
-50.393127
-50.266331
-50.437691
-50.409779
-50.799984
-50.903248
-50.889290
-51.239433
-51.075108
-51.363602
-51.499207
-51.673046
-51.855053
-51.773071
-52.028240
-52.220047
-52.139828
-51.964226
-52.174679
-52.390751
-52.372585
-52.571590
-52.645050
-52.589718
-52.744465
-52.698170
-52.701603
-53.185749
-53.345608
-53.381123
-53.451221
-53.764080
-53.680279
-53.753277
-53.857059
-54.127430
-54.307598
-54.338043
-54.332184
-54.446346
-54.432701
-54.702724
-54.662731
-54.739834
-54.821819
-54.983250
-55.341969
-55.224335
-55.318142
-55.407398
-55.461639
-55.790977
-55.931919
-56.027042
-55.833614
-56.069546
-56.243881
-56.236103
-56.519939
-56.608452
-56.860695
-56.763527
-56.670498
-57.035751
-57.025394
-56.783474
-56.701035
-56.988937
-57.051846
-56.935795
-57.081123
-56.888752
-57.146091
-57.209812
-57.283199
-57.677624
-57.562412
-57.411396
-57.652775
-57.648582
-57.575485
-57.838768
-58.268463
-57.926212
-57.962906
-58.212795
-58.117828
-58.340340
-58.217400
-58.486507
-58.820206
-58.952366
-58.904900
-58.871883
-58.815018
-59.251865
-58.779667
-59.031971
-59.168461
-59.495262
-59.318466
-59.060417
-59.194317
-59.040379
-59.389313
-59.409748
-59.481491
-59.420834
-59.406757
-59.810493
-59.809067
-59.887119
-59.734608
-59.697720
-59.972481
-60.234615
-60.284374
-60.195660
-60.004486
-60.152363
-60.472088
-60.496746
-60.234776
-60.247498
-60.413811
-60.565258
-60.871193
-60.816296
-60.590878
-60.664639
-60.842575
-61.153820
-61.203426
-60.925793
-61.148907
-61.345345
-61.640369
-61.349312
-61.516350
-61.446480
-61.668427
-61.768852
-61.729893
-61.921932
-61.774654
-61.849899
-62.075718
-62.401218
-62.340813
-61.973263
-62.125618
-62.303360
-62.341293
-62.414482
-62.586246
-62.615013
-62.462193
-62.908253
-62.835705
-62.740002
-62.709404
-62.825562
-63.271500
-63.113461
-63.056675
-63.281845
-63.161133
-63.195240
-63.170979
-63.324829
-63.341557
-63.324036
-63.305908
-63.394855
-63.537716
-63.478996
-63.383854
-63.469227
-63.509865
-63.749367
-63.554256
-63.587753
-63.569321
-63.653072
-63.811905
-63.534058
-63.498329
-63.658401
-63.665367
-63.705719
-63.558811
-63.813332
-63.754105
-63.771832
-63.830639
-63.707073
-63.857624
-63.563759
-63.773914
-63.621803
-63.864845
-63.723072
-63.593304
-63.939724
-63.691792
-63.750023
-63.736046
-64.036041
-63.866371
-63.713810
-63.975578
-64.092590
-64.016426
-63.884212
-63.869186
-64.135109
-63.962936
-63.919678
-63.732231
-64.021370
-63.865993
-63.945000
-63.993198
-63.834415
-63.768990
-63.684113
-64.148033
-64.096001
-63.967842
-64.047882
-64.182312
-64.088211
-63.931316
-64.034081
-64.203949
-64.468216
-64.392723
-64.283325
-64.209175
-64.167778
-64.156624
-64.266708
-64.464462
-64.446892
-64.366043
-64.328407
-64.641609
-64.432838
-64.344452
-64.326706
-64.413704
-64.773560
-64.638733
-64.640556
-64.522217
-64.747200
-64.538666
-64.690186
-64.807457
-64.785919
-64.780182
-64.787590
-64.909958
-64.919556
-64.680031
-64.761581
-64.666725
-64.851227
-64.814034
-64.769196
-64.963196
-64.721207
-64.970978
-64.758400
-65.145493
-64.992218
-64.882286
-65.002388
-65.019745
-65.342545
-64.912888
-65.037804
-65.045067
-65.110802
-65.364349
-65.023628
-65.320297
-65.096237
-65.340508
-65.433670
-65.518471
-65.441635
-65.026291
-65.477379
-65.546951
-65.819069
-65.512024
-65.293198
-65.428207
-65.395103
-65.544891
-65.234444
-65.368927
-65.471672
-65.265610
-65.182930
-65.198540
-65.355057
-65.158920
-65.169624
-65.431931
-65.153732
-65.074013
-65.088356
-64.997574
-64.785217
-64.799110
-64.927826
-64.853928
-64.647453
-64.322044
-64.656891
-64.686668
-64.121941
-64.168747
-64.238136
-64.227600
-64.044884
-63.978916
-63.932877
-63.706757
-63.493797
-63.609074
-63.689224
-63.605606
-63.303497
-63.348080
-63.387615
-63.415730
-63.283840
-63.140236
-63.281361
-62.999649
-62.871666
-63.063446
-63.078323
-63.120628
-62.692326
-62.739479
-62.983784
-63.112755
-63.040092
-62.597298
-63.012104
-63.059166
-63.137520
-63.025101
-62.752064
-62.959404
-62.903191
-63.083351
-62.797604
-62.971107
-62.878403
-62.848461
-62.924103
-62.958496
-62.974277
-62.864212
-62.818401
-62.943584
-62.857342
-62.924610
-62.790150
-62.850395
-62.851368
-62.972637
-62.824932
-62.789463
-62.596199
-62.671997
-62.764111
-63.057415
-62.935589
-62.717049
-62.779430
-62.587620
-62.804935
-62.407776
-62.434566
-62.284134
-62.537159
-62.380756
-62.057602
-62.209553
-62.043251
-62.272507
-62.154526
-62.231598
-62.026176
-61.973122
-62.082844
-62.056793
-62.086460
-62.114841
-61.571098
-61.507061
-61.561840
-61.972042
-61.519714
-61.342739
-61.601318
-61.544811
-61.231228
-61.172180
-61.092884
-61.112366
-61.022778
-61.046165
-60.971832
-60.845665
-60.645794
-60.752125
-60.852196
-60.684849
-60.488926
-60.410122
-60.209076
-60.709846
-60.436340
-60.473129
-59.905922
-59.938538
-60.045044
-59.865429
-60.009968
-59.645340
-59.884949
-59.546822
-59.426960
-59.422066
-59.391430
-59.425377
-59.382740
-59.212128
-59.384983
-59.183437
-59.132145
-58.830135
-59.101624
-58.906578
-59.148918
-59.112354
-59.031197
-59.051926
-58.758488
-58.655563
-58.666626
-58.729259
-58.804657
-58.549080
-58.881920
-58.761662
-58.575230
-58.503223
-58.608414
-58.863235
-58.762150
-58.662376
-58.834064
-58.812954
-58.829273
-58.752277
-58.849800
-58.710220
-58.409416
-58.533184
-58.854889
-59.018581
-58.705391
-58.678341
-58.873074
-58.588230
-58.702232
-58.801117
-58.917347
-58.718227
-58.680725
-59.050468
-58.833691
-58.827450
-58.717026
-58.805771
-58.674019
-58.562206
-58.893101
-58.630203
-58.785782
-58.606174
-58.760399
-58.774281
-58.757164
-58.812126
-58.807510
-59.026703
-58.911060
-58.693916
-58.826382
-59.053288
-58.925549
-58.777309
-58.565952
-58.963802
-58.656273
-58.636772
-58.467152
-58.770115
-58.654423
-58.534473
-58.892288
-58.800636
-58.690277
-58.575291
-58.749146
-59.050663
-58.788906
-58.764206
-58.951771
-58.720753
-58.650776
-58.377522
-58.703533
-58.562096
-58.471451
-58.280216
-58.229565
-58.670017
-58.319191
-58.393044
-58.336605
-58.816021
-58.658657
-58.481136
-58.700939
-58.727470
-58.556358
-58.393265
-58.421917
-58.756351
-58.471420
-58.311649
-58.267544
-58.321251
-58.232647
-58.472092
-58.719685
-58.123234
-58.392525
-58.490738
-58.499390
-58.572826
-58.196289
-58.445690
-58.410633
-58.461643
-58.299774
-58.297478
-58.337814
-57.912540
-58.141605
-58.343212
-58.382290
-58.242104
-58.152969
-58.495464
-58.422897
-58.497299
-58.428173
-58.528587
-58.604733
-58.546333
-58.602066
-58.859928
-58.752411
-58.635143
-58.731773
-58.806889
-58.709740
-58.773575
-58.708389
-58.730225
-59.086452
-58.962368
-58.931301
-59.053364
-59.250385
-59.069660
-58.952015
-59.017540
-59.124046
-59.234116
-59.239727
-59.049751
-59.353661
-59.376625
-59.127270
-59.183548
-59.372082
-59.675861
-59.511906
-59.537079
-59.619549
-59.683556
-59.693840
-59.494205
-59.697720
-59.600090
-59.763809
-59.897888
-59.983517
-59.980160
-59.963692
-60.092182
-59.971695
-60.213619
-60.314461
-60.087952
-60.156284
-60.280430
-60.524876
-60.589035
-60.261562
-60.418976
-60.584442
-60.578651
-60.649170
-60.639980
-60.932842
-60.759613
-61.012611
-60.975243
-61.094017
-60.980373
-60.946243
-61.317589
-61.307022
-61.138077
-61.241661
-61.325596
-61.681492
-61.349205
-61.446632
-61.662777
-61.645714
-61.760460
-61.631016
-61.904236
-61.845043
-61.954071
-61.967194
-62.040379
-62.260521
-61.911736
-62.186790
-62.070919
-62.202728
-62.399784
-62.322884
-62.499149
-62.462761
-62.541618
-62.468712
-62.386898
-62.846813
-62.731953
-62.643307
-62.832088
-63.089458
-63.109455
-62.559879
-62.743587
-63.067764
-63.418842
-63.095654
-63.034931
-63.506222
-63.189381
-63.303986
-63.205536
-63.515995
-63.614674
-63.503178
-63.463989
-63.853127
-63.580578
-63.577572
-63.528904
-63.832996
-63.780590
-63.676392
-63.931412
-63.671448
-63.988457
-63.653473
-63.774246
-63.787018
-63.751598
-63.878403
-63.698994
-63.923504
-63.615448
-63.722366
-63.913158
-63.746841
-63.814503
-63.567608
-63.659012
-63.531700
-63.775848
-63.804966
-63.744198
-63.867607
-63.813560
-63.806606
-63.605831
-63.578423
-63.817711
-63.450184
-63.231472
-63.695396
-63.849400
-63.182987
-63.051353
-63.191685
-63.088066
-62.875114
-62.834816
-62.846878
-62.729130
-62.595348
-62.688560
-62.501732
-62.450874
-62.275166
-61.984165
-62.035393
-61.892265
-61.991699
-61.768349
-61.664425
-61.490635
-61.220974
-61.368999
-61.445961
-61.212864
-61.104607
-61.170750
-61.395931
-61.157524
-60.860554
-60.974651
-60.954124
-60.839546
-60.379486
-60.928135
-60.769226
-60.748943
-60.618793
-60.905396
-60.861851
-60.662540
-60.667732
-60.672962
-60.987846
-60.859467
-60.536114
-60.641857
-60.734032
-60.740982
-60.619690
-60.553616
-60.726154
-60.503605
-60.391933
-60.616058
-60.899628
-60.774666
-60.264523
-60.238354
-60.121521
-60.353794
-60.484131
-60.557625
-60.776371
-60.306438
-60.618290
-60.939281
-61.121765
-60.757877
-60.576645
-61.184086
-61.093239
-61.015167
-60.882816
-60.902977
-60.798439
-60.875648
-60.976471
-61.170013
-60.921604
-60.506607
-60.906456
-61.239971
-61.119629
-60.681126
-60.871056
-60.918076
-61.158722
-60.899956
-60.628368
-60.420773
-60.216713
-60.306881
-60.154457
-60.251274
-60.212086
-59.720592
-60.053425
-60.126431
-60.178356
-59.891354
-60.009602
-60.374977
-60.741249
-60.989498
-60.719097
-60.672966
-60.955200
-60.890919
-60.867287
-60.903435
-61.022598
-61.000271
-60.903584
-60.980640
-60.713200
-60.724014
-60.501225
-60.649174
-60.969788
-60.762260
-60.739338
-60.535889
-60.859669
-60.593739
-60.748310
-60.970886
-60.957626
-60.867977
-60.706684
-60.847996
-61.097755
-60.878479
-60.720417
-60.957832
-61.009399
-60.993229
-61.132774
-61.306248
-61.199337
-61.175831
-61.257992
-61.511303
-61.747524
-61.521526
-61.510624
-61.971489
-61.871284
-61.869614
-61.813683
-62.029480
-62.047718
-62.131390
-62.155735
-62.211739
-62.407993
-62.293747
-62.483501
-62.650394
-62.590519
-62.645405
-62.826096
-62.917881
-62.900681
-62.777283
-63.170898
-63.062885
-63.037720
-62.951206
-63.149704
-63.395226
-63.184338
-63.276070
-63.365906
-63.484825
-63.461292
-63.339043
-63.454197
-63.624680
-63.560246
-63.559139
-63.550125
-63.678196
-63.636272
-63.513535
-63.532871
-63.735897
-63.718575
-63.590057
-63.607815
-63.866726
-63.777618
-63.756065
-63.663914
-63.806274
-63.949615
-63.520054
-63.784889
-63.717331
-64.021606
-63.559761
-63.555149
-63.891117
-63.741730
-63.750221
-63.582359
-63.797825
-63.692562
-63.644825
-63.666737
-63.776810
-63.722240
-63.593761
-63.578129
-63.684307
-63.831188
-63.529293
-63.456161
-63.466251
-63.754337
-63.642925
-63.525036
-63.636856
-63.482533
-63.698959
-63.495422
-63.727032
-63.478363
-63.389717
-63.596714
-63.629379
-63.787415
-63.426449
-63.504063
-63.536434
-63.551506
-63.648998
-63.573833
-63.518913
-63.439316
-63.509243
-63.689091
-63.615643
-63.659214
-63.348598
-63.374161
-63.769642
-63.749393
-63.498531
-63.328373
-63.462757
-63.592033
-63.414288
-63.272305
-63.296001
-63.372528
-63.400951
-63.050228
-63.171333
-63.252911
-63.096394
-62.914524
-63.213829
-63.144089
-62.932583
-62.843689
-63.023228
-62.895329
-62.895485
-62.707829
-62.937439
-62.990799
-62.745018
-62.882336
-62.863087
-62.986492
-62.792439
-62.749954
-62.933403
-62.722965
-62.945004
-62.705791
-62.809536
-62.854160
-62.662804
-62.681908
-62.800369
-62.814972
-62.552876
-62.672634
-62.978626
-62.867634
-62.715958
-62.638100
-62.818405
-62.982681
-62.739700
-62.858025
-62.917805
-63.003204
-62.930416
-62.934559
-63.049488
-62.824478
-62.922112
-63.146114
-63.197754
-63.321468
-62.972588
-63.264267
-63.217751
-63.201401
-63.310848
-63.143208
-63.465427
-63.205639
-63.551239
-63.399239
-63.583786
-63.497646
-63.331619
-63.532574
-63.726555
-63.725613
-63.423222
-63.582279
-63.881351
-63.792549
-63.674278
-63.755932
-63.848202
-63.726795
-63.655643
-63.672630
-64.010948
-63.760914
-63.721531
-63.779068
-63.849636
-63.863453
-63.682064
-63.943958
-63.813614
-63.997192
-64.035645
-64.070435
-64.102005
-64.000694
-64.253922
-64.201004
-64.125473
-64.261887
-64.193741
-64.366386
-64.331108
-64.460663
-64.343925
-64.257683
-64.524902
-64.446396
-64.656723
-64.495987
-64.563133
-64.780296
-64.561211
-64.748550
-64.767868
-64.667336
-64.615181
-64.620331
-64.759743
-64.717812
-64.542076
-64.617371
-64.589645
-64.786873
-64.662277
-64.560257
-64.553436
-64.632675
-64.729965
-64.743668
-64.880516
-64.976654
-64.809067
-64.849945
-64.812210
-65.019592
-64.893478
-64.822502
-64.890747
-64.961853
-64.906624
-65.067963
-64.913139
-64.917244
-64.797745
-64.951729
-65.006363
-65.047142
-65.140457
-65.163696
-65.033012
-65.083015
-65.139275
-65.177910
-64.865814
-65.172646
-65.224648
-65.304771
-65.472839
-65.370529
-65.228355
-65.112663
-65.333626
-65.437691
-65.428886
-65.420311
-65.377693
-65.642784
-65.685959
-65.435646
-65.415627
-65.499031
-65.760323
-65.607536
-65.859726
-65.642479
-65.822289
-65.744453
-65.721893
-65.870682
-65.714264
-65.919647
-65.717361
-65.908615
-65.779800
-65.798164
-65.828918
-65.585106
-65.951920
-65.773827
-65.836784
-65.696823
-65.760269
-66.015831
-65.879890
-65.998398
-65.793694
-65.917381
-65.734032
-65.979851
-65.924362
-65.799332
-65.932755
-65.847237
-65.961609
-65.843307
-65.889229
-65.744133
-65.561409
-65.611809
-65.708267
-65.698166
-65.507439
-65.372780
-65.417732
-65.529243
-65.475105
-65.159172
-65.301399
-65.325264
-65.411415
-65.277771
-65.372292
-65.420555
-65.230957
-65.358269
-65.370331
-65.464363
-65.315681
-65.398491
-65.421089
-65.511452
-65.480637
-65.473732
-65.536934
-65.375214
-65.578072
-65.692719
-65.540520
-65.815002
-65.715591
-65.760025
-65.902176
-65.922241
-65.857346
-65.979431
-66.148460
-66.087242
-66.303162
-66.149948
-66.353912
-66.313759
-66.245087
-66.379784
-66.341888
-66.475700
-66.414352
-66.505646
-66.361633
-66.479156
-66.507416
-66.362701
-66.449135
-66.442429
-66.530418
-66.455566
-66.471931
-66.383186
-66.231483
-66.449371
-66.324669
-66.407761
-66.216988
-66.366989
-66.279709
-66.285896
-66.329796
-66.302124
-66.385300
-66.347458
-66.356575
-66.415321
-66.465858
-66.659439
-66.595108
-66.441162
-66.568474
-66.668716
-66.667099
-66.981064
-66.655304
-66.622437
-66.652885
-66.761818
-66.872459
-66.925880
-66.841103
-66.729004
-66.952881
-66.775345
-66.893929
-66.675461
-66.798615
-66.853294
-67.067368
-66.841148
-66.874664
-66.765900
-66.792084
-66.805656
-66.892670
-66.685081
-66.483032
-66.440224
-66.737747
-66.777542
-66.471886
-66.151306
-66.216095
-66.398674
-66.510803
-66.507034
-66.317635
-66.171425
-66.069611
-66.024437
-66.272835
-66.122192
-66.148483
-66.040886
-66.115204
-66.045616
-65.869720
-65.560417
-65.633865
-65.699265
-65.798164
-65.679871
-65.552483
-65.652954
-65.489105
-65.365135
-65.313934
-65.495567
-65.303108
-65.357185
-65.541199
-65.449623
-65.291573
-65.175346
-65.127365
-65.167023
-64.914360
-64.994736
-64.893517
-64.967720
-64.798340
-64.870415
-64.625870
-64.956047
-64.898117
-64.877892
-64.711037
-64.849854
-64.954750
-64.801727
-64.683128
-64.732933
-64.812347
-64.595078
-64.164047
-63.901161
-63.674473
-63.668896
-63.532387
-63.608662
-63.406990
-63.492481
-63.323925
-63.133507
-63.043934
-63.145538
-63.508732
-63.586105
-63.638382
-63.507904
-63.385761
-63.229218
-63.557224
-63.606251
-63.495647
-62.873638
-63.128914
-63.160149
-63.123993
-62.820393
-62.745205
-62.785950
-62.557613
-62.480434
-62.647018
-62.901581
-62.579453
-62.468605
-62.438339
-62.752174
-62.509216
-62.425598
-62.260025
-62.612366
-62.680954
-62.470959
-62.255508
-62.374744
-62.485527
-62.300674
-62.465816
-62.705624
-62.504005
-62.324291
-62.618191
-62.654694
-62.335438
-62.184105
-62.345444
-62.437023
-62.281342
-62.440525
-62.347019
-62.315281
-62.291546
-62.089840
-62.242931
-62.573471
-62.692394
-62.474586
-62.688519
-62.993217
-62.970242
-62.746281
-62.577595
-62.745605
-62.863232
-63.020912
-62.996227
-63.011467
-62.831230
-62.845787
-62.983566
-62.831776
-62.770836
-62.781586
-63.011250
-62.919750
-62.864971
-62.797512
-62.971916
-63.039688
-62.921055
-62.985649
-63.155853
-63.054771
-62.840057
-62.783859
-63.016594
-62.920940
-62.865711
-62.777081
-62.755947
-62.698246
-62.533787
-62.739017
-62.595634
-62.681923
-62.649567
-62.760654
-62.876213
-62.629616
-62.530682
-62.543945
-62.604790
-62.328445
-62.524220
-62.600002
-62.564651
-62.362534
-62.205101
-62.434784
-62.380238
-62.271172
-62.188663
-62.403679
-62.457962
-62.411736
-62.280903
-62.273136
-62.345909
-62.231434
-62.077873
-62.304504
-62.221676
-62.287441
-62.159771
-62.299068
-62.178516
-62.091644
-62.176304
-62.300869
-62.344074
-62.148312
-62.305977
-62.194317
-62.251209
-62.140259
-62.266361
-62.205723
-61.982468
-62.176682
-62.207447
-62.176479
-61.984493
-61.999226
-62.118881
-62.104340
-62.038200
-62.064789
-62.258938
-62.144688
-62.057106
-62.301910
-62.208652
-62.328014
-62.172287
-62.279724
-62.262932
-62.298870
-62.386765
-62.299973
-62.413200
-62.245865
-62.367245
-62.260220
-62.372459
-62.547787
-62.377419
-62.406612
-62.381733
-62.560772
-62.535789
-62.532227
-62.489162
-62.589699
-62.552631
-62.645485
-62.801208
-62.626854
-62.745953
-62.844284
-62.829414
-62.830147
-62.833366
-63.038757
-63.097702
-63.068916
-62.941998
-63.090458
-63.276108
-63.198936
-63.181679
-63.274376
-63.476673
-63.338158
-63.337311
-63.391632
-63.387932
-63.467709
-63.427902
-63.468819
-63.443268
-63.502666
-63.607471
-63.535301
-63.494419
-63.419224
-63.672817
-63.629395
-63.512283
-63.721207
-63.546581
-63.592457
-63.435474
-63.498913
-63.477345
-63.423386
-63.406860
-63.244678
-63.647335
-63.263527
-63.180862
-63.190750
-63.488937
-63.385906
-63.106953
-63.353676
-63.262302
-63.338722
-63.140381
-63.226894
-63.252033
-63.048702
-63.053211
-63.144230
-63.203945
-63.080063
-62.918205
-62.846230
-63.054462
-63.137287
-62.878250
-62.919144
-63.005856
-63.063217
-62.813427
-63.040695
-63.023258
-62.916504
-62.949417
-62.851910
-62.869724
-62.902382
-62.722679
-62.729687
-62.906738
-62.751156
-62.645271
-62.678421
-62.606655
-62.719193
-62.606602
-62.643707
-62.717735
-62.739471
-62.562691
-62.568581
-62.746960
-62.714600
-62.548336
-62.498932
-62.678379
-62.792027
-62.619408
-62.674191
-62.663940
-62.628712
-62.607533
-62.796810
-62.726376
-62.597691
-62.705769
-62.750366
-62.697319
-62.790951
-62.742638
-62.737968
-62.611118
-62.776073
-62.706852
-62.724895
-62.740334
-62.782146
-62.750690
-62.665913
-62.742622
-62.615925
-62.707870
-62.723381
-62.830379
-62.662849
-62.836483
-62.689060
-62.691662
-62.785004
-62.677200
-62.702049
-62.908699
-62.777981
-62.812756
-62.674580
-62.915508
-62.722404
-63.000172
-62.696632
-62.850662
-62.753761
-62.848896
-62.832630
-62.861107
-62.786797
-62.586670
-62.639072
-62.727600
-62.550289
-62.560982
-62.453136
-62.638813
-62.504089
-62.507126
-62.505581
-62.565891
-62.629608
-62.552399
-62.572971
-62.649189
-62.527355
-62.501686
-62.576763
-62.691769
-62.733559
-62.470573
-62.421551
-62.572689
-62.730320
-62.553539
-62.362949
-62.449810
-62.600101
-62.602207
-62.541824
-62.498871
-62.605953
-62.410213
-62.450443
-62.597855
-62.653118
-62.492485
-62.453175
-62.682064
-62.729271
-62.745667
-62.613060
-62.611092
-62.711426
-62.816429
-62.743179
-62.874302
-62.898434
-62.795242
-62.829597
-62.880733
-62.691391
-62.686764
-62.669716
-62.699642
-62.702927
-62.703106
-62.488544
-62.397835
-62.442917
-62.469177
-62.424019
-62.320194
-62.266754
-62.321144
-62.487469
-62.259411
-62.289101
-62.248966
-62.323864
-62.329464
-62.507851
-62.422958
-62.329792
-62.329350
-62.271801
-62.424850
-62.368752
-62.330578
-62.176910
-62.333511
-62.138683
-62.244358
-62.158974
-62.123768
-62.011395
-62.043633
-62.100410
-61.994740
-61.938290
-61.770931
-61.784458
-61.740688
-61.784229
-61.663910
-61.722694
-61.660110
-61.549892
-61.540543
-61.495083
-61.529430
-61.482349
-61.447598
-61.514187
-61.638775
-61.542961
-61.266502
-61.288727
-61.465416
-61.352528
-61.256760
-61.203251
-61.154705
-61.119698
-61.067352
-61.044365
-60.935802
-60.732582
-60.773071
-60.922451
-60.808018
-60.799423
-60.681683
-60.726372
-60.639030
-60.695480
-60.662766
-60.733738
-60.706852
-60.664665
-60.743176
-60.722080
-60.575016
-60.467072
-60.483116
-60.531349
-60.459747
-60.536518
-60.387379
-60.364777
-60.310951
-60.337490
-60.264339
-60.374519
-60.068905
-60.131424
-60.236019
-60.111984
-59.963562
-59.737991
-59.860714
-59.776844
-59.722996
-59.505035
-59.573471
-59.636719
-59.440613
-59.422432
-59.370079
-59.408298
-59.437386
-59.375996
-59.433456
-59.411842
-59.442104
-59.349655
-59.390457
-59.549801
-59.644497
-59.635990
-59.504124
-59.389576
-59.436760
-59.422016
-59.612213
-59.643143
-59.615734
-59.533318
-59.685448
-59.770882
-59.737553
-59.712097
-59.821064
-60.026001
-59.891495
-60.000652
-60.056641
-60.011364
-60.019947
-59.955132
-60.127728
-60.188133
-60.192993
-60.161442
-60.342514
-60.263065
-60.309875
-60.331024
-60.353989
-60.445335
-60.561172
-60.447830
-60.610260
-60.509487
-60.612656
-60.427200
-60.408447
-60.487083
-60.518970
-60.472073
-60.461922
-60.461479
-60.210033
-60.232323
-60.365868
-60.273655
-60.132423
-60.116589
-60.071812
-59.768524
-59.756416
-59.857132
-59.807804
-59.782013
-59.651714
-59.557877
-59.386604
-59.255852
-59.355156
-59.339897
-59.041874
-59.005325
-59.176567
-59.237881
-59.063797
-58.952126
-58.990414
-58.853317
-58.764637
-58.836601
-58.874237
-58.838966
-58.617661
-58.593189
-58.498802
-58.516254
-58.450706
-58.411591
-58.296970
-58.337112
-58.473713
-58.299870
-58.094090
-58.188034
-58.099415
-57.889774
-57.955250
-58.010208
-57.897121
-57.866699
-57.825470
-57.827789
-57.849503
-57.790771
-57.703728
-57.844852
-57.969967
-57.912197
-57.925117
-57.941360
-58.039093
-58.111675
-58.130299
-58.279587
-58.392853
-58.388897
-58.495213
-58.613220
-58.687958
-58.426064
-58.493530
-58.679070
-58.774757
-58.668472
-58.811077
-58.722057
-58.728607
-58.668621
-58.773048
-58.821587
-58.733696
-58.884785
-58.904278
-59.026714
-58.899204
-58.893719
-58.759464
-58.949352
-58.846165
-58.785160
-58.847996
-58.743198
-58.729431
-58.593914
-58.639343
-58.699398
-58.638783
-58.575970
-58.634251
-58.583694
-58.444664
-58.424355
-58.525360
-58.470921
-58.334061
-58.301235
-58.251480
-58.202862
-58.160263
-58.186668
-58.136120
-57.983570
-58.111645
-58.106617
-58.073467
-57.989567
-58.046726
-58.024456
-57.832661
-57.851234
-57.835129
-57.792034
-57.589417
-57.511902
-57.459587
-57.428505
-57.210114
-57.068211
-57.019882
-56.967579
-56.934971
-56.677967
-56.720379
-56.507320
-56.378403
-56.331757
-56.289745
-56.109921
-56.013405
-55.868801
-55.731834
-55.588058
-55.412346
-55.246944
-54.926498
-54.800964
-54.821751
-54.575298
-54.229740
-54.003716
-53.904617
-53.710228
-53.439369
-53.072910
-52.776344
-52.632687
-52.474068
-52.081181
-51.773472
-51.694679
-51.320831
-50.961914
-50.728008
-50.463722
-50.125504
-49.768066
-49.406231
-49.178307
-48.726006
-48.257301
-47.843746
-47.467525
-47.083630
-46.671902
-46.258167
-45.769875
-45.455246
-44.961510
-44.506779
-44.106979
-43.701721
-43.282051
-42.799637
-42.320850
-41.900826
-41.342194
-40.764450
-40.194305
-39.736080
-39.187672
-38.540703
-37.992619
-37.481384
-37.062206
-36.614674
-36.065861
-35.418377
-35.009300
-34.521450
-34.179283
-33.727917
-33.217072
-32.693924
-32.145851
-31.611132
-31.075228
-30.572811
-30.005865
-29.607525
-29.096741
-28.644159
-27.908888
-27.413683
-27.146635
-26.756680
-26.393732
-25.983168
-25.432440
-24.978954
-24.697842
-24.155109
-23.628973
-23.183748
-22.713139
-22.334808
-21.889200
-21.394564
-20.720312
-20.335455
-19.865660
-19.526701
-19.147106
-18.713217
-18.155493
-17.817520
-17.525673
-17.337307
-17.077768
-16.824661
-16.376057
-16.196367
-16.121769
-15.811574
-15.558347
-15.518017
-15.245242
-15.146267
-14.840753
-14.602318
-14.361085
-14.105080
-13.815681
-13.834801
-13.644593
-13.230026
-12.900614
-12.790098
-12.525063
-12.186595
-12.118601
-12.105758
-11.772567
-11.577541
-11.553355
-11.474473
-11.098066
-10.767053
-10.670402
-10.789845
-10.712665
-10.404756
-10.392141
-10.371476
-10.086038
-9.726780
-9.714213
-9.580796
-9.531393
-9.517515
-9.589672
-9.548440
-9.309169
-8.937497
-8.905900
-8.855773
-8.622329
-8.525820
-8.509844
-8.377438
-8.001018
-7.922857
-7.866187
-7.914732
-7.978559
-7.765498
-7.591112
-7.634907
-7.986547
-7.867039
-7.844326
-7.818306
-7.532995
-7.402326
-7.633829
-7.410791
-7.293182
-7.163682
-6.878647
-6.790948
-7.176023
-6.839831
-6.506620
-6.391315
-6.278824
-6.366546
-6.366783
-6.278131
-6.226319
-6.404386
-6.157276
-6.375227
-6.403302
-6.232937
-6.019217
-5.979207
-6.120496
-5.935820
-5.775666
-5.463080
-5.221186
-5.036108
-5.049316
-5.108413
-4.830745
-4.728426
-4.581623
-4.463999
-4.583780
-4.693538
-4.460147
-4.187788
-4.047990
-3.958553
-4.157246
-4.279693
-3.927397
-3.704751
-3.715011
-3.628059
-3.726067
-3.670220
-3.422940
-3.305612
-3.317086
-3.191273
-3.146913
-2.891971
-2.609425
-2.385755
-2.308145
-2.123518
-2.143910
-2.153426
-1.841016
-1.739066
-1.807547
-1.725163
-1.764528
-1.792458
-1.771281
-1.932552
-2.173358
-2.271281
-2.242639
-2.076272
-1.974014
-2.048409
-2.034329
-2.010989
-1.887790
-1.723697
-1.638703
-1.604050
-1.753425
-1.818626
-1.777903
-1.778535
-1.855190
-2.012718
-1.967854
-2.005988
-1.807451
-1.904792
-1.822772
-1.817321
-1.790569
-1.701688
-1.576975
-1.494475
-1.339474
-1.381646
-1.303083
-1.132181
-1.238192
-1.301381
-1.022335
-0.993492
-1.086975
-1.097006
-1.062900
-0.887199
-0.642146
-0.696104
-0.598551
-0.302543
-0.261042
-0.274433
0.000773
0.008562
0.057923
-0.111823
-0.163301
-0.071089
-0.111108
-0.156667
-0.016420
-0.161145
-0.373930
-0.273660
-0.028069
0.119180
-0.111276
-0.073561
-0.008205
-0.008931
-0.059744
-0.010169
0.042070
-0.212801
-0.162321
0.025061
0.077479
-0.195250
-0.411570
-0.227258
-0.062163
0.075318
-0.015851
-0.021746
-0.230909
-0.170621
-0.106872
-0.030406
-0.157655
-0.433053
-0.469741
-0.211285
-0.359824
-0.363511
-0.594436
-0.731847
-0.680484
-0.504593
-0.532674
-0.693718
-0.594483
-0.727235
-0.698339
-0.616365
-0.654019
-0.718886
-0.804623
-0.687864
-0.681239
-0.763261
-0.828693
-0.718567
-0.685533
-0.897493
-0.829248
-0.821021
-0.912666
-0.925046
-0.882068
-0.884639
-0.881444
-0.954423
-0.956664
-0.972251
-0.866398
-0.945275
-0.809301
-0.840900
-0.945044
-0.960864
-0.773159
-0.885093
-1.051594
-0.974247
-0.926457
-0.931444
-0.910135
-0.969409
-0.947980
-0.951908
-0.956419
-0.836327
-0.875350
-1.061308
-1.080221
-0.870645
-0.897682
-0.946227
-1.006323
-1.085284
-0.947628
-0.982372
-1.072755
-1.091359
-1.006869
-1.143683
-1.019453
-0.929004
-0.990008
-1.088718
-1.141658
-1.048324
-0.892174
-0.995551
-1.064462
-1.066554
-0.910751
-0.993488
-0.986576
-0.861925
-0.897184
-1.002860
-1.059332
-0.955770
-0.864891
-0.938241
-0.851487
-1.036499
-0.930196
-0.985745
-0.851083
-0.904779
-0.975131
-1.051950
-0.835014
-0.896480
-0.911875
-0.927855
-0.927095
-0.932383
-0.931666
-0.944738
-0.884317
-0.856590
-0.921625
-0.902851
-0.811621
-0.832595
-0.902356
-0.995559
-0.841427
-0.909207
-0.774637
-0.837069
-0.875392
-0.803092
-0.901188
-0.895855
-0.662793
-0.672181
-0.801662
-0.767272
-0.606289
-0.637078
-0.585353
-0.616958
-0.533735
-0.616664
-0.477213
-0.535842
-0.479831
-0.518297
-0.539548
-0.568902
-0.431006
-0.425798
-0.461892
-0.515496
-0.480376
-0.426666
-0.398558
-0.380695
-0.364543
-0.462647
-0.332316
-0.356892
-0.352155
-0.389556
-0.252693
-0.392512
-0.334775
-0.358266
-0.306781
-0.330681
-0.253833
-0.205110
-0.186815
-0.169402
-0.256301
-0.252593
-0.088498
-0.150192
-0.143421
-0.182985
-0.124281
-0.147963
-0.106860
-0.209679
-0.103909
-0.083451
-0.200819
-0.084792
0.055981
-0.093911
-0.093903
-0.062669
-0.049789
-0.059379
-0.106846
-0.126095
-0.103608
-0.088193
-0.121188
-0.109953
-0.025654
-0.148849
-0.204829
-0.096236
-0.038848
-0.056760
-0.112339
-0.038533
-0.122923
-0.099348
-0.134200
-0.105967
-0.139881
-0.084862
-0.239950
-0.103215
-0.072822
-0.128874
-0.206892
-0.053751
-0.073379
-0.044111
-0.090887
0.055843
0.025668
0.055271
-0.027112
0.042376
0.033187
-0.055938
0.120836
0.188146
0.018153
0.035722
0.157537
0.201809
0.124741
0.157121
0.201631
0.165889
0.274334
0.195597
0.260785
0.197852
0.286183
0.182145
0.191441
0.242835
0.328014
0.217525
0.168349
0.278528
0.269109
0.320177
0.373342
0.349179
0.337783
0.346299
0.377451
0.448662
0.494561
0.414373
0.402749
0.521219
0.450288
0.515221
0.477699
0.538219
0.450971
0.574924
0.541720
0.576207
0.568745
0.572070
0.622545
0.495085
0.546840
0.586388
0.679940
0.629186
0.572482
0.637385
0.646182
0.683308
0.634751
0.681899
0.800462
0.823592
0.854576
0.869677
0.913841
0.940377
0.961788
1.094459
1.019345
1.080529
0.884958
1.013919
1.125638
1.162920
1.046455
1.089187
1.017367
1.083069
1.124243
1.086973
1.073564
1.108723
1.021771
1.156390
1.198265
1.107556
1.041513
1.116995
1.016993
1.078397
1.148115
1.060224
0.956285
0.971506
0.881703
0.903909
0.842759
0.878508
0.874485
0.838492
0.731026
0.885743
0.775727
0.732610
0.743536
0.801555
0.669418
0.645331
0.722911
0.674544
0.634069
0.613468
0.490695
0.449589
0.497309
0.514969
0.470699
0.475210
0.287743
0.326234
0.340055
0.333728
0.279126
0.332321
0.258108
0.232577
0.223875
0.191828
0.240445
0.189515
0.157639
0.147612
0.122363
0.118089
0.099803
0.049158
-0.060128
0.018016
0.036277
-0.000287
0.016276
-0.019230
-0.030542
0.063440
0.122829
0.122441
0.050344
0.034114
0.067656
0.097431
-0.018530
0.051656
0.029477
0.025316
-0.109370
-0.151197
-0.071929
-0.079418
-0.098444
-0.101729
-0.114133
-0.114243
-0.217827
-0.144225
-0.041716
-0.023821
-0.050330
-0.001663
-0.032768
0.013522
0.035578
0.020332
0.114745
0.138607
0.017764
0.110329
0.095720
0.126049
0.070145
0.150180
0.191928
0.203684
0.214067
0.202056
0.237561
0.236179
0.238510
0.243507
0.206824
0.223960
0.274450
0.210351
0.180376
0.265997
0.201787
0.270954
0.283730
0.294985
0.269164
0.276349
0.338312
0.313116
0.310998
0.269302
0.339123
0.360591
0.241029
0.322449
0.366988
0.309628
0.334052
0.333378
0.315529
0.381958
0.415449
0.320409
0.361409
0.378400
0.233081
0.343576
0.417305
0.435828
0.319834
0.400869
0.360352
0.429296
0.361509
0.378489
0.509992
0.491773
0.499804
0.430708
0.549191
0.420935
0.470543
0.466633
0.472429
0.458725
0.448394
0.490126
0.349209
0.368943
0.424374
0.316332
0.422992
0.416771
0.467970
0.451204
0.443249
0.458779
0.439325
0.354035
0.436316
0.486920
0.454563
0.434687
0.437747
0.353520
0.375904
0.321197
0.293384
0.390569
0.341016
0.177425
0.238945
0.291876
0.214349
0.234579
0.133934
0.186973
0.181036
0.181378
0.213567
0.289893
0.114908
0.089480
0.199470
0.186028
0.215042
0.212631
0.185926
0.133821
0.159547
0.155462
0.146094
0.081596
0.123389
0.166343
0.120858
0.075038
0.088652
0.041714
0.027589
0.042436
0.043938
0.011353
0.039288
-0.040013
0.001025
-0.042242
0.013319
-0.058626
0.037356
-0.036750
-0.047574
0.020116
0.027596
-0.033958
0.009880
-0.026425
0.027082
0.034115
0.004772
-0.001335
-0.085844
-0.028570
-0.022968
-0.050031
-0.158307
-0.095631
-0.094859
-0.202170
-0.163753
-0.125766
-0.218737
-0.227004
-0.274251
-0.159813
-0.220146
-0.260008
-0.243319
-0.185821
-0.228412
-0.290704
-0.162233
-0.249596
-0.191295
-0.218118
-0.106845
-0.264505
-0.231789
-0.216482
-0.230833
-0.358244
-0.273328
-0.310781
-0.343933
-0.440637
-0.366262
-0.348176
-0.394861
-0.402061
-0.317817
-0.259964
-0.365119
-0.277754
-0.241357
-0.258375
-0.223153
-0.298861
-0.327931
-0.343580
-0.295237
-0.264603
-0.324360
-0.343197
-0.444566
-0.369113
-0.373886
-0.368735
-0.334467
-0.340782
-0.319492
-0.293129
-0.288315
-0.430901
-0.332131
-0.353591
-0.340864
-0.370410
-0.382295
-0.364466
-0.419030
-0.422259
-0.414927
-0.434355
-0.378340
-0.376399
-0.315125
-0.337386
-0.325138
-0.398001
-0.252693
-0.322752
-0.315579
-0.305035
-0.406103
-0.404835
-0.277807
-0.330086
-0.510676
-0.315641
-0.391739
-0.333810
-0.390058
-0.352476
-0.421933
-0.448223
-0.384116
-0.259197
-0.451701
-0.451960
-0.405884
-0.375832
-0.470719
-0.407332
-0.451037
-0.467031
-0.510347
-0.475046
-0.403154
-0.387788
-0.496732
-0.474337
-0.397598
-0.383749
-0.446034
-0.426915
-0.401744
-0.462030
-0.435357
-0.434686
-0.448136
-0.463913
-0.497094
-0.418159
-0.526130
-0.376214
-0.508547
-0.445685
-0.480064
-0.476019
-0.396996
-0.382586
-0.498670
-0.496102
-0.403286
-0.461695
-0.505301
-0.449101
-0.401710
-0.442679
-0.563378
-0.539536
-0.469482
-0.434825
-0.548286
-0.532629
-0.414023
-0.494599
-0.418352
-0.516957
-0.438864
-0.519834
-0.505902
-0.468036
-0.454903
-0.573599
-0.556038
-0.532837
-0.558051
-0.673872
-0.544487
-0.596033
-0.561773
-0.572057
-0.499953
-0.556957
-0.517395
-0.512768
-0.482561
-0.459361
-0.457832
-0.449235
-0.454814
-0.448547
-0.503634
-0.563753
-0.470830
-0.489276
-0.538268
-0.584352
-0.598535
-0.520608
-0.562608
-0.577534
-0.577601
-0.496704
-0.496361
-0.473539
-0.410872
-0.457145
-0.468450
-0.552600
-0.459026
-0.498129
-0.514371
-0.543896
-0.592175
-0.592435
-0.641722
-0.531858
-0.600787
-0.624399
-0.645497
-0.534219
-0.519468
-0.544742
-0.524260
-0.536429
-0.494414
-0.549997
-0.485248
-0.492684
-0.512880
-0.637791
-0.548120
-0.465183
-0.521745
-0.643498
-0.561861
-0.570707
-0.563769
-0.508370
-0.458704
-0.507963
-0.484689
-0.489203
-0.413347
-0.473993
-0.444154
-0.581057
-0.486609
-0.472699
-0.456824
-0.503342
-0.467626
-0.500008
-0.461563
-0.477858
-0.416739
-0.481890
-0.441747
-0.434801
-0.398297
-0.440133
-0.420885
-0.455783
-0.415908
-0.409309
-0.407835
-0.436731
-0.396788
-0.477814
-0.470226
-0.421284
-0.378868
-0.409512
-0.449163
-0.360020
-0.328592
-0.417236
-0.349357
-0.410562
-0.446571
-0.334887
-0.386182
-0.341281
-0.350910
-0.452118
-0.434344
-0.351130
-0.316431
-0.390069
-0.349547
-0.302321
-0.382871
-0.424164
-0.310939
-0.306149
-0.435500
-0.384890
-0.248504
-0.289983
-0.395148
-0.368229
-0.317102
-0.375591
-0.328613
-0.308403
-0.362268
-0.338475
-0.388266
-0.296871
-0.272345
-0.308928
-0.440903
-0.349365
-0.306826
-0.345749
-0.385953
-0.293766
-0.389860
-0.327532
-0.361320
-0.396079
-0.350954
-0.364993
-0.387533
-0.349435
-0.296167
-0.356009
-0.380536
-0.329584
-0.362978
-0.321595
-0.337652
-0.334227
-0.299795
-0.381236
-0.426940
-0.351348
-0.310899
-0.398862
-0.418558
-0.362832
-0.373262
-0.402488
-0.395677
-0.266767
-0.315683
-0.443969
-0.381305
-0.270826
-0.302643
-0.385885
-0.378121
-0.383335
-0.344776
-0.336309
-0.356368
-0.393427
-0.410190
-0.366271
-0.324820
-0.401663
-0.319749
-0.393920
-0.389974
-0.401012
-0.203491
-0.371173
-0.371688
-0.317205
-0.249943
-0.357082
-0.374230
-0.349204
-0.320868
-0.359862
-0.333860
-0.412969
-0.279838
-0.323871
-0.325249
-0.414028
-0.325729
-0.362153
-0.260590
-0.345283
-0.393932
-0.303040
-0.317812
-0.380327
-0.348332
-0.334615
-0.355491
-0.353681
-0.294759
-0.361599
-0.315901
-0.361600
-0.298988
-0.256339
-0.323374
-0.305284
-0.283161
-0.312998
-0.321081
-0.278924
-0.297856
-0.302247
-0.254861
-0.295246
-0.281699
-0.280800
-0.303210
-0.286240
-0.299607
-0.282523
-0.217301
-0.318618
-0.294914
-0.305976
-0.215456
-0.263877
-0.240457
-0.297074
-0.302800
-0.362578
-0.200701
-0.245925
-0.313218
-0.287093
-0.292918
-0.218173
-0.313519
-0.215894
-0.298848
-0.224309
-0.306388
-0.182032
-0.249779
-0.167215
-0.282723
-0.224624
-0.267150
-0.182776
-0.307296
-0.209095
-0.196961
-0.227681
-0.260430
-0.222369
-0.256248
-0.269826
-0.228616
-0.277975
-0.197907
-0.286682
-0.202470
-0.311347
-0.211177
-0.306308
-0.194122
-0.287485
-0.218799
-0.208272
-0.273316
-0.266324
-0.222168
-0.275484
-0.275189
-0.243537
-0.303935
-0.334711
-0.209187
-0.245549
-0.286090
-0.284939
-0.249063
-0.197034
-0.298788
-0.297863
-0.327809
-0.245549
-0.292401
-0.339528
-0.279287
-0.307416
-0.343973
-0.323298
-0.308527
-0.275110
-0.368288
-0.363881
-0.317387
-0.258214
-0.377546
-0.365615
-0.295328
-0.346975
-0.310273
-0.350848
-0.378887
-0.320433
-0.346978
-0.342432
-0.384567
-0.321004
-0.357667
-0.370093
-0.333274
-0.345210
-0.359953
-0.402415
-0.326662
-0.332205
-0.398079
-0.403698
-0.344120
-0.424997
-0.395143
-0.324460
-0.387138
-0.456963
-0.400927
-0.310097
-0.380488
-0.477580
-0.397445
-0.371564
-0.430093
-0.417775
-0.378877
-0.345130
-0.505091
-0.445980
-0.413566
-0.355955
-0.477354
-0.450467
-0.422035
-0.436616
-0.465186
-0.385186
-0.432404
-0.481938
-0.494876
-0.450301
-0.428760
-0.461489
-0.501023
-0.452797
-0.508632
-0.460069
-0.418688
-0.519840
-0.472805
-0.487818
-0.491029
-0.516000
-0.409052
-0.495523
-0.513559
-0.548827
-0.492897
-0.475068
-0.535822
-0.464271
-0.541002
-0.527940
-0.541418
-0.452858
-0.517374
-0.614559
-0.510659
-0.509005
-0.440666
-0.520556
-0.530367
-0.566801
-0.535980
-0.552732
-0.494289
-0.493092
-0.514417
-0.599172
-0.549495
-0.504010
-0.537386
-0.579164
-0.512431
-0.521579
-0.550106
-0.492754
-0.569191
-0.559378
-0.553194
-0.534639
-0.576193
-0.530172
-0.598027
-0.569875
-0.551921
-0.522629
-0.544100
-0.564577
-0.565147
-0.620262
-0.552198
-0.584571
-0.472901
-0.602967
-0.555117
-0.596774
-0.518002
-0.602013
-0.530533
-0.576083
-0.617798
-0.585444
-0.472681
-0.584600
-0.527499
-0.574222
-0.564783
-0.545118
-0.543210
-0.547648
-0.535226
-0.586462
-0.566058
-0.491341
-0.497515
-0.616110
-0.569215
-0.584260
-0.431924
-0.590379
-0.477279
-0.619831
-0.550577
-0.478970
-0.540591
-0.558056
-0.487589
-0.573532
-0.524123
-0.476967
-0.490045
-0.539848
-0.553259
-0.562684
-0.441991
-0.511766
-0.442433
-0.515566
-0.537277
-0.528445
-0.428166
-0.471002
-0.549335
-0.500846
-0.441720
-0.473922
-0.475909
-0.433676
-0.429620
-0.526907
-0.512895
-0.454854
-0.431699
-0.443203
-0.513469
-0.385742
-0.518341
-0.446375
-0.425788
-0.439766
-0.433522
-0.489568
-0.409732
-0.432551
-0.423239
-0.402049
-0.455722
-0.443646
-0.412474
-0.360440
-0.396705
-0.548073
-0.367940
-0.391420
-0.361769
-0.409876
-0.374188
-0.467280
-0.401236
-0.401744
-0.298317
-0.369300
-0.469975
-0.478500
-0.346065
-0.311763
-0.379571
-0.399945
-0.425041
-0.387183
-0.273969
-0.385625
-0.402337
-0.363326
-0.343065
-0.352025
-0.366305
-0.326646
-0.324599
-0.333376
-0.365199
-0.311926
-0.299205
-0.368369
-0.385367
-0.320243
-0.314865
-0.300196
-0.311178
-0.357417
-0.324089
-0.240487
-0.332091
-0.321120
-0.322161
-0.252113
-0.348485
-0.345284
-0.257397
-0.257660
-0.335590
-0.300740
-0.269531
-0.293786
-0.243900
-0.321520
-0.231822
-0.285756
-0.278418
-0.301737
-0.238107
-0.336481
-0.293595
-0.229332
-0.317788
-0.318883
-0.319372
-0.200098
-0.275063
-0.310978
-0.258151
-0.210658
-0.260197
-0.241347
-0.255848
-0.259624
-0.264620
-0.245586
-0.259068
-0.273619
-0.229753
-0.271661
-0.252096
-0.278834
-0.264453
-0.248713
-0.280617
-0.211628
-0.241725
-0.280675
-0.275104
-0.197565
-0.276819
-0.242134
-0.239415
-0.201690
-0.276834
-0.285246
-0.179450
-0.157526
-0.296371
-0.245595
-0.222606
-0.218698
-0.244642
-0.229875
-0.249899
-0.252149
-0.222534
-0.165727
-0.244518
-0.280296
-0.236942
-0.226006
-0.193809
-0.214693
-0.210183
-0.293015
-0.266290
-0.195739
-0.158596
-0.150583
-0.270896
-0.242056
-0.192072
-0.199429
-0.233773
-0.180096
-0.239688
-0.248642
-0.205482
-0.134644
-0.245917
-0.192813
-0.226575
-0.150848
-0.199873
-0.132074
-0.171040
-0.200506
-0.193869
-0.113801
-0.124690
-0.192484
-0.191245
-0.135688
-0.159805
-0.135844
-0.183729
-0.169809
-0.118874
-0.096818
-0.130217
-0.144674
-0.116570
-0.151764
-0.065601
-0.117676
-0.082597
-0.075714
-0.103845
-0.121211
-0.047610
-0.073465
-0.122110
-0.115500
-0.066110
-0.075844
-0.046114
-0.001545
-0.069998
-0.043058
-0.081771
-0.042223
-0.052639
-0.003562
0.026974
0.004751
-0.020609
-0.039562
-0.007907
0.011890
-0.036086
0.019743
-0.005547
-0.028361
0.052113
0.048898
-0.000897
0.055793
0.083711
0.001604
0.049696
0.029165
0.083520
0.060423
0.084687
0.068236
0.042993
0.071888
0.087873
0.093704
0.053065
0.128350
0.108354
0.117429
0.082017
0.165768
0.083100
0.076499
0.128188
0.154177
0.091446
0.123793
0.120467
0.174968
0.065597
0.089428
0.111546
0.179637
0.107080
0.116648
0.167251
0.152482
0.157949
0.103689
0.137349
0.179350
0.138389
0.105760
0.125371
0.154233
0.107767
0.116736
0.102090
0.142900
0.102253
0.126037
0.138043
0.148179
0.064111
0.168178
0.099751
0.202825
0.115442
0.130356
0.140231
0.134012
0.067494
0.117603
0.134615
0.158227
0.087539
0.174751
0.152536
0.108120
0.167190
0.168561
0.210670
0.192469
0.259839
0.170342
0.167398
0.201703
0.265122
0.227988
0.248792
0.209975
0.279543
0.221798
0.233005
0.249191
0.287023
0.231890
0.256353
0.294907
0.273430
0.313888
0.249460
0.286573
0.357283
0.356209
0.257357
0.399979
0.376984
0.273008
0.269538
0.392376
0.330907
0.382387
0.291501
0.366950
0.302473
0.324094
0.308431
0.430305
0.392005
0.288680
0.370614
0.450113
0.363079
0.285806
0.377601
0.403421
0.386698
0.337692
0.380543
0.379975
0.386478
0.446694
0.426848
0.490386
0.410191
0.446620
0.555666
0.532455
0.557453
0.523886
0.517359
0.633564
0.497745
0.493393
0.458193
0.509686
0.403599
0.458576
0.426167
0.424477
0.400473
0.478335
0.420367
0.510084
0.424402
0.411435
0.525598
0.472042
0.432417
0.511643
0.461361
0.448847
0.417409
0.455377
0.426653
0.394779
0.363775
0.419455
0.379607
0.344897
0.354545
0.445311
0.387445
0.368603
0.344061
0.330975
0.332690
0.372971
0.342902
0.334715
0.344329
0.297511
0.309522
0.325946
0.317828
0.318497
0.295480
0.313637
0.354400
0.242992
0.299966
0.236859
0.229668
0.259749
0.295585
0.288389
0.213922
0.205184
0.229595
0.228746
0.279237
0.263699
0.238756
0.200169
0.277880
0.293799
0.239159
0.214164
0.181709
0.220018
0.266232
0.293713
0.276269
0.150518
0.253592
0.285577
0.293997
0.268830
0.310267
0.331441
0.155627
0.311393
0.279523
0.335911
0.227057
0.367737
0.286644
0.324512
0.280982
0.354361
0.257088
0.290510
0.321392
0.351714
0.326877
0.241826
0.285984
0.363768
0.360810
0.335705
0.285435
0.314511
0.313608
0.286357
0.307345
0.285783
0.326453
0.264781
0.298849
0.233153
0.327210
0.349656
0.291463
0.375600
0.361272
0.385182
0.398460
0.388548
0.356145
0.381698
0.415905
0.406987
0.395831
0.390693
0.432393
0.344052
0.398650
0.343817
0.425259
0.387154
0.384915
0.372138
0.464310
0.420152
0.288457
0.359609
0.402703
0.331858
0.277883
0.339372
0.354215
0.246229
0.193232
0.310117
0.314968
0.331252
0.278980
0.423661
0.327638
0.340808
0.297634
0.411544
0.337757
0.311479
0.290208
0.304178
0.260962
0.275873
0.214393
0.285447
0.196864
0.269418
0.249736
0.229686
0.169539
0.199989
0.150277
0.287969
0.209676
0.196117
0.135580
0.224911
0.165976
0.218933
0.146771
0.225453
0.147955
0.245506
0.207380
0.312863
0.190282
0.270071
0.312779
0.311075
0.280632
0.356668
0.390827
0.331257
0.348188
0.352793
0.331680
0.387134
0.278034
0.364399
0.344901
0.454004
0.366441
0.425661
0.398056
0.396049
0.380634
0.362717
0.333739
0.422053
0.437306
0.420734
0.304256
0.350828
0.383422
0.407778
0.436835
0.388995
0.413534
0.397352
0.405479
0.395689
0.487698
0.423720
0.370835
0.407331
0.314166
0.301682
0.227684
0.361766
0.400777
0.267099
0.223922
0.206805
0.261068
0.268451
0.304049
0.346733
0.330753
0.238798
0.372519
0.361236
0.352497
0.323693
0.342658
0.311358
0.339546
0.404139
0.294470
0.352079
0.289533
0.333450
0.361394
0.307321
0.296005
0.312931
0.278968
0.349680
0.274996
0.304338
0.271245
0.285329
0.199227
0.278749
0.323535
0.255354
0.268137
0.246696
0.270195
0.265710
0.366903
0.303857
0.348943
0.388877
0.395955
0.322412
0.432119
0.493385
0.417038
0.487585
0.444150
0.520763
0.644491
0.529392
0.508026
0.526854
0.585822
0.566423
0.612317
0.589449
0.578081
0.549959
0.600327
0.611263
0.689933
0.566458
0.549986
0.596229
0.725951
0.636693
0.661802
0.520023
0.652507
0.639423
0.648991
0.643070
0.666609
0.589077
0.595792
0.583639
0.739121
0.569604
0.560963
0.490848
0.700413
0.565609
0.604069
0.557793
0.598831
0.569431
0.643192
0.593395
0.623149
0.647202
0.648054
0.635038
0.653323
0.650019
0.694804
0.683324
0.685019
0.723528
0.745020
0.718756
0.783220
0.841943
0.830311
0.871648
0.964507
1.021614
0.973582
0.986879
1.060018
1.060995
1.193744
1.031807
1.139670
1.013532
1.066468
1.085968
1.145817
1.044630
1.082946
1.069286
1.253600
1.204624
1.262067
1.213464
1.355024
1.398012
1.552931
1.503982
1.480538
1.505381
1.729728
1.535997
1.494837
1.544179
1.538834
1.463593
1.437250
1.419754
1.325742
1.220816
1.273382
1.290460
1.250341
1.131415
1.204076
1.360117
1.259264
1.135527
1.054705
1.097649
1.035788
1.155021
1.095939
0.933962
0.753575
0.771119
0.803751
0.809298
0.745849
0.652567
0.620470
0.626544
0.651697
0.733712
0.564562
0.558951
0.542146
0.627107
0.610339
0.562070
0.408950
0.387149
0.399859
0.446774
0.294261
0.410955
0.210339
0.102553
0.243452
0.234812
0.150539
0.063669
0.015259
0.049699
0.065636
-0.021768
-0.168108
-0.094088
-0.231637
-0.104256
-0.033711
-0.097574
-0.182339
-0.067488
-0.127544
-0.044898
-0.018594
-0.009587
-0.072706
-0.078525
-0.130899
0.003869
-0.029640
-0.175805
-0.067713
0.029770
-0.082774
-0.043391
-0.009048
-0.069641
-0.098265
0.017393
-0.037420
0.068182
-0.113471
-0.191211
-0.147767
-0.120376
-0.267649
-0.279547
-0.182660
-0.304884
-0.243867
-0.244078
-0.286494
-0.295872
-0.280027
-0.265948
-0.223153
-0.101211
-0.279164
-0.140878
-0.275515
-0.196158
-0.124462
-0.149100
-0.310063
-0.165591
-0.260713
-0.251802
-0.119515
-0.230716
-0.213297
-0.109043
-0.196255
-0.127438
-0.175532
-0.208541
-0.016934
-0.102462
-0.166616
-0.208135
-0.041439
-0.301422
-0.161325
-0.183798
-0.297206
-0.304260
-0.369637
-0.422187
-0.404791
-0.491775
-0.526136
-0.656026
-0.571741
-0.614627
-0.562523
-0.577973
-0.592407
-0.589114
-0.659614
-0.571356
-0.561142
-0.553548
-0.637801
-0.562204
-0.606666
-0.749452
-0.732938
-0.738143
-0.710159
-0.778386
-0.729836
-0.855757
-0.866001
-0.882477
-0.856569
-0.878292
-0.907661
-1.134586
-1.152016
-1.112979
-1.049564
-1.119442
-1.115689
-1.341269
-1.419238
-1.458946
-1.325101
-1.275598
-1.502168
-1.711858
-1.554041
-1.611861
-1.703991
-1.555275
-1.783967
-1.965977
-1.932408
-1.763871
-1.875675
-1.813766
-2.021228
-1.931159
-1.920240
-1.942146
-1.951349
-1.952055
-2.162335
-2.083675
-2.123040
-2.149382
-2.192070
-2.399241
-2.517892
-2.505168
-2.446069
-2.605457
-2.772346
-2.704847
-2.861684
-2.965061
-3.056317
-3.054080
-3.147859
-3.187141
-3.468299
-3.396977
-3.490333
-3.573557
-3.690634
-3.698467
-3.771855
-3.795846
-4.056381
-3.993431
-3.943248
-3.963912
-4.220609
-4.162185
-4.193603
-4.142900
-4.427682
-4.458904
-4.562416
-4.602473
-4.732662
-4.820613
-4.912817
-5.004580
-5.119335
-5.241397
-5.386170
-5.372092
-5.452268
-5.606685
-5.689621
-5.802998
-5.844892
-6.062934
-6.050948
-6.312842
-6.503733
-6.519426
-6.656177
-6.873405
-7.047841
-7.189292
-7.271094
-7.497161
-7.517748
-7.733653
-7.927544
-8.075117
-8.045216
-8.336494
-8.416787
-8.560905
-8.685594
-8.973944
-8.869121
-9.109972
-9.277993
-9.524878
-9.575197
-9.771923
-9.820059
-10.035360
-10.245882
-10.312702
-10.602433
-10.641435
-10.849405
-11.071656
-11.293474
-11.310930
-11.451809
-11.733306
-11.853323
-12.062591
-12.297147
-12.385138
-12.537433
-12.719778
-12.911382
-13.121732
-13.312493
-13.371621
-13.560611
-13.785388
-13.790308
-13.995530
-14.104816
-14.114151
-14.218490
-14.425961
-14.628779
-14.674225
-14.748185
-14.830401
-15.115615
-15.183187
-15.278276
-15.472244
-15.733378
-15.692757
-15.815608
-15.990969
-16.087976
-16.151436
-16.278505
-16.574024
-16.744524
-16.924816
-17.020460
-17.221872
-17.443428
-17.590061
-17.850403
-18.225571
-18.410824
-18.554686
-18.663595
-18.862299
-19.131908
-19.311216
-19.455189
-19.503399
-19.524843
-19.713043
-19.985291
-19.970411
-19.951752
-20.177221
-20.358416
-20.586946
-20.729633
-20.817739
-21.028116
-21.136463
-21.454975
-21.768726
-21.944927
-22.068245
-22.082697
-22.270283
-22.518574
-22.680443
-22.722902
-22.948503
-22.945789
-23.221375
-23.471666
-23.645218
-23.736557
-23.964396
-24.048435
-24.311991
-24.597593
-24.874718
-24.850666
-25.072311
-25.124521
-25.238794
-25.325546
-25.706589
-25.818615
-25.818445
-25.842054
-26.048964
-26.299950
-26.484520
-26.728743
-26.789183
-26.905596
-27.145031
-27.322935
-27.270229
-27.532486
-27.627708
-27.749037
-27.736130
-27.934124
-28.027018
-28.206841
-28.254498
-28.304701
-28.453768
-28.582935
-28.756800
-28.933277
-29.102596
-29.153877
-29.128912
-29.230232
-29.304651
-29.321394
-29.323870
-29.229864
-29.202009
-29.379642
-29.453016
-29.241377
-29.252359
-29.490997
-29.640314
-29.686396
-29.843168
-29.888023
-29.971443
-30.049774
-30.326696
-30.280491
-30.160078
-30.140436
-30.198511
-30.192574
-30.244543
-30.247204
-29.954895
-29.780428
-30.008745
-30.212049
-30.131060
-30.159016
-29.965860
-29.795265
-30.112400
-30.333855
-30.326609
-30.131157
-30.115891
-30.183048
-30.417095
-30.304321
-30.195227
-30.135099
-30.117884
-30.256611
-30.400223
-30.432234
-30.277477
-30.311508
-30.435200
-30.522781
-30.533703
-30.693134
-30.755129
-30.721977
-30.868168
-30.928459
-30.875086
-30.826902
-30.956968
-31.105822
-31.166313
-31.225773
-31.284683
-31.464239
-31.580660
-31.813623
-32.021572
-32.322929
-32.316563
-32.367935
-32.727039
-33.256809
-33.546051
-33.661308
-33.814873
-33.848896
-34.128052
-34.385773
-34.734993
-35.067390
-35.180691
-35.223705
-35.625824
-35.869671
-36.047817
-36.270969
-36.332005
-36.620804
-37.095402
-37.383461
-37.433407
-37.767513
-37.964241
-38.216599
-38.573505
-38.645790
-38.786537
-38.984009
-39.358719
-39.609829
-39.892727
-39.924473
-40.062695
-40.630459
-41.160198
-41.253967
-41.472588
-41.766556
-41.906075
-42.232002
-42.744221
-42.889637
-43.037968
-43.293640
-43.506699
-43.594456
-43.881382
-44.120369
-44.321037
-44.633202
-44.748741
-44.913055
-45.409073
-45.686268
-45.741928
-46.007870
-46.224304
-46.532562
-46.722458
-46.969593
-47.168076
-47.286304
-47.303993
-47.456261
-47.448032
-47.623909
-47.722954
-47.949539
-48.099617
-48.197720
-48.287811
-48.284897
-48.491932
-48.585560
-48.739616
-48.752312
-48.914181
-49.067085
-49.027462
-49.018314
-48.918919
-48.919960
-48.927387
-49.137661
-49.155251
-49.344883
-49.210510
-49.117962
-49.264256
-49.393311
-49.275913
-49.249928
-49.315010
-49.280289
-49.264088
-49.218369
-48.998405
-49.255455
-49.106419
-49.096016
-49.139626
-49.377232
-49.177902
-49.234184
-49.326668
-49.488846
-49.498257
-49.638355
-49.662479
-49.727615
-49.824406
-49.693516
-49.647564
-49.554314
-49.570679
-49.481167
-49.667702
-49.627762
-49.597065
-49.517185
-49.558399
-49.704243
-49.622608
-49.568115
-49.659283
-49.615421
-49.810623
-49.677540
-49.733971
-49.615936
-49.467213
-49.432858
-49.580967
-49.583443
-49.691208
-49.515991
-49.644550
-49.751511
-49.759254
-49.674526
-49.796124
-49.705738
-49.705757
-49.839333
-49.769466
-49.762299
-49.757477
-49.784721
-49.640198
-49.705330
-49.751049
-49.692822
-49.836357
-49.852314
-49.841454
-49.951637
-49.942390
-50.000313
-50.074230
-50.089954
-50.146721
-50.166103
-50.203518
-50.136810
-50.220116
-50.227993
-50.216335
-50.271210
-50.312542
-50.406696
-50.336952
-50.458565
-50.526073
-50.586685
-50.506512
-50.657974
-50.756527
-50.743866
-50.783009
-50.811131
-50.966915
-50.940376
-51.001221
-51.164291
-51.333935
-51.342827
-51.328560
-51.472443
-51.600250
-51.595390
-51.676998
-51.782467
-52.010754
-52.026676
-52.145309
-52.189541
-52.231464
-52.407974
-52.411232
-52.576820
-52.632507
-52.735680
-52.766022
-53.072201
-53.059002
-53.148766
-53.143349
-53.173710
-53.229012
-53.401173
-53.468300
-53.512783
-53.592117
-53.607983
-53.760452
-53.836163
-53.955635
-53.887043
-53.940968
-54.170658
-54.254280
-54.310871
-54.339481
-54.420277
-54.421707
-54.331421
-54.494530
-54.612572
-54.506191
-54.501022
-54.680614
-54.795208
-54.802303
-54.804893
-54.769695
-54.984875
-54.945709
-55.025066
-55.051292
-55.219215
-55.190254
-55.239326
-55.333084
-55.473751
-55.465839
-55.278343
-55.678276
-55.840942
-55.718430
-55.733894
-55.920406
-56.230274
-56.268974
-56.325970
-56.403873
-56.390198
-56.431877
-56.583080
-57.047825
-56.974789
-56.738968
-56.864971
-56.998962
-57.097546
-57.244656
-57.382027
-57.374577
-57.518238
-57.518997
-57.816727
-57.786629
-57.562611
-57.802044
-57.880249
-57.854927
-57.925365
-57.908287
-57.968086
-57.908211
-58.047897
-57.962811
-58.086861
-58.030167
-58.300747
-58.294697
-58.327770
-58.299549
-58.265003
-58.361031
-58.429214
-58.511395
-58.554127
-58.557022
-58.690098
-58.639797
-58.746704
-58.654533
-58.776199
-58.663425
-58.821823
-58.933220
-58.981258
-58.990471
-58.925240
-58.969189
-58.922459
-59.092789
-59.034920
-59.165848
-59.240585
-59.273273
-59.368805
-59.374794
-59.509594
-59.416454
-59.505733
-59.562756
-59.699951
-59.766411
-59.713387
-59.844040
-59.718590
-59.920799
-59.880173
-59.875832
-59.841030
-59.991020
-60.177860
-60.213688
-60.139378
-60.159863
-60.215698
-60.480747
-60.413284
-60.469772
-60.608498
-60.797745
-60.704914
-60.933701
-61.046143
-60.977036
-60.979111
-61.180874
-61.213673
-61.322403
-61.352680
-61.384212
-61.404930
-61.572281
-61.548363
-61.638618
-61.535091
-61.615139
-61.754669
-61.760479
-61.635208
-61.706226
-61.826477
-61.847553
-61.738930
-61.825008
-61.940166
-61.888050
-61.963978
-62.045021
-62.069992
-62.052658
-62.099361
-62.071320
-62.233212
-62.199230
-62.297714
-62.139034
-62.258492
-62.261776
-62.210896
-62.259647
-62.241989
-62.198448
-62.251396
-62.183296
-62.237309
-62.139362
-62.280563
-62.035427
-62.218395
-62.206863
-62.314251
-62.236240
-62.102509
-62.213505
-62.216782
-62.268047
-62.235149
-62.438808
-62.322418
-62.306129
-62.315166
-62.270626
-62.368240
-62.386990
-62.653580
-62.413025
-62.485489
-62.543259
-62.459709
-62.562271
-62.432308
-62.678257
-62.683323
-62.743427
-62.591721
-62.667740
-62.826202
-62.584148
-62.708206
-62.677059
-62.819698
-62.768105
-62.827694
-62.565395
-62.705151
-62.785553
-62.774296
-62.839321
-62.825924
-62.819839
-62.864426
-62.857506
-62.943211
-62.849594
-63.020382
-62.842842
-63.160236
-63.068829
-63.077698
-62.980160
-63.139606
-63.208035
-63.213531
-63.153229
-63.153557
-63.240044
-63.332394
-63.215279
-63.272411
-63.196331
-63.274361
-63.086277
-63.197372
-63.358120
-63.307396
-63.202454
-63.218796
-63.255032
-63.344593
-63.267971
-63.317322
-63.210278
-63.423820
-63.292038
-63.330502
-63.293228
-63.309425
-63.233353
-63.209141
-63.341488
-63.244202
-63.331604
-63.358353
-63.246002
-63.292801
-63.328964
-63.328671
-63.277245
-63.393742
-63.375858
-63.429813
-63.293983
-63.363922
-63.463200
-63.521587
-63.355949
-63.474136
-63.598686
-63.485630
-63.499966
-63.501942
-63.681767
-63.408836
-63.581429
-63.447762
-63.551868
-63.357758
-63.425961
-63.557465
-63.463375
-63.440868
-63.238239
-63.448647
-63.557186
-63.427719
-63.318825
-63.366581
-63.477127
-63.322475
-63.276134
-63.316898
-63.334522
-63.165428
-63.212025
-63.270638
-63.076488
-62.931828
-62.975723
-63.074589
-63.012566
-62.777435
-62.890167
-62.773964
-62.877552
-62.717079
-62.576584
-62.710167
-62.718384
-62.626743
-62.431854
-62.637497
-62.483410
-62.543652
-62.451164
-62.462307
-62.449482
-62.401623
-62.318386
-62.594330
-62.636070
-62.339233
-62.406242
-62.648689
-62.558884
-62.403774
-62.607620
-62.788784
-62.710907
-62.602501
-62.568626
-62.625591
-62.646603
-62.844944
-62.841915
-62.832767
-63.065685
-63.228886
-63.066906
-63.097443
-63.396595
-63.197819
-63.288857
-63.268936
-63.524509
-63.366505
-63.157146
-63.070728
-62.999897
-63.037781
-62.903641
-62.735256
-62.992847
-62.852345
-62.683113
-62.627441
-62.833134
-62.695835
-62.685627
-62.724163
-62.776871
-62.798389
-62.581898
-62.484283
-62.558704
-62.496193
-62.324184
-62.245266
-62.349144
-62.343815
-62.266441
-62.070423
-62.099754
-62.033264
-61.887161
-61.966694
-61.973053
-61.968815
-61.702305
-61.588989
-61.681149
-61.608818
-61.645691
-61.422569
-61.379982
-61.359200
-61.490360
-61.227791
-61.264259
-61.235378
-61.032982
-61.090816
-61.209152
-61.063026
-60.870922
-60.951855
-60.926567
-60.819527
-60.745659
-60.812702
-60.850040
-60.688511
-60.566601
-60.561237
-60.606712
-60.606937
-60.283680
-60.423904
-60.421928
-60.245487
-60.143517
-60.096283
-60.168758
-60.103592
-60.090061
-60.036793
-59.993111
-59.848251
-59.985874
-59.985455
-59.842770
-59.835255
-59.784088
-59.803165
-59.787617
-59.750168
-59.555786
-59.616817
-59.608925
-59.565155
-59.568760
-59.600048
-59.614449
-59.530235
-59.408195
-59.572952
-59.549610
-59.438175
-59.318371
-59.494915
-59.466034
-59.415344
-59.317871
-59.357803
-59.416355
-59.386467
-59.305984
-59.370888
-59.286331
-59.366814
-59.291561
-59.261879
-59.292347
-59.227173
-59.267342
-59.119366
-59.077675
-59.069057
-58.986244
-58.873501
-58.904133
-59.083549
-58.787849
-58.751358
-58.795185
-58.747799
-58.642857
-58.749817
-58.764080
-58.669662
-58.602325
-58.622955
-58.714527
-58.524036
-58.588760
-58.555824
-58.549709
-58.475758
-58.662422
-58.510738
-58.345226
-58.428116
-58.475677
-58.339413
-58.529995
-58.501640
-58.506210
-58.366142
-58.636715
-58.596958
-58.518280
-58.456310
-58.601780
-58.742813
-58.653931
-58.788841
-58.714478
-58.950085
-58.883484
-59.066086
-59.148407
-59.009914
-59.103420
-59.276585
-59.279282
-59.236755
-59.297318
-59.464718
-59.404099
-59.265045
-59.414581
-59.640282
-59.584679
-59.565338
-59.771675
-59.849178
-59.799797
-59.726776
-59.950844
-60.085060
-60.026188
-59.926174
-59.885101
-60.019173
-60.228535
-60.222183
-60.124771
-60.152901
-60.435474
-60.421875
-60.382072
-60.471104
-60.417259
-60.438950
-60.454510
-60.597305
-60.365005
-60.329609
-60.309162
-60.387779
-60.352009
-60.304520
-60.356487
-60.160957
-60.376690
-60.313717
-60.422401
-60.143208
-60.224072
-60.291584
-60.116741
-60.259598
-60.150642
-60.270924
-60.213459
-60.229733
-60.142548
-60.212639
-60.161545
-59.951618
-60.127968
-60.189373
-60.134083
-59.912632
-59.851158
-60.069199
-59.791187
-59.724808
-59.726490
-59.873676
-59.685539
-59.664204
-59.690434
-59.891918
-59.599358
-59.495358
-59.618019
-59.743557
-59.645031
-59.605659
-59.509743
-59.647190
-59.690880
-59.313232
-59.463459
-59.595757
-59.492966
-59.374573
-59.673512
-59.717110
-59.510025
-59.522831
-59.604473
-59.779213
-59.779037
-59.647842
-59.786732
-59.837585
-59.922295
-59.890575
-59.961914
-59.952217
-59.982269
-59.996704
-60.069698
-60.034931
-60.117031
-60.120590
-60.209095
-60.190346
-60.264359
-60.100479
-60.203636
-60.275677
-60.502789
-60.263844
-60.321102
-60.513992
-60.650097
-60.316681
-60.624836
-60.613907
-60.630016
-60.531864
-60.682858
-60.489990
-60.753181
-60.556175
-60.589863
-60.631134
-60.640751
-60.531765
-60.549751
-60.697952
-60.692657
-60.565788
-60.263630
-60.470478
-60.531719
-60.457859
-60.426399
-60.414692
-60.372883
-60.386452
-60.618832
-60.521141
-60.419235
-60.389187
-60.526245
-60.332722
-60.312214
-60.377094
-60.332249
-60.196175
-60.204292
-60.420441
-60.336555
-60.200512
-60.195850
-60.250652
-60.257240
-60.395901
-60.367073
-60.469818
-60.354187
-60.442387
-60.426773
-60.354744
-60.262329
-60.343525
-60.478333
-60.330406
-60.390003
-60.433636
-60.408600
-60.366146
-60.466553
-60.503902
-60.278664
-60.407551
-60.463013
-60.467781
-60.448746
-60.280735
-60.314022
-60.185658
-60.133678
-60.262051
-60.179447
-60.128445
-60.120113
-60.094868
-60.021141
-60.000698
-59.941929
-60.049961
-60.020504
-59.943737
-59.919857
-59.913040
-59.880009
-59.807594
-59.851154
-59.704723
-59.759449
-59.729088
-59.604176
-59.447346
-59.507462
-59.649712
-59.554729
-59.314205
-59.401485
-59.321251
-59.517242
-59.330429
-59.276310
-59.341175
-59.251640
-59.327263
-59.155918
-59.152073
-59.036213
-59.050507
-58.882668
-58.926449
-59.020798
-58.838543
-58.643456
-58.633160
-58.724651
-58.738194
-58.474300
-58.696896
-58.552608
-58.611599
-58.485928
-58.372257
-58.407173
-58.340622
-58.304214
-58.026478
-58.222099
-58.317760
-58.209648
-58.004490
-58.086887
-58.144608
-58.056515
-57.844585
-58.025208
-58.024494
-57.934673
-57.697121
-57.918270
-57.849174
-57.664768
-57.605671
-57.488667
-57.595966
-57.663319
-57.549191
-57.468857
-57.545982
-57.363102
-57.232956
-57.375221
-57.274551
-57.272945
-57.237045
-57.115280
-57.161594
-57.107330
-56.929012
-56.797237
-56.971771
-56.931644
-56.847050
-56.752872
-56.746441
-56.760841
-56.838974
-56.761116
-56.605568
-56.654964
-56.588837
-56.682579
-56.751305
-56.623993
-56.465122
-56.411755
-56.515903
-56.509098
-56.495792
-56.404091
-56.253399
-56.425087
-56.369400
-56.305508
-56.154484
-56.191414
-56.157749
-56.185368
-56.070011
-55.992130
-55.829636
-55.747910
-55.865795
-55.984245
-55.392799
-55.450523
-55.590782
-55.528507
-55.196060
-55.421799
-55.217976
-55.169064
-55.025806
-55.018402
-54.955109
-54.718365
-54.755753
-54.712196
-54.581970
-54.247700
-54.492455
-54.338039
-54.193226
-53.981304
-54.008621
-53.928356
-53.813137
-53.593109
-53.667538
-53.622532
-53.475323
-53.206875
-53.180729
-53.252289
-53.082954
-52.995361
-52.732243
-52.863945
-52.683590
-52.657715
-52.423756
-52.414154
-52.202152
-52.188614
-52.024960
-51.936405
-51.953815
-51.727085
-51.728836
-51.466026
-51.599106
-51.190231
-51.053780
-51.101730
-51.018467
-50.839615
-50.616310
-50.622646
-50.440289
-50.274952
-50.285782
-50.048363
-50.029556
-49.760689
-49.583439
-49.522465
-49.432861
-49.334877
-49.184502
-49.147041
-48.806313
-48.731232
-48.669689
-48.693077
-48.430046
-48.262775
-48.254574
-48.350021
-47.993530
-47.845715
-47.820370
-47.751064
-47.658203
-47.485077
-47.583683
-47.402157
-47.225281
-46.960766
-47.126938
-47.059681
-46.966259
-46.568298
-46.545639
-46.754116
-46.640236
-46.266907
-46.320526
-46.343216
-46.206413
-46.210152
-46.086449
-45.943344
-45.942734
-45.900963
-45.607677
-45.764126
-45.640865
-45.518360
-45.342438
-45.551903
-45.358624
-45.130692
-45.077068
-45.154316
-45.152878
-44.885719
-44.769779
-44.805939
-44.841503
-44.529301
-44.398838
-44.442123
-44.470322
-44.251804
-44.026829
-44.188976
-44.204929
-43.814083
-43.764252
-43.833080
-43.896156
-43.370594
-43.477982
-43.401535
-43.407810
-43.367321
-43.163284
-43.045689
-43.104778
-42.964230
-42.802666
-42.674274
-42.680550
-42.728455
-42.708561
-42.486649
-42.442383
-42.282448
-42.047665
-41.986629
-42.214066
-41.935982
-41.601959
-41.778542
-41.901154
-41.579151
-41.392029
-41.413689
-41.335300
-41.259777
-41.387890
-41.205162
-41.030380
-41.016026
-40.952503
-40.824253
-40.854298
-40.713444
-40.515858
-40.552826
-40.698940
-40.719765
-40.337109
-40.182346
-40.342361
-40.249805
-40.114841
-40.080608
-39.994884
-39.949867
-39.840275
-39.784859
-39.739861
-39.720951
-39.490162
-39.586731
-39.531387
-39.545948
-39.479824
-39.284061
-39.338570
-39.358135
-39.260830
-39.283867
-39.134029
-39.166283
-39.155773
-39.306564
-39.114674
-39.211224
-39.096371
-39.141670
-39.243626
-39.289295
-39.249802
-39.240612
-39.279335
-39.297768
-39.347778
-39.558334
-39.459045
-39.501778
-39.364269
-39.525940
-39.594913
-39.714844
-39.462399
-39.575684
-39.734444
-39.657295
-39.790653
-39.602024
-39.752209
-39.642845
-39.700687
-39.910286
-39.962872
-39.870594
-39.526520
-39.856274
-40.075420
-39.885540
-39.791668
-39.945995
-40.072578
-39.955364
-39.911301
-39.815289
-40.022503
-39.976513
-39.767220
-39.861664
-40.301991
-39.842045
-39.866596
-39.953659
-40.043812
-39.945873
-39.875713
-39.834785
-39.914040
-39.855030
-39.878902
-39.810341
-39.722504
-39.810184
-39.645084
-39.788738
-39.815723
-39.667023
-39.720592
-39.635532
-39.644970
-39.830849
-39.717480
-39.708191
-39.673824
-39.602154
-39.625523
-39.539265
-39.690800
-39.521889
-39.653332
-39.480541
-39.688477
-39.457584
-39.282047
-39.662785
-39.399460
-39.483231
-39.404484
-39.569992
-39.417263
-39.455956
-39.432995
-39.386616
-39.371330
-39.341862
-39.413589
-39.368500
-39.424473
-39.411209
-39.386158
-39.201328
-39.273155
-39.293312
-39.218620
