Az       (ft/s^2)
-53.808498
-53.673809
-53.568779
-53.706985
-54.086174
-53.609058
-53.738190
-53.943241
-53.955177
-53.728344
-53.700382
-53.950344
-54.043659
-53.776482
-53.820774
-53.945435
-53.998779
-53.891602
-53.739071
-53.962654
-53.970680
-53.991016
-53.921391
-53.840069
-54.087811
-54.059750
-53.851978
-53.843182
-54.033958
-54.085606
-53.905109
-53.956688
-54.017273
-53.927303
-53.880047
-53.825108
-54.076691
-53.800175
-53.836529
-53.885380
-53.856941
-53.910084
-53.692444
-53.832844
-53.725986
-53.684624
-53.705532
-53.672928
-53.786701
-53.561413
-53.622925
-53.712101
-53.399994
-53.501667
-53.410908
-53.573170
-53.378151
-53.301285
-53.417873
-53.364464
-53.329296
-53.310158
-53.258537
-53.303734
-53.078529
-53.124744
-53.319923
-53.238445
-53.187050
-52.985432
-53.057426
-53.010109
-53.122398
-53.008675
-52.894886
-53.069260
-52.962315
-52.900856
-53.016918
-52.869785
-52.939808
-52.958748
-52.978806
-52.985184
-53.101101
-53.000530
-52.767765
-53.158886
-53.154873
-52.976227
-53.196499
-53.044086
-53.263649
-53.077213
-53.269398
-53.280029
-53.216702
-53.271885
-53.322380
-53.585667
-53.370049
-53.115929
-53.441154
-53.648384
-53.542534
-53.540504
-53.495083
-53.726742
-53.693584
-53.635677
-53.782066
-53.598522
-53.799107
-53.716335
-53.788738
-53.816006
-53.926884
-53.862812
-53.712429
-53.808407
-53.999210
-53.866142
-54.020912
-53.860867
-54.140636
-54.075104
-53.827209
-53.917717
-54.064396
-54.114285
-54.029942
-54.037144
-54.065029
-54.010590
-53.924469
-54.173046
-54.206867
-53.956535
-53.850918
-54.222893
-54.235630
-53.910458
-54.070755
-54.128471
-54.196701
-53.981735
-53.947670
-54.214443
-54.108593
-54.014843
-53.990879
-53.938629
-54.063736
-54.022064
-53.857925
-54.046093
-54.051334
-53.978638
-53.896179
-54.018398
-54.050983
-53.973904
-53.991531
-53.897190
-54.201180
-54.008152
-53.837360
-53.903320
-53.976051
-53.911255
-53.830875
-54.165569
-54.068645
-53.725174
-53.706287
-54.062149
-54.076462
-53.994282
-53.830727
-53.992809
-53.962692
-54.012852
-53.990517
-53.826469
-53.889671
-54.164177
-54.162788
-53.933483
-53.833195
-54.237186
-54.004585
-54.056854
-54.142128
-54.148800
-54.093052
-53.930450
-54.278263
-54.204453
-54.169643
-53.968609
-54.054737
-54.230412
-54.161343
-54.248314
-54.005379
-54.127285
-54.281097
-54.053391
-54.171112
-54.243324
-54.188248
-54.218903
-54.251926
-54.407410
-54.335716
-54.443546
-54.255554
-54.369633
-54.536800
-54.379078
-54.256416
-54.241856
-54.486702
-54.387180
-54.193020
-54.324516
-54.254490
-54.347523
-54.342484
-54.224422
-54.369495
-54.399147
-54.513416
-54.525963
-54.424385
-54.797264
-54.619690
-54.669792
-54.957287
-55.006447
-55.021484
-54.884041
-55.250896
-55.148090
-55.184517
-55.209286
-55.437450
-55.456024
-55.387375
-55.512638
-55.709011
-55.542686
-55.671375
-55.853722
-55.983009
-56.089222
-56.058201
-56.281570
-56.235367
-56.428909
-56.382053
-56.522686
-56.848854
-56.681229
-56.968136
-56.906025
-57.087807
-57.108635
-57.026501
-57.348969
-57.279240
-57.559708
-57.303490
-57.638096
-57.863220
-57.738590
-57.674065
-57.878941
-58.134449
-58.106304
-57.916348
-58.219814
-58.380657
-58.470070
-58.159435
-58.503754
-58.676922
-58.659157
-58.721024
-58.698666
-58.758305
-58.923840
-58.989010
-59.000656
-59.211514
-59.248882
-59.214451
-59.263149
-59.473934
-59.445709
-59.392590
-59.681240
-59.610916
-59.789093
-59.666508
-59.675365
-59.865852
-59.916676
-59.930611
-59.922997
-60.082821
-60.128513
-59.908550
-60.090393
-60.028080
-60.231350
-59.923359
-59.871864
-60.132778
-60.368244
-60.108948
-59.842033
-60.094944
-60.334141
-60.195148
-60.335762
-60.302940
-60.309402
-60.351231
-60.468311
-60.733021
-60.665829
-60.679005
-60.751942
-60.874382
-60.906296
-60.902939
-61.231762
-61.139763
-61.425404
-61.467934
-61.630123
-61.734791
-61.691959
-61.635399
-61.570633
-61.828537
-61.825867
-61.559177
-61.755817
-61.626217
-61.315964
-61.302490
-61.492733
-61.647999
-61.335384
-61.472088
-61.734116
-61.689217
-61.685535
-61.681385
-62.080486
-62.106483
-61.944191
-62.122135
-62.096775
-62.326363
-62.241856
-62.239872
-62.285107
-62.321842
-62.449871
-62.103493
-62.340649
-62.175545
-62.252678
-62.242111
-61.989128
-61.885227
-61.969463
-61.941425
-62.002438
-61.896763
-61.891392
-61.764706
-62.026875
-62.255936
-62.176666
-62.055546
-61.934341
-62.175926
-62.214424
-62.124065
-62.221569
-62.110493
-61.744457
-61.796730
-61.762806
-61.793953
-61.614414
-61.690598
-61.583618
-61.191887
-61.260582
-60.926620
-60.811459
-60.975430
-61.259552
-61.404701
-61.249630
-60.868057
-61.206684
-61.298691
-61.522831
-61.776752
-61.787018
-61.350655
-61.325680
-61.919022
-61.732121
-61.588619
-60.940598
-61.384621
-61.931816
-61.797920
-61.506104
-61.438847
-61.523911
-61.325588
-61.395313
-61.857067
-61.617374
-61.487034
-61.285690
-61.491280
-61.543270
-61.254292
-61.191471
-61.396450
-61.676537
-61.615353
-61.495350
-61.348110
-61.505089
-61.401703
-61.433392
-61.438679
-61.408638
-60.975243
-60.915283
-61.185680
-61.111485
-60.833408
-60.879059
-61.002743
-61.386028
-61.279530
-61.376663
-61.116455
-60.990074
-60.895840
-61.068233
-61.527050
-60.613873
-60.380997
-60.371765
-60.532425
-60.325623
-60.113770
-60.538734
-60.554634
-60.666992
-60.329330
-60.208481
-60.134930
-59.681282
-59.686893
-60.017067
-60.298897
-59.889378
-59.195194
-59.202934
-59.607155
-59.597607
-59.336964
-59.228935
-59.930416
-60.552132
-59.939991
-59.695595
-59.912563
-60.014267
-59.964443
-60.071629
-60.193188
-60.043625
-59.622910
-59.142067
-59.448990
-59.615097
-59.206318
-58.790531
-59.128891
-59.296501
-59.350174
-59.309326
-59.346485
-59.618763
-59.490456
-59.620861
-59.952370
-60.249741
-59.966488
-60.247078
-60.625725
-60.661320
-60.401012
-60.757133
-60.833771
-60.918140
-60.648861
-60.498177
-60.689007
-60.654976
-60.539223
-60.564804
-60.479252
-60.564255
-59.970009
-60.188915
-59.991203
-60.080875
-59.892776
-59.673203
-59.828728
-59.821609
-60.049744
-60.196270
-60.567043
-60.581841
-60.296558
-60.379017
-60.560364
-60.824413
-60.758205
-60.593510
-60.545086
-60.842445
-60.592350
-60.781864
-61.169109
-60.981014
-60.854385
-60.550270
-60.423985
-60.649662
-60.328983
-60.440754
-60.316040
-60.389130
-60.079067
-60.217236
-59.772884
-59.773144
-60.196667
-59.828220
-59.989296
-60.481609
-60.772114
-61.093090
-61.019569
-60.799091
-60.845364
-61.658550
-61.847534
-61.637241
-61.354679
-60.901432
-61.091537
-60.985336
-60.932732
-61.287533
-61.164803
-61.120926
-61.396412
-61.657524
-61.601620
-61.295052
-61.264992
-61.274956
-61.528336
-61.462547
-61.130287
-61.270313
-60.960770
-60.833405
-60.870766
-60.848610
-61.039375
-61.034451
-60.828415
-61.052532
-60.669243
-60.505627
-60.712666
-60.873360
-61.090694
-60.739391
-60.480328
-60.184826
-60.662487
-60.793804
-60.813419
-61.207909
-60.821190
-60.413956
-60.389660
-60.876438
-61.284233
-61.199585
-61.119263
-60.922310
-60.952156
-60.865925
-60.433529
-60.863770
-60.798782
-60.459854
-60.118916
-60.241676
-60.157719
-59.524548
-59.054070
-59.494450
-59.643932
-59.091591
-58.957119
-59.254307
-59.206882
-58.825058
-58.410007
-57.905106
-58.162807
-58.422153
-58.038799
-58.104271
-58.106499
-57.766800
-57.453064
-57.563850
-57.616100
-57.513786
-57.718697
-57.753124
-58.264675
-57.930332
-57.395657
-57.356827
-57.494072
-57.930580
-58.061768
-58.112476
-58.117306
-58.591099
-58.658829
-58.930851
-58.840469
-59.268757
-59.094036
-59.328217
-59.516060
-59.298767
-58.842865
-58.784733
-59.096714
-59.222149
-58.854984
-58.612579
-58.872169
-58.672146
-58.437920
-58.353191
-58.550732
-58.660198
-58.797966
-58.453281
-58.185425
-58.250755
-57.811817
-57.512226
-57.703754
-58.035770
-58.146149
-58.412998
-58.479603
-58.189198
-58.299915
-58.688892
-58.600193
-58.812828
-58.626236
-58.778263
-58.851814
-58.602085
-58.584091
-58.415745
-58.340382
-58.354836
-58.559036
-58.951145
-59.162197
-59.092445
-59.067436
-59.208340
-59.236065
-59.312939
-59.165768
-59.150364
-59.314007
-59.283634
-59.020260
-58.910225
-58.916138
-58.706791
-58.542805
-58.762199
-58.526409
-58.603344
-58.809437
-58.952972
-58.884060
-59.091370
-59.040073
-58.905598
-59.200073
-59.342239
-59.293228
-59.350788
-59.383057
-59.589985
-59.597221
-59.498585
-59.474964
-59.451401
-59.562134
-59.602253
-59.793842
-59.847729
-59.759541
-59.977028
-60.089596
-59.996479
-59.943447
-59.992424
-60.085194
-60.235695
-60.197933
-60.073738
-60.320251
-60.225590
-60.248844
-60.188599
-60.316376
-60.158554
-60.165615
-60.421932
-60.402390
-60.388271
-60.302250
-60.461765
-60.447079
-60.233166
-60.194462
-60.463852
-60.508610
-60.442234
-60.427387
-60.606899
-60.554794
-60.434105
-60.430023
-60.634506
-60.673264
-60.509502
-60.334209
-60.636562
-60.750179
-60.557846
-60.251663
-60.323555
-60.602467
-60.447948
-60.333496
-60.416534
-60.497749
-60.361156
-60.249462
-60.441212
-60.638535
-60.423660
-60.298615
-60.390133
-60.516388
-60.323517
-60.262188
-60.293701
-60.295437
-60.192642
-60.030560
-59.998981
-59.997601
-59.995579
-59.961246
-59.882713
-59.984306
-59.913006
-59.621849
-59.949444
-59.948238
-59.856186
-59.670517
-59.780884
-59.699409
-59.710716
-59.790764
-59.447914
-59.500114
-59.371288
-59.458405
-59.496727
-59.273499
-59.350536
-59.329075
-59.377483
-59.295555
-59.287315
-59.325310
-59.415794
-59.382736
-59.327328
-59.298477
-59.231060
-59.418751
-59.296169
-59.304611
-59.301067
-59.111027
-59.281406
-59.297485
-59.345104
-59.024685
-58.949806
-59.197308
-59.394569
-59.178875
-58.961174
-59.234043
-59.266834
-59.089237
-59.064598
-59.016106
-59.527897
-59.603783
-59.460220
-59.415840
-59.663815
-59.850964
-59.825993
-60.111866
-59.989075
-60.044529
-59.769279
-60.288391
-60.414619
-60.333759
-60.085846
-60.281151
-60.442997
-60.462612
-60.548595
-60.432888
-60.564430
-60.480503
-60.434109
-60.390808
-60.369461
-60.401493
-60.156990
-60.409363
-60.202137
-59.933529
-60.019665
-60.032146
-59.833820
-59.775341
-59.894566
-60.012211
-59.988457
-59.762520
-59.975067
-60.318409
-60.259319
-59.772274
-59.931282
-60.028023
-60.271900
-60.150677
-60.166916
-60.059536
-60.160965
-60.025177
-60.028065
-60.044464
-60.162033
-60.040127
-59.975986
-60.072533
-60.008854
-59.922832
-59.732624
-59.812843
-59.806301
-59.876678
-59.747444
-59.662125
-59.730118
-59.653316
-59.724899
-59.629139
-59.486649
-59.398438
-59.400543
-59.505905
-59.440411
-59.424397
-59.253719
-59.277020
-59.191509
-59.384205
-59.252899
-59.065666
-59.173889
-59.204773
-59.313839
-59.049854
-58.913898
-59.117313
-59.002357
-58.916962
-58.977856
-59.087986
-58.802605
-58.907925
-58.858017
-58.912804
-58.949722
-58.824833
-58.581348
-58.700314
-58.969513
-58.894894
-58.693695
-58.573067
-58.579014
-58.770016
-58.688034
-58.706158
-58.958344
-59.009811
-58.827312
-58.969280
-59.058865
-59.270473
-59.470142
-59.368202
-59.666351
-59.594360
-59.646721
-59.678806
-59.802082
-59.730717
-59.691704
-59.739185
-59.779266
-59.894989
-59.972221
-59.751392
-59.842674
-59.864120
-59.977177
-59.796249
-59.825596
-59.816795
-59.684265
-59.820198
-59.826580
-59.992435
-59.629284
-59.506065
-59.523880
-59.687538
-59.908047
-59.940796
-59.749073
-60.021507
-59.877129
-59.940533
-59.892429
-59.784431
-59.736923
-59.905720
-60.121613
-60.147827
-59.956131
-59.711525
-59.790688
-59.844715
-60.001099
-60.140915
-59.954281
-59.939072
-60.095219
-60.150089
-60.183098
-60.056599
-59.968552
-59.961891
-60.280037
-60.366596
-60.354355
-60.173386
-60.177181
-60.333210
-60.350483
-60.424671
-60.501545
-60.668282
-60.889282
-60.981243
-61.128960
-61.224247
-61.570496
-61.818066
-62.013039
-62.003502
-62.222900
-62.376411
-62.449577
-62.532990
-62.240421
-62.483898
-62.414082
-62.339260
-62.222263
-61.878502
-61.069324
-60.772427
-61.123531
-61.575050
-61.397602
-61.299271
-60.841129
-60.772999
-60.118038
-60.509235
-60.562874
-60.423195
-60.442371
-60.406143
-60.366314
-60.207005
-59.802540
-59.749489
-60.319416
-60.665379
-60.727680
-60.472126
-60.047161
-60.136429
-60.207825
-60.530460
-60.498528
-60.633259
-61.007347
-60.967010
-60.953938
-61.253593
-61.393707
-60.965614
-61.368534
-61.334938
-61.443363
-61.625851
-61.996563
-61.479729
-60.865658
-61.402493
-61.682583
-61.359776
-61.366665
-61.263672
-61.287067
-61.372307
-61.707569
-61.348839
-60.844563
-61.055038
-61.383263
-61.398251
-60.782398
-60.189629
-60.339573
-60.740353
-61.111664
-60.930241
-60.502018
-59.984715
-60.436893
-61.249317
-61.235462
-61.309021
-60.979874
-60.916920
-61.244900
-61.447071
-61.156464
-60.795219
-61.046623
-61.286957
-61.919243
-61.593590
-61.172802
-60.821560
-61.207085
-61.741192
-61.518993
-61.264065
-61.275833
-61.489105
-61.652988
-61.865849
-61.714581
-61.479328
-61.246464
-61.488960
-61.949421
-61.973396
-61.718540
-61.681690
-62.013611
-62.115471
-62.139709
-61.784000
-61.552025
-61.590710
-61.815723
-62.188454
-62.113377
-61.714970
-61.674316
-61.735538
-61.830769
-61.964725
-61.942406
-61.881550
-62.154953
-62.394398
-62.236542
-62.196770
-61.937706
-61.993233
-62.111458
-62.118187
-62.107124
-62.012352
-61.982430
-61.810436
-62.092178
-62.010887
-61.913055
-61.911156
-61.992039
-62.014927
-62.028549
-62.096123
-61.970360
-62.194328
-62.073162
-62.005249
-62.201458
-62.126625
-61.814640
-61.794159
-61.977631
-61.488014
-61.555553
-61.628582
-61.612602
-61.469818
-61.300915
-61.411835
-61.332375
-61.292103
-61.140354
-61.444717
-61.576321
-61.419651
-61.335796
-61.412689
-61.263172
-61.237240
-61.070396
-61.328327
-61.337044
-61.446327
-61.357735
-61.422989
-61.494297
-61.175240
-61.315788
-61.352955
-61.258858
-61.346672
-61.507519
-61.425060
-61.197048
-61.090313
-60.906509
-61.079041
-61.128147
-60.852448
-60.838791
-60.976143
-61.072529
-60.918629
-60.904732
-60.803780
-60.981342
-61.160534
-61.120785
-61.105122
-60.998596
-60.966309
-61.095589
-61.173248
-61.028004
-60.901459
-60.851364
-60.958820
-61.066734
-60.998573
-60.623772
-60.596558
-60.941376
-61.219002
-61.007572
-60.932030
-61.035957
-60.991581
-60.935635
-61.068398
-60.888226
-60.739296
-60.753857
-60.800701
-60.919189
-60.573204
-60.305790
-60.398636
-60.520718
-60.419460
-60.039722
-60.021957
-60.054413
-60.245121
-60.226246
-60.132652
-59.988850
-59.816139
-59.794987
-60.027153
-59.854256
-59.713470
-59.575302
-59.830074
-59.568268
-59.626968
-59.490738
-59.380669
-59.565620
-59.374741
-59.298138
-59.648399
-59.605473
-59.420868
-59.499542
-59.374935
-59.068470
-59.101330
-59.171459
-59.555546
-59.380524
-59.051353
-59.045147
-59.236626
-59.150661
-58.963451
-59.083778
-58.954437
-59.119541
-59.138119
-59.239895
-59.342678
-59.227669
-59.018620
-59.017265
-59.417839
-59.430611
-59.595535
-59.568283
-59.478199
-59.293056
-59.482559
-59.575607
-59.480335
-59.594280
-59.525158
-59.604473
-59.562820
-59.524048
-59.258858
-59.518654
-59.533833
-59.499271
-59.270576
-59.319256
-59.193310
-59.225697
-59.188114
-59.195072
-59.239090
-59.253838
-59.360565
-59.291931
-59.255096
-59.187592
-59.307968
-59.442581
-59.613911
-59.483105
-59.343475
-59.280132
-59.465969
-59.437359
-59.471260
-59.520649
-59.418594
-59.205418
-59.086601
-59.192287
-59.287041
-59.385738
-59.307144
-59.346226
-59.611179
-59.595802
-59.486809
-59.666420
-59.743141
-59.407597
-59.685108
-59.766182
-59.552803
-59.613010
-59.406437
-59.236626
-59.416191
-59.650665
-59.533127
-59.695072
-59.624046
-59.542408
-59.782410
-59.794571
-59.726711
-59.811649
-59.723671
-59.643845
-59.770046
-59.629929
-59.653065
-59.560322
-59.192772
-59.143883
-59.128349
-59.193233
-58.937046
-59.093506
-59.140850
-58.993229
-58.807278
-58.595863
-58.697109
-58.347103
-58.367592
-58.352287
-58.593143
-58.246391
-58.275688
-58.160172
-58.089497
-58.169312
-58.033295
-58.001797
-58.033718
-58.181530
-58.166336
-57.977306
-57.842293
-57.714382
-57.718529
-57.811096
-57.738964
-57.667992
-57.442947
-57.494541
-57.489758
-57.530060
-57.474865
-57.442688
-57.267647
-57.323601
-57.635086
-57.520809
-57.507305
-57.522263
-57.636509
-57.686989
-57.886322
-57.834229
-57.882420
-57.946903
-57.960567
-58.156857
-58.309635
-58.247242
-58.268219
-58.295494
-58.317699
-58.329147
-58.330753
-58.318954
-58.279896
-58.246372
-58.324570
-58.321877
-58.190693
-58.285355
-58.316730
-58.378712
-58.249966
-58.199181
-58.119244
-58.191742
-58.434486
-58.355114
-58.214046
-58.075863
-58.099499
-58.050323
-58.058247
-58.048450
-58.037270
-58.035492
-57.965347
-57.993679
-57.773190
-57.743160
-57.761555
-57.717400
-57.676838
-57.723690
-57.607182
-57.588161
-57.425961
-57.482243
-57.270786
-57.306114
-57.182556
-57.148445
-57.044151
-57.113239
-57.069817
-56.870243
-56.832821
-57.010368
-57.057320
-56.808975
-56.690525
-56.689392
-56.682487
-56.721546
-56.645298
-56.701588
-56.647743
-56.752052
-56.720310
-56.787884
-56.797195
-56.815422
-56.818539
-57.055485
-57.149727
-57.183922
-57.173874
-57.118320
-57.192799
-57.068878
-57.099087
-57.131462
-56.959084
-56.900158
-56.987442
-56.916332
-56.984444
-56.663658
-56.642986
-56.792469
-56.911983
-56.806847
-56.683979
-56.679413
-56.625404
-56.654343
-56.549355
-56.485958
-56.338299
-56.301220
-56.225277
-56.098183
-56.192436
-56.031734
-55.805958
-55.811642
-55.824665
-55.698296
-55.659924
-55.627003
-55.597095
-55.576283
-55.599152
-55.501385
-55.515400
-55.439281
-55.594791
-55.575016
-55.544201
-55.496899
-55.448269
-55.391544
-55.313835
-55.422180
-55.395733
-55.424362
-55.288029
-55.149632
-55.364159
-55.354500
-55.342567
-55.431602
-55.289604
-55.403511
-55.312862
-55.289391
-55.159500
-55.094734
-55.083687
-54.987499
-54.892662
-54.787579
-54.690983
-54.595646
-54.654778
-54.620029
-54.522850
-54.407410
-54.398602
-54.446945
-54.426338
-54.416969
-54.377079
-54.219318
-54.330811
-54.274712
-54.332748
-54.334114
-54.189671
-54.234081
-54.349762
-54.389091
-54.424042
-54.362118
-54.373524
-54.450115
-54.440472
-54.500980
-54.423256
-54.411297
-54.412037
-54.512993
-54.359066
-54.154297
-54.203964
-54.217201
-54.158424
-54.212898
-54.325199
-54.195774
-54.000324
-54.230911
-54.196270
-54.162037
-54.120186
-54.077290
-54.096161
-54.081142
-54.084984
-54.101509
-54.048717
-53.919125
-53.894253
-53.879166
-53.711742
-53.625408
-53.556000
-53.370033
-53.244221
-53.182892
-53.141705
-52.875267
-52.715393
-52.594322
-52.494118
-52.470539
-52.425282
-52.353107
-52.192883
-52.114563
-52.063091
-51.866035
-51.759071
-51.426632
-51.320580
-51.307327
-51.184551
-50.939205
-50.673893
-50.499268
-50.420605
-50.357155
-50.113743
-49.997532
-49.835186
-49.660751
-49.563053
-49.418640
-49.277733
-48.872929
-48.595425
-48.439243
-48.318874
-48.027168
-47.738125
-47.530319
-47.392010
-47.165531
-47.070229
-46.774284
-46.461571
-46.364738
-46.277908
-46.013752
-45.883381
-45.627480
-45.162544
-44.968636
-44.811756
-44.526402
-44.085693
-43.839832
-43.508438
-43.350246
-43.070389
-42.779865
-42.545807
-42.113819
-41.883827
-41.838181
-41.593910
-41.209648
-40.912273
-40.677456
-40.295811
-40.049763
-39.825195
-39.520294
-39.241802
-39.010143
-38.704105
-38.370361
-38.271797
-38.082863
-37.922729
-37.733006
-37.619308
-37.300694
-37.036552
-36.903969
-37.034355
-36.843460
-36.583591
-36.202133
-35.870945
-35.753838
-35.785614
-35.389000
-35.087105
-34.711609
-34.216537
-33.948685
-34.013336
-33.669388
-33.317921
-33.053249
-32.784473
-32.569069
-32.415291
-32.050735
-31.778578
-31.604584
-31.307230
-31.129398
-30.678576
-30.450340
-29.998045
-29.666988
-29.520119
-29.538206
-29.343887
-29.075632
-28.674015
-28.549227
-28.589907
-28.514427
-28.262663
-28.013184
-27.559332
-27.282074
-27.196335
-26.911552
-26.648918
-26.400669
-25.998167
-25.928703
-25.753138
-25.559040
-25.345474
-25.234278
-25.079466
-24.949398
-24.664547
-24.486914
-24.155581
-24.002180
-23.820421
-23.659578
-23.567650
-23.373287
-23.076046
-22.980257
-22.847797
-22.510256
-22.303041
-22.371876
-22.319532
-22.119003
-21.914316
-21.935818
-21.659998
-21.458769
-21.103399
-20.855003
-20.689190
-20.564329
-20.486656
-20.307156
-20.143122
-19.798784
-19.505476
-19.361874
-19.494623
-19.593904
-19.572149
-19.545540
-19.398052
-19.187698
-18.748184
-18.658344
-18.685596
-18.648516
-18.539194
-18.697485
-18.616497
-18.056332
-17.807217
-17.712725
-17.583445
-17.687817
-17.559626
-17.301107
-17.023306
-17.036076
-16.613983
-16.283066
-15.949236
-15.762302
-15.469409
-15.322032
-15.450234
-15.310050
-15.042612
-14.549002
-14.239123
-14.238850
-14.006992
-13.888945
-13.726194
-13.502232
-13.062546
-12.961730
-12.647446
-12.451085
-12.104832
-11.880773
-11.826445
-11.758444
-11.340159
-11.176569
-10.910904
-10.643451
-10.489380
-10.381720
-10.139625
-9.846990
-9.509051
-9.449691
-9.199753
-8.940906
-8.685492
-8.581723
-8.475085
-8.227658
-8.223336
-8.108832
-7.850463
-7.633177
-7.581863
-7.578815
-7.483968
-7.267830
-7.212078
-7.069674
-6.969717
-6.877164
-6.742832
-6.511052
-6.411951
-6.380530
-6.469165
-6.523962
-6.332601
-6.113320
-5.950695
-6.004311
-6.096449
-6.050208
-5.936154
-5.824523
-5.890220
-5.755205
-5.612291
-5.547417
-5.471236
-5.132628
-5.073897
-4.893923
-4.986232
-4.939067
-4.762046
-4.726048
-4.650573
-4.502131
-4.470019
-4.573759
-4.491925
-4.387286
-4.317871
-4.336782
-4.272062
-4.075048
-4.043506
-4.029607
-4.059576
-4.118081
-3.939250
-3.823556
-3.954850
-3.913046
-3.937514
-3.866746
-3.910557
-3.821668
-3.775756
-3.856086
-3.766523
-3.688333
-3.642205
-3.594015
-3.503213
-3.368841
-3.224729
-3.263714
-3.208231
-3.102604
-2.974438
-3.000369
-2.980928
-2.939858
-2.841361
-2.885397
-2.820017
-2.789887
-2.638944
-2.653561
-2.545932
-2.611889
-2.479848
-2.411213
-2.270315
-2.323019
-2.254351
-2.195512
-2.203225
-2.143663
-2.011033
-2.007637
-2.012704
-1.993052
-1.856320
-1.789319
-1.847352
-1.782299
-1.662488
-1.594906
-1.614336
-1.589329
-1.478050
-1.585651
-1.535306
-1.466218
-1.429677
-1.378751
-1.474553
-1.442253
-1.292843
-1.371870
-1.391319
-1.332527
-1.281005
-1.196805
-1.177360
-1.258507
-1.199564
-1.147053
-1.259693
-1.116006
-0.962209
-1.088621
-1.188009
-0.990060
-0.931839
-1.028906
-0.979216
-0.894142
-0.820521
-0.895824
-0.843063
-0.799221
-0.756185
-0.760707
-0.806900
-0.707702
-0.724034
-0.685212
-0.726019
-0.685343
-0.518428
-0.671321
-0.662156
-0.618757
-0.463438
-0.541158
-0.525721
-0.581972
-0.574863
-0.621523
-0.473126
-0.565203
-0.578520
-0.719160
-0.650205
-0.749292
-0.640780
-0.810790
-0.819072
-0.777010
-0.825607
-0.758523
-0.657476
-0.767981
-0.832498
-0.868640
-0.728441
-0.850951
-0.765448
-0.745945
-0.694909
-0.811094
-0.871493
-0.797044
-0.769389
-0.711162
-0.800089
-0.820164
-0.800106
-0.743238
-0.838119
-0.944209
-0.990396
-0.844119
-0.967401
-0.911642
-1.027796
-1.003096
-0.992928
-0.943660
-1.081589
-0.981095
-1.029076
-0.989751
-0.890783
-0.768098
-0.853123
-0.917157
-0.828150
-0.732843
-0.661111
-0.656734
-0.583019
-0.586406
-0.525759
-0.490733
-0.410398
-0.329562
-0.327205
-0.350755
-0.287287
-0.187193
-0.200952
-0.143768
-0.025222
-0.019265
-0.044250
0.019292
0.188745
0.114595
0.169842
0.219240
0.306129
0.448694
0.367659
0.442238
0.471925
0.708891
0.819907
0.748810
0.825135
0.982040
1.094712
1.096658
1.207409
1.313905
1.339419
1.480268
1.503811
1.561317
1.589981
1.792642
1.693122
1.750418
1.804846
2.017371
2.081441
1.914411
1.982624
2.114200
2.254512
2.236318
2.255800
2.322345
2.243346
2.290287
2.312547
2.426726
2.270284
2.307181
2.343456
2.369963
2.407778
2.281827
2.397144
2.332471
2.471092
2.355831
2.421914
2.278432
2.328986
2.355157
2.411269
2.279276
2.286209
2.273260
2.268363
2.304448
2.252362
2.183308
2.257689
2.202956
2.260565
2.262537
2.085201
2.279568
2.215807
2.084779
2.128337
2.150676
2.040881
2.082780
1.962242
1.938962
1.949359
1.826843
1.834234
1.653945
1.772055
1.711181
1.618893
1.470953
1.678656
1.447857
1.333205
1.354437
1.371137
1.374510
1.307296
1.221042
1.221960
1.153264
1.068488
1.167599
1.136186
0.947851
0.992358
0.986893
0.959210
0.916552
0.829139
0.853466
0.736284
0.816969
0.725982
0.750375
0.683074
0.627674
0.473142
0.538313
0.628512
0.485051
0.439879
0.516458
0.478277
0.487924
0.464625
0.515981
0.492033
0.440693
0.517545
0.519974
0.567403
0.524964
0.514828
0.462838
0.533655
0.465575
0.564891
0.553059
0.426224
0.435312
0.404695
0.488978
0.408253
0.406690
0.307109
0.319345
0.450151
0.413479
0.293542
0.321701
0.414418
0.384322
0.352749
0.434100
0.470786
0.391960
0.350098
0.433429
0.456314
0.357444
0.362263
0.364064
0.402920
0.377329
0.287224
0.354705
0.460451
0.327014
0.412607
0.436618
0.501199
0.449847
0.460287
0.412847
0.450940
0.461556
0.315399
0.424675
0.402103
0.383026
0.282843
0.327786
0.343531
0.313378
0.298018
0.248192
0.316712
0.384537
0.293375
0.299008
0.327966
0.363464
0.338168
0.449677
0.383614
0.305624
0.321149
0.355834
0.426265
0.443631
0.306446
0.331075
0.308424
0.304764
0.324085
0.389719
0.339885
0.332274
0.417528
0.430092
0.356661
0.393984
0.347698
0.388087
0.419181
0.456659
0.411391
0.427560
0.369842
0.421595
0.449013
0.413755
0.323342
0.387057
0.464459
0.398395
0.427797
0.354487
0.343990
0.371929
0.391020
0.382778
0.458872
0.455886
0.411301
0.381409
0.400494
0.442076
0.439901
0.378882
0.359026
0.419546
0.380390
0.354053
0.318080
0.282513
0.269573
0.245693
0.228088
0.351629
0.245935
0.213386
0.139317
0.172856
0.165095
0.172521
0.104866
0.155671
0.263973
0.174144
0.087025
0.125443
0.133991
0.108491
0.197968
0.256526
0.179373
0.103383
0.215562
0.276268
0.213425
0.198457
0.195718
0.214054
0.253313
0.246073
0.205096
0.144014
0.271119
0.231422
0.233040
0.273273
0.269573
0.193696
0.299973
0.307631
0.331951
0.204229
0.248176
0.284037
0.341895
0.259775
0.209807
0.257063
0.286651
0.274355
0.314306
0.294191
0.291808
0.154451
0.214952
0.279792
0.278173
0.271300
0.230055
0.266045
0.312224
0.258649
0.147028
0.265182
0.168359
0.233688
0.213586
0.165739
0.231804
0.192236
0.257614
0.160555
0.214859
0.307749
0.335145
0.344053
0.332721
0.254629
0.234374
0.318170
0.237229
0.273007
0.227373
0.249036
0.247977
0.149556
0.215835
0.237823
0.201522
0.146218
0.298379
0.266857
0.339640
0.178398
0.173532
0.106813
0.131819
0.126751
0.184840
0.039867
-0.030256
-0.003094
0.070542
-0.075891
-0.069092
-0.038213
-0.001528
0.038668
0.044079
0.046802
0.021583
0.057061
0.021570
0.226867
0.096251
-0.013209
-0.075988
-0.007228
0.023577
0.017353
-0.102905
-0.099760
-0.249865
-0.182867
-0.118643
-0.120297
-0.206393
-0.252164
-0.100885
-0.175067
-0.188695
-0.137042
-0.143303
-0.143440
-0.164031
-0.153763
-0.198500
-0.121895
-0.314853
-0.201854
-0.304512
-0.237402
-0.250399
-0.236359
-0.230161
-0.343600
-0.315309
-0.261132
-0.153468
-0.306998
-0.418191
-0.358647
-0.333086
-0.304030
-0.406940
-0.381312
-0.371303
-0.391066
-0.384365
-0.279659
-0.319063
-0.338068
-0.359051
-0.205297
-0.209112
-0.215583
-0.269368
-0.277432
-0.269415
-0.294781
-0.312464
-0.223552
-0.355817
-0.298159
-0.325184
-0.205729
-0.305187
-0.337817
-0.415785
-0.439877
-0.377419
-0.364330
-0.364300
-0.484914
-0.517681
-0.434640
-0.431561
-0.483479
-0.599686
-0.474210
-0.570653
-0.547235
-0.545760
-0.617821
-0.635300
-0.670863
-0.605855
-0.596915
-0.548053
-0.599642
-0.574291
-0.615140
-0.600756
-0.538698
-0.513259
-0.671805
-0.580488
-0.528504
-0.514024
-0.490367
-0.480994
-0.458372
-0.450088
-0.375675
-0.328217
-0.430225
-0.462930
-0.376293
-0.423022
-0.450732
-0.491964
-0.374504
-0.565215
-0.650608
-0.655915
-0.532523
-0.568590
-0.603244
-0.671969
-0.605521
-0.595865
-0.577165
-0.587233
-0.566995
-0.563315
-0.569569
-0.520463
-0.536952
-0.550467
-0.614391
-0.600852
-0.543910
-0.473567
-0.593458
-0.557658
-0.633522
-0.480609
-0.429387
-0.465304
-0.566238
-0.507048
-0.519065
-0.375156
-0.392091
-0.409938
-0.514911
-0.503140
-0.376836
-0.480091
-0.453745
-0.455386
-0.434234
-0.521242
-0.450552
-0.335964
-0.456871
-0.491682
-0.457138
-0.334871
-0.377313
-0.360454
-0.509722
-0.454132
-0.408553
-0.275129
-0.342844
-0.443152
-0.443378
-0.390555
-0.397076
-0.349642
-0.514496
-0.383596
-0.485694
-0.388207
-0.342901
-0.287474
-0.489348
-0.408884
-0.356514
-0.302257
-0.371159
-0.462059
-0.378177
-0.277931
-0.336397
-0.302891
-0.366330
-0.418823
-0.360318
-0.269365
-0.309080
-0.297430
-0.388554
-0.304697
-0.246136
-0.227809
-0.265360
-0.399045
-0.431426
-0.369838
-0.296330
-0.361259
-0.303169
-0.303319
-0.307369
-0.430458
-0.265988
-0.324490
-0.235953
-0.358908
-0.196772
-0.303105
-0.217428
-0.396710
-0.309484
-0.287717
-0.256870
-0.305546
-0.221320
-0.255929
-0.241077
-0.329531
-0.275374
-0.200614
-0.217658
-0.326438
-0.250897
-0.224035
-0.266422
-0.262924
-0.198444
-0.254973
-0.213105
-0.240737
-0.189265
-0.163672
-0.264894
-0.213961
-0.227465
-0.177184
-0.237905
-0.169158
-0.170679
-0.205236
-0.249796
-0.200865
-0.240122
-0.154397
-0.319600
-0.176011
-0.250560
-0.198337
-0.323607
-0.241869
-0.266284
-0.240076
-0.316317
-0.265035
-0.229986
-0.300415
-0.341576
-0.267995
-0.304880
-0.300069
-0.359691
-0.300891
-0.358294
-0.246602
-0.383476
-0.357628
-0.367899
-0.376575
-0.385037
-0.275786
-0.318426
-0.431546
-0.423954
-0.398374
-0.306116
-0.394561
-0.441512
-0.446748
-0.398439
-0.458182
-0.372756
-0.476931
-0.424286
-0.498535
-0.450422
-0.511388
-0.380227
-0.525843
-0.487819
-0.458492
-0.470043
-0.547365
-0.493420
-0.584968
-0.473688
-0.473277
-0.469161
-0.544984
-0.532729
-0.466590
-0.506520
-0.547737
-0.587354
-0.473947
-0.574648
-0.461398
-0.502700
-0.513753
-0.599005
-0.544710
-0.456625
-0.460427
-0.550683
-0.618660
-0.616695
-0.522138
-0.543935
-0.531242
-0.651043
-0.606964
-0.583970
-0.602265
-0.560235
-0.596838
-0.628847
-0.611226
-0.528302
-0.592085
-0.547063
-0.646510
-0.523126
-0.544019
-0.560380
-0.590944
-0.515170
-0.548340
-0.577355
-0.524460
-0.537490
-0.556854
-0.551501
-0.533527
-0.593695
-0.528489
-0.501862
-0.523642
-0.568829
-0.470118
-0.478787
-0.570679
-0.574457
-0.394869
-0.456608
-0.557047
-0.507765
-0.480583
-0.446075
-0.541438
-0.526265
-0.446683
-0.459169
-0.502298
-0.439481
-0.390401
-0.522162
-0.512546
-0.387164
-0.428228
-0.473615
-0.412736
-0.450262
-0.434775
-0.444622
-0.466780
-0.443562
-0.448721
-0.400390
-0.379145
-0.494348
-0.410571
-0.409862
-0.374256
-0.398764
-0.380951
-0.391769
-0.424620
-0.302363
-0.415949
-0.401267
-0.376310
-0.264699
-0.354215
-0.376329
-0.333122
-0.360372
-0.318835
-0.353402
-0.293374
-0.367265
-0.297118
-0.289606
-0.245502
-0.348492
-0.297385
-0.293659
-0.276195
-0.289478
-0.247167
-0.356850
-0.290004
-0.224835
-0.240943
-0.333792
-0.218252
-0.243902
-0.291031
-0.290309
-0.276066
-0.241693
-0.265780
-0.296232
-0.258982
-0.208342
-0.324828
-0.335305
-0.274893
-0.226858
-0.292233
-0.210248
-0.307349
-0.265049
-0.369667
-0.197213
-0.262688
-0.261142
-0.348052
-0.252276
-0.267644
-0.238676
-0.293693
-0.253782
-0.325532
-0.226401
-0.302675
-0.283488
-0.279713
-0.300526
-0.287194
-0.197729
-0.344017
-0.291159
-0.251717
-0.298497
-0.259763
-0.248153
-0.336419
-0.357986
-0.215615
-0.256041
-0.297479
-0.253067
-0.335188
-0.326811
-0.237937
-0.269428
-0.318354
-0.323735
-0.300375
-0.284196
-0.248293
-0.313767
-0.309309
-0.378796
-0.263144
-0.252609
-0.247824
-0.425785
-0.340976
-0.286692
-0.293029
-0.286342
-0.355742
-0.329194
-0.333187
-0.303113
-0.217713
-0.323234
-0.324434
-0.322061
-0.279619
-0.313605
-0.250026
-0.327846
-0.283775
-0.406549
-0.250388
-0.289396
-0.323599
-0.324813
-0.357384
-0.298153
-0.272265
-0.320491
-0.382053
-0.274089
-0.330669
-0.330517
-0.372416
-0.309977
-0.301028
-0.367778
-0.366673
-0.320083
-0.304913
-0.411797
-0.354717
-0.347460
-0.373774
-0.361969
-0.344505
-0.329963
-0.319071
-0.365585
-0.378963
-0.353642
-0.277806
-0.381096
-0.399870
-0.320596
-0.328656
-0.331653
-0.376377
-0.337392
-0.333392
-0.369456
-0.379202
-0.300283
-0.313836
-0.287632
-0.400534
-0.340813
-0.284434
-0.375983
-0.334085
-0.375679
-0.306928
-0.283817
-0.305865
-0.358087
-0.318672
-0.364153
-0.397763
-0.271749
-0.364243
-0.368209
-0.324550
-0.314947
-0.352644
-0.319207
-0.319246
-0.354969
-0.322393
-0.328684
-0.368687
-0.270207
-0.366157
-0.340605
-0.324996
-0.292155
-0.328466
-0.324088
-0.350510
-0.346024
-0.320310
-0.287255
-0.336073
-0.293903
-0.319637
-0.306708
-0.365568
-0.309908
-0.346776
-0.296259
-0.353217
-0.333332
-0.295801
-0.320156
-0.290224
-0.341054
-0.388165
-0.321955
-0.259302
-0.320780
-0.327934
-0.329811
-0.310423
-0.302672
-0.297186
-0.306545
-0.384396
-0.303624
-0.284765
-0.289898
-0.392265
-0.269017
-0.315889
-0.310806
-0.311226
-0.259393
-0.286269
-0.289753
-0.269881
-0.325231
-0.234208
-0.299859
-0.286237
-0.319082
-0.282529
-0.270686
-0.271883
-0.311101
-0.302764
-0.211791
-0.323924
-0.253515
-0.290053
-0.259691
-0.305956
-0.262038
-0.258925
-0.259837
-0.296573
-0.252843
-0.335643
-0.247208
-0.315362
-0.224520
-0.320565
-0.230351
-0.268388
-0.240280
-0.374677
-0.250357
-0.254642
-0.288177
-0.258727
-0.235678
-0.274653
-0.232366
-0.261822
-0.242745
-0.223882
-0.170972
-0.138025
-0.279012
-0.226626
-0.111261
-0.142859
-0.273745
-0.181650
-0.088245
-0.143204
-0.247824
-0.165163
-0.176542
-0.194193
-0.238338
-0.121304
-0.152016
-0.176894
-0.258239
-0.216831
-0.238510
-0.178236
-0.226203
-0.274553
-0.159229
-0.182516
-0.302643
-0.185075
-0.256420
-0.293344
-0.313166
-0.192573
-0.166494
-0.320141
-0.267780
-0.276837
-0.209573
-0.210161
-0.278074
-0.253473
-0.257381
-0.186409
-0.320059
-0.219752
-0.239853
-0.213528
-0.209334
-0.098118
-0.168224
-0.159635
-0.175438
-0.087435
-0.026938
-0.066041
-0.130931
-0.012462
-0.042143
-0.017889
-0.085673
-0.065598
-0.019840
-0.031626
-0.073910
0.009607
0.006006
-0.075840
-0.104029
-0.045876
-0.032431
-0.047011
-0.105048
-0.080375
-0.056904
-0.153310
-0.180262
-0.135291
-0.182254
-0.190751
-0.172335
-0.100256
-0.225089
-0.166844
-0.242787
-0.184312
-0.190137
-0.250262
-0.216358
-0.244278
-0.244661
-0.229291
-0.164307
-0.214763
-0.267738
-0.252545
-0.302686
-0.159549
-0.221101
-0.219127
-0.203998
-0.241552
-0.185310
-0.168050
-0.123894
-0.256315
-0.178412
-0.098609
-0.108078
-0.108226
-0.109271
-0.098595
-0.104411
-0.069555
-0.087281
-0.066145
-0.176215
-0.083017
-0.106761
-0.165178
-0.178700
-0.088594
-0.114895
-0.182535
-0.183773
-0.105107
-0.180598
-0.230209
-0.201006
-0.151637
-0.146490
-0.274215
-0.202078
-0.203656
-0.221022
-0.232488
-0.235050
-0.171233
-0.183440
-0.225003
-0.226484
-0.192698
-0.277743
-0.207416
-0.216768
-0.150626
-0.229131
-0.169483
-0.210923
-0.175759
-0.171329
-0.190435
-0.244448
-0.098810
-0.170974
-0.223097
-0.115766
-0.105697
-0.277076
-0.162672
-0.176861
-0.179034
-0.161641
-0.162389
-0.227520
-0.164152
-0.063028
-0.223039
-0.224747
-0.179056
-0.158123
-0.157748
-0.205703
-0.138025
-0.139528
-0.245367
-0.166882
-0.125461
-0.148829
-0.219127
-0.168261
-0.165303
-0.190909
-0.155395
-0.092993
-0.174207
-0.193534
-0.156501
-0.116936
-0.156506
-0.185720
-0.117947
-0.090734
-0.161175
-0.125324
-0.132029
-0.072820
-0.198694
-0.156530
-0.127943
-0.020825
-0.139657
-0.110163
-0.072162
-0.104242
-0.135244
-0.122403
-0.096712
-0.198061
-0.003229
-0.054456
-0.094876
-0.144081
-0.114917
-0.157833
-0.082008
-0.135549
-0.092454
-0.103276
-0.110378
-0.088334
-0.053834
-0.084151
-0.150280
-0.104587
-0.037794
-0.101779
-0.083392
-0.066340
-0.033294
-0.137904
-0.098355
-0.083832
-0.065068
-0.135913
-0.089186
-0.065206
-0.053615
-0.060354
-0.093727
-0.080440
-0.003256
-0.114097
-0.037192
-0.130202
-0.031069
-0.089323
-0.071412
-0.110842
-0.021066
-0.104081
-0.101481
-0.098324
-0.055749
-0.052882
-0.043653
-0.073976
-0.127620
-0.048160
-0.041078
-0.076716
-0.057936
-0.061875
-0.103428
-0.063821
-0.000932
-0.021917
-0.014029
-0.114765
-0.051592
-0.056816
0.026081
-0.129585
0.014063
-0.025828
-0.002524
-0.146216
-0.004906
-0.001426
-0.058424
-0.099739
-0.006461
-0.043284
-0.081051
-0.122181
-0.025164
-0.056813
-0.006744
-0.124295
-0.097025
-0.031531
-0.105665
-0.086108
0.001626
-0.019183
-0.130152
-0.111581
-0.046032
0.003866
-0.112030
-0.095721
-0.102877
0.005416
-0.050000
-0.048089
-0.087931
-0.031869
-0.129900
-0.043141
-0.028786
0.006522
-0.052065
-0.027152
-0.035233
-0.021195
-0.032055
-0.079821
-0.020746
-0.055239
0.039253
-0.058038
-0.067201
-0.041753
0.006729
-0.057602
-0.013342
-0.049177
0.035529
-0.068782
0.004139
-0.010164
0.014507
-0.100788
-0.101147
0.049376
-0.085884
-0.018321
-0.069987
-0.062717
-0.103526
-0.070109
-0.054379
-0.073184
-0.038773
-0.141425
-0.060353
-0.040360
-0.087235
-0.165003
-0.062862
-0.098729
-0.063648
-0.090498
-0.161692
-0.098304
-0.105952
-0.195164
-0.172081
-0.156584
-0.156737
-0.170112
-0.138918
-0.160442
-0.120315
-0.127510
-0.185078
-0.164091
-0.112447
-0.106676
-0.134784
-0.097005
-0.190835
-0.062988
-0.134009
-0.102352
-0.191937
-0.132941
-0.173360
-0.029438
-0.130548
-0.234484
-0.152159
0.021437
-0.089596
-0.146696
-0.082524
-0.026756
-0.114145
-0.081256
-0.047598
-0.065433
-0.065362
-0.093354
-0.063113
-0.148870
-0.073841
-0.063540
-0.031139
-0.155730
-0.001595
-0.064759
-0.012463
-0.085072
0.013695
-0.009479
-0.062222
-0.037057
0.022131
0.027908
-0.008687
-0.055978
-0.007493
0.047854
0.040201
0.037041
0.085863
0.015062
0.082230
0.108649
0.033786
0.071115
0.151497
0.052512
0.145151
0.085363
0.148944
0.100545
0.073315
0.200689
0.113299
0.066966
0.054630
0.200407
0.125549
0.092290
0.100210
0.111206
0.144472
0.101357
0.143864
0.050277
0.081127
0.122085
0.177001
0.056693
0.082924
0.141415
0.080460
0.117801
0.092361
0.156245
0.095771
0.133458
0.124841
0.097300
0.127888
0.050259
0.090561
0.002606
0.055480
0.012104
0.068385
0.039483
0.003975
0.026229
0.028759
0.071835
0.139741
0.110074
0.156794
0.061026
0.083014
0.097748
0.085012
0.032644
0.046499
0.035425
-0.036480
-0.049814
0.028244
-0.052311
-0.043004
-0.011039
-0.034195
-0.008531
-0.029376
-0.002858
0.020511
0.014341
-0.052290
-0.027528
0.010030
-0.108251
-0.057634
-0.098570
-0.088679
-0.089056
-0.112085
-0.066310
-0.053197
-0.087631
-0.024817
0.052106
-0.044724
-0.033837
0.006799
0.050998
-0.079020
-0.037239
-0.042907
0.053381
-0.042071
-0.059767
0.012205
0.025223
-0.045743
0.035610
0.141955
0.064089
0.002103
0.060307
0.107651
0.103576
0.014091
0.031920
0.155901
0.103785
0.008853
0.105688
0.107410
0.052615
0.053716
0.152101
0.102592
0.119790
0.044279
0.188151
0.154906
0.101532
0.089059
0.123011
0.069521
0.105006
0.114391
0.176060
0.072830
0.090929
0.071128
0.186979
0.122233
0.147885
0.172744
0.110662
0.067962
0.100194
0.147255
0.156347
0.090800
0.135026
0.191620
0.217090
0.031796
0.217776
0.258329
0.264487
0.121051
0.312332
0.236405
0.288665
0.172322
0.341193
0.244238
0.246792
0.284628
0.412061
0.256004
0.328794
0.322356
0.387594
0.287572
0.303460
0.332861
0.389607
0.341810
0.369701
0.356273
0.356005
0.286861
0.304766
0.370225
0.378355
0.298472
0.300907
0.322402
0.393963
0.321914
0.336823
0.317480
0.285081
0.262482
0.275497
0.421515
0.335370
0.242831
0.185865
0.159934
0.195200
0.078000
0.107496
0.119105
0.135909
0.108436
0.092268
0.122632
0.138431
0.217052
0.115584
0.133735
0.264642
0.292937
0.157873
0.265214
0.199381
0.165102
0.084350
0.146671
0.142588
0.159011
0.022835
0.007402
0.066571
0.118180
0.105304
0.104865
0.130527
0.170348
0.141701
0.203620
0.336632
0.396630
0.232316
0.230338
0.190759
0.291979
0.233474
0.229205
0.207747
0.300533
0.236127
0.326086
0.235200
0.236400
0.269333
0.499704
0.469101
0.480000
0.475073
0.480697
0.572445
0.591687
0.660251
0.583869
0.544191
0.544036
0.691279
0.677053
0.597085
0.562560
0.549232
0.586420
0.647878
0.587841
0.625404
0.622063
0.615496
0.514823
0.632286
0.515320
0.491314
0.524548
0.533236
0.541823
0.589671
0.628201
0.571644
0.490069
0.589538
0.736509
0.719267
0.563170
0.657982
0.666330
0.575853
0.563185
0.593763
0.521184
0.530709
0.487102
0.581928
0.536958
0.562864
0.476516
0.581738
0.605711
0.540550
0.614947
0.572531
0.513977
0.535109
0.508693
0.484427
0.457456
0.561045
0.475783
0.434171
0.487025
0.463273
0.396201
0.449915
0.422218
0.413059
0.383185
0.355515
0.384141
0.323868
0.413759
0.218638
0.270463
0.235449
0.393969
0.306626
0.284006
0.188479
0.258003
0.198941
0.273699
0.302432
0.251779
0.233972
0.175405
0.102006
0.192219
0.187884
0.118884
0.048152
0.023268
0.107847
0.132298
0.123838
0.008739
0.089423
0.167721
0.124498
0.151524
0.091293
0.034932
0.031064
0.065241
0.114975
0.062430
-0.059422
-0.116056
-0.007654
-0.093808
-0.095825
-0.191045
-0.126507
-0.224909
-0.007928
0.016869
-0.098785
-0.228840
-0.108683
-0.139998
0.002750
-0.121938
-0.043612
-0.236143
-0.148770
-0.198995
-0.142893
-0.285911
-0.281951
-0.391259
-0.259979
-0.128204
-0.155603
-0.357191
-0.337602
-0.255704
-0.234870
-0.222073
-0.286126
-0.290722
-0.437723
-0.332107
-0.377260
-0.378327
-0.526989
-0.545860
-0.477740
-0.460168
-0.484614
-0.583347
-0.501013
-0.512667
-0.482020
-0.485995
-0.394384
-0.508483
-0.516939
-0.521471
-0.383335
-0.544267
-0.577358
-0.594898
-0.526100
-0.636168
-0.649395
-0.707803
-0.747555
-0.792561
-0.684131
-0.730923
-0.792157
-0.847119
-0.832819
-0.870114
-0.794700
-0.874906
-0.892998
-0.960558
-0.934787
-1.036471
-0.956984
-1.021020
-1.156827
-1.175057
-1.168454
-1.116839
-1.172693
-1.194105
-1.265492
-1.228085
-1.214428
-1.169809
-1.274380
-1.265462
-1.244423
-1.388870
-1.315465
-1.333775
-1.390747
-1.551435
-1.503397
-1.510737
-1.553122
-1.618641
-1.625724
-1.634837
-1.672823
-1.699424
-1.638297
-1.670927
-1.654701
-1.693270
-1.748330
-1.771707
-1.802239
-1.809523
-1.784871
-1.785041
-1.861760
-1.911386
-1.908687
-1.963379
-1.891135
-1.852795
-1.842566
-1.885683
-1.906718
-1.897625
-1.832292
-1.860704
-1.963656
-1.944981
-1.909118
-1.902044
-1.897711
-1.964971
-1.988727
-1.935734
-1.977306
-1.890612
-1.921680
-1.926306
-1.956161
-1.954402
-1.841457
-1.820257
-1.919738
-1.932498
-1.935452
-1.902822
-1.780713
-1.846679
-1.952154
-1.927822
-1.925699
-1.881848
-1.898968
-1.941099
-2.033960
-2.037697
-2.095384
-1.987343
-2.091755
-2.172461
-2.236665
-2.248525
-2.115431
-2.174069
-2.201585
-2.294631
-2.261011
-2.281419
-2.202119
-2.390315
-2.455747
-2.586842
-2.470393
-2.602381
-2.636605
-2.748341
-2.774328
-2.949287
-2.841804
-2.880768
-3.016238
-3.082166
-3.100314
-3.157147
-3.166311
-3.197315
-3.323632
-3.391754
-3.456960
-3.602564
-3.661457
-3.809868
-3.926489
-4.073898
-4.160689
-4.233600
-4.322869
-4.501638
-4.719807
-4.786571
-4.906357
-4.931046
-5.027475
-5.137781
-5.287312
-5.325194
-5.416827
-5.410703
-5.587615
-5.591918
-5.784695
-5.746687
-5.788621
-5.834761
-5.944876
-6.129396
-6.122859
-6.135897
-6.330614
-6.382081
-6.503001
-6.571599
-6.707908
-6.641991
-6.756346
-6.731510
-6.896925
-6.924468
-6.997378
-6.968404
-7.166340
-7.234799
-7.335692
-7.366719
-7.514390
-7.666501
-7.669991
-7.756114
-7.867727
-8.026942
-8.058239
-8.163875
-8.285268
-8.343639
-8.453918
-8.597754
-8.561094
-8.684180
-8.887350
-8.937798
-9.062474
-9.307290
-9.504292
-9.498908
-9.567056
-9.851710
-10.022901
-10.045543
-10.184947
-10.269467
-10.257843
-10.374609
-10.382704
-10.631125
-10.746941
-10.859284
-11.103793
-11.257901
-11.529601
-11.580859
-11.915114
-12.218943
-12.317807
-12.605758
-12.793704
-12.970603
-13.213197
-13.174523
-13.328362
-13.540773
-13.782097
-13.944623
-14.106356
-14.277469
-14.436911
-14.715463
-14.872372
-15.155407
-15.370680
-15.657957
-15.882069
-16.110994
-16.310825
-16.575441
-16.590830
-16.899363
-17.075287
-17.367136
-17.502205
-17.713522
-17.810167
-18.056196
-18.299595
-18.503567
-18.744410
-19.093298
-19.238235
-19.431656
-19.739508
-20.033173
-20.117851
-20.201969
-20.615128
-20.817804
-20.961533
-21.197855
-21.370413
-21.557487
-21.643579
-21.853067
-22.059162
-22.346453
-22.515825
-22.771610
-23.083120
-23.253584
-23.598743
-23.785805
-23.969875
-24.140339
-24.435640
-24.693228
-24.934919
-25.154041
-25.235458
-25.418276
-25.622417
-26.059875
-26.273451
-26.525595
-26.795269
-27.135000
-27.515432
-27.830940
-28.056961
-28.509014
-28.820377
-29.084433
-29.513830
-29.811462
-29.997219
-30.229078
-30.473053
-30.627359
-30.789848
-31.298626
-31.557705
-31.557961
-31.779663
-32.226261
-32.479733
-32.716202
-32.884220
-33.055195
-33.329315
-33.831310
-34.297436
-34.401653
-34.607258
-34.702072
-34.915520
-35.225861
-35.526623
-35.478733
-35.593571
-35.693851
-35.731625
-35.915989
-35.873344
-36.019165
-36.288498
-36.538742
-36.558208
-36.843330
-36.912243
-36.921223
-37.332661
-37.659225
-37.709240
-37.880161
-38.161682
-38.235638
-38.190868
-38.368389
-38.577385
-39.004803
-39.160397
-39.304131
-39.474392
-39.827057
-39.993046
-39.998478
-40.024658
-40.181282
-40.446491
-40.665707
-40.832844
-40.751366
-40.781929
-40.766361
-41.008488
-41.110138
-41.389568
-41.505806
-41.563610
-41.839005
-42.068253
-41.842316
-41.819401
-42.006290
-42.178089
-42.533077
-42.708042
-42.658340
-42.883213
-43.055508
-43.280212
-43.398041
-43.396805
-43.631611
-43.912910
-44.014206
-44.246601
-44.750118
-44.672256
-44.534542
-44.538876
-44.769096
-44.957634
-45.415173
-45.418884
-45.562660
-45.394608
-45.008957
-45.331944
-45.837036
-45.786285
-45.857235
-46.101665
-45.990040
-46.075191
-46.140408
-46.332428
-46.660393
-46.635471
-46.572598
-46.608765
-46.905487
-46.974407
-47.181774
-47.082035
-47.088871
-47.325592
-47.413498
-47.492870
-47.771019
-48.050877
-47.833221
-47.929596
-48.219963
-48.182449
-48.243282
-48.309395
-48.457264
-48.511646
-48.796463
-48.672462
-48.789024
-48.783520
-48.801006
-48.910683
-49.202827
-49.462368
-49.587677
-49.571617
-49.572422
-49.853691
-49.801254
-49.793369
-49.957710
-50.033497
-50.231262
-50.262424
-50.507244
-50.565353
-50.822456
-50.987743
-51.022705
-51.496658
-51.810295
-51.990505
-51.955471
-52.258938
-52.377674
-52.344620
-52.944836
-53.084621
-53.063938
-53.264709
-53.610958
-53.504063
-53.216984
-53.416206
-53.544952
-53.997128
-54.099865
-54.505581
-54.617500
-54.622334
-54.736954
-54.777031
-55.116459
-54.948349
-54.977291
-54.898785
-55.012684
-54.746216
-54.513367
-54.542011
-54.633957
-54.771080
-54.968342
-55.284714
-55.324265
-55.374191
-55.398346
-55.534103
-55.555603
-55.630859
-55.951000
-55.965958
-56.227749
-56.340607
-56.359631
-55.993027
-56.042648
-56.202915
-56.357792
-56.496098
-56.814262
-56.880104
-56.840973
-56.747227
-56.838299
-56.747555
-56.828926
-56.857075
-57.105480
-57.381897
-57.463276
-57.375561
-57.119034
-57.374485
-57.431911
-57.514107
-57.601322
-57.654484
-57.950935
-57.924458
-58.005409
-57.914745
-57.932068
-58.156788
-58.113403
-58.287216
-58.387856
-58.610363
-58.713242
-58.730671
-58.865440
-58.973743
-59.133663
-59.170753
-59.318043
-59.490303
-59.559982
-59.643314
-59.830746
-60.018150
-60.050934
-60.181946
-60.448753
-60.425507
-60.604458
-60.738445
-60.940384
-61.063320
-61.304680
-61.380005
-61.534794
-61.735195
-61.776737
-62.008949
-62.176392
-62.279095
-62.342972
-62.651440
-62.818409
-62.937321
-63.058514
-63.299625
-63.464401
-63.592396
-63.677025
-63.919518
-64.068420
-64.186859
-64.232285
-64.484642
-64.543716
-64.478966
-64.651375
-64.844551
-64.800591
-64.802834
-64.977638
-65.096474
-65.100769
-65.114990
-65.247658
-65.407486
-65.438210
-65.427437
-65.505630
-65.705055
-65.724510
-65.744759
-65.767311
-65.908112
-65.895798
-65.899307
-65.924263
-66.172401
-66.038162
-66.084457
-66.207474
-66.305878
-66.306129
-66.354706
-66.444397
-66.454773
-66.561935
-66.624161
-66.578102
-66.748901
-66.659210
-66.727646
-66.719086
-66.735931
-66.644180
-66.849258
-66.800171
-66.682350
-66.865150
-66.859322
-66.809212
-66.805115
-67.034828
-66.999474
-66.989525
-67.156143
-67.065277
-67.293015
-67.242912
-67.241631
-67.450127
-67.636169
-67.626709
-67.534500
-67.480026
-67.447906
-67.633659
-67.573746
-67.318878
-67.343605
-67.401100
-67.408974
-67.380852
-67.310867
-67.040085
-67.133392
-67.121101
-67.218704
-67.166954
-67.082642
-66.969101
-66.959412
-66.926262
-66.843582
-66.709335
-66.926689
-66.729286
-66.650154
-66.511040
-66.540146
-66.381477
-66.285248
-66.239861
-66.064507
-66.073242
-65.838722
-65.830986
-65.820862
-65.794662
-65.486618
-65.461868
-65.404579
-65.235992
-65.265892
-65.149925
-65.109161
-64.811630
-64.680595
-64.652702
-64.530884
-64.365089
-64.091866
-64.125381
-63.981552
-63.793278
-63.723953
-63.681870
-63.688366
-63.382374
-63.395950
-63.424637
-63.309002
-63.204304
-63.080906
-63.126778
-62.945438
-62.805847
-62.792404
-62.748169
-62.590485
-62.362278
-62.484703
-62.408428
-62.092098
-62.207893
-62.201351
-62.098461
-61.916897
-62.009239
-61.868435
-61.678623
-61.812515
-61.573059
-61.689327
-61.649734
-61.531891
-61.372738
-61.540054
-61.529949
-61.321774
-61.388031
-61.147610
-61.201244
-61.330204
-61.339176
-61.222099
-61.130608
-61.099716
-61.032654
-60.999710
-60.938702
-60.864178
-60.843224
-60.764023
-60.796509
-60.757050
-60.641777
-60.485592
-60.511047
-60.622410
-60.434963
-60.411366
-60.288975
-60.281933
-60.198040
-59.955868
-59.929218
-60.115913
-60.028965
-59.870407
-59.902897
-60.018707
-59.763462
-59.554161
-59.522263
-59.952854
-59.886604
-59.529675
-59.678856
-59.587776
-59.615543
-59.431423
-59.432381
-59.496181
-59.485653
-59.419296
-59.478157
-59.649200
-59.525677
-59.426281
-59.405228
-59.558823
-59.647427
-59.523380
-59.588718
-59.763645
-59.499233
-59.474251
-59.462456
-59.488731
-59.294571
-59.366196
-59.346977
-59.339787
-59.190506
-59.369141
-59.194855
-59.224373
-59.174198
-59.180920
-59.142918
-59.298492
-59.313545
-59.227757
-59.156990
-59.193237
-59.196964
-59.086765
-59.167778
-59.199837
-59.152683
-59.045895
-59.028336
-59.139473
-58.944992
-58.909069
-58.833984
-58.919434
-58.849926
-58.746498
-58.812187
-58.757725
-58.594166
-58.477890
-58.490707
-58.543903
-58.479950
-58.260334
-58.315159
-58.303253
-58.238991
-58.108807
-58.154083
-58.038586
-58.071178
-57.948986
-57.980721
-57.875389
-57.811600
-57.731422
-57.664555
-57.662758
-57.622166
-57.456932
-57.369862
-57.544220
-57.338642
-57.157379
-57.121960
-57.067333
-57.064613
-56.931973
-56.909103
-56.840767
-56.627972
-56.504974
-56.546570
-56.557194
-56.285851
-56.341522
-56.252689
-56.281509
-56.220528
-56.055885
-55.972569
-56.038273
-56.090405
-55.983845
-56.002426
-55.901844
-55.861542
-55.914394
-55.770069
-55.783367
-55.659912
-55.688580
-55.614162
-55.570496
-55.621536
-55.493523
-55.436993
-55.415852
-55.486000
-55.455990
-55.411007
-55.408062
-55.395924
-55.269550
-55.216690
-55.251770
-55.110313
-55.036427
-54.998966
-55.009808
-55.043129
-54.783806
-54.727291
-54.764687
-54.878357
-54.649529
-54.733932
-54.785194
-54.789955
-54.838856
-54.765991
-54.743855
-54.684658
-54.686787
-54.717392
-54.758659
-54.611412
-54.679646
-54.595535
-54.670727
-54.725582
-54.580700
-54.660038
-54.603214
-54.762928
-54.747730
-54.591908
-54.749729
-54.959866
-54.847015
-54.623291
-54.873192
-54.887959
-54.897194
-54.851707
-55.068626
-55.128220
-55.044861
-55.154667
-55.128826
-55.180317
-55.227901
-55.152546
-55.260498
-55.187397
-55.315067
-55.158070
-55.285316
-55.352642
-55.314419
-55.279682
-55.255840
-55.337326
-55.409252
-55.474045
-55.329304
-55.288181
-55.379116
-55.385593
-55.369625
-55.266357
-55.258293
-55.300816
-55.312962
-55.324871
-55.240158
-55.279274
-55.177265
-55.325523
-55.318218
-55.273842
-55.139160
-55.224419
-55.305828
-55.342987
-55.072575
-55.138100
-55.092815
-54.933804
-54.883121
-54.867184
-54.850910
-54.630409
-54.647053
-54.556370
-54.520004
-54.424725
-54.384342
-54.366245
-54.301525
-54.327011
-54.222370
-54.193226
-54.282555
-54.190273
-54.336475
-54.209549
-54.135010
-54.237148
-54.392357
-54.338848
-54.201672
-54.055351
-54.220242
-54.265770
-54.204773
-54.314049
-54.191784
-53.846100
-53.797588
-54.201054
-54.117500
-54.161549
-53.845840
-54.010128
-53.968796
-54.125370
-54.163124
-54.302189
-54.431725
-54.459904
-54.363232
-54.676861
-54.636059
-54.464062
-54.352253
-54.542957
-54.613895
-54.716076
-54.537537
-54.566170
-54.765404
-54.510525
-54.497120
-54.592052
-55.007889
-55.134930
-55.181122
-54.894695
-54.455875
-54.685726
-54.883621
-55.116638
-54.873825
-54.617886
-54.551132
-54.706570
-54.745514
-54.547073
-54.537113
-54.595730
-54.642433
-54.790329
-54.939732
-54.785446
-54.498680
-54.636417
-54.886963
-54.801956
-54.757908
-54.591175
-54.653713
-54.732677
-54.636211
-54.848694
-54.674637
-54.590103
-54.621323
-54.780403
-54.806694
-54.801472
-54.481949
-54.448402
-54.816582
-54.667812
-54.492420
-54.500359
-54.676735
-54.685326
-54.663296
-54.700092
-54.898678
-54.963287
-54.891926
-55.028133
-55.248219
-54.986717
-54.706249
-55.046570
-55.076576
-54.877495
-54.892582
-55.228378
-55.361969
-55.554283
-55.591301
-55.691269
-55.432228
-55.479374
-55.700798
-55.905731
-56.115673
-55.883873
-55.837994
-55.603661
-55.119247
-54.736713
-54.752403
-54.982250
-55.266178
-54.953461
-54.653259
-54.516190
-54.401131
-54.230652
-54.387287
-54.218452
-54.065796
-54.211876
-53.976093
-53.716541
-53.403152
-52.943142
-52.499557
-52.476978
-52.500717
-52.554146
-52.362095
-51.911522
-51.825832
-51.557034
-51.472458
-51.619995
-51.853024
-52.152065
-51.933140
-51.853146
-51.701481
-51.865997
-51.788086
-51.613777
-51.999695
-52.131516
-52.112595
-51.831802
-51.874706
-51.856716
-51.977001
-51.612885
-51.495304
-51.546944
-51.354496
-51.129818
-50.796036
-50.764217
-50.480316
-50.209953
-50.304790
-50.360195
-50.467915
-50.365021
-50.363850
-50.095257
-50.025459
-50.391018
-50.815289
-50.946880
-50.674656
-50.738773
-50.896793
-50.966560
-51.107578
-51.052948
-50.904305
-50.958450
-51.100433
-51.122009
-50.864475
-50.536312
-50.019711
-50.271271
-50.608849
-50.584293
-50.020393
-49.584431
-49.717850
-50.038082
-50.302143
-49.892860
-50.101555
-50.198463
-50.095894
-50.269333
-50.488113
-50.206280
-49.867401
-50.091141
-50.008701
-50.001953
-49.955269
-49.472202
-49.180012
-49.326588
-49.515728
-49.653797
-49.627728
-49.192871
-49.471851
-49.649605
-49.735641
-49.284760
-49.205753
-49.257221
-49.449116
-49.668503
-49.595520
-49.430965
-49.068195
-49.168510
-49.330635
-49.530800
-49.458904
-49.429817
-49.526073
-49.573593
-49.676067
-49.472507
-49.296097
-49.511169
-49.611256
-49.742798
-49.837090
-49.761467
-49.661205
-49.498596
-49.710415
-49.997475
-49.937084
-49.653442
-49.754715
-50.075302
-50.046108
-49.771496
-49.689121
-49.946602
-50.046478
-50.100647
-49.919891
-49.853619
-49.902191
-49.995480
-50.067410
-50.140911
-50.156960
-49.837902
-49.942463
-50.064198
-50.040741
-49.714428
-49.707932
-49.883953
-49.850109
-49.974152
-49.872074
-49.919048
-49.903122
-49.860115
-49.869621
-49.892132
-50.026150
-49.843651
-49.897884
-50.110321
-50.042011
-49.866592
-49.760323
-49.884521
-49.942822
-50.011913
-49.991905
-50.026222
-50.090866
-50.086258
-50.148586
-50.215446
-50.286896
-50.220284
-50.193394
-50.401066
-50.511093
-50.552258
-50.372181
-50.529495
-50.535717
-50.643879
-50.641155
-50.648525
-50.761524
-50.776684
-50.802265
-50.838703
-51.008030
-51.007679
-50.963310
-51.008629
-50.955338
-51.208584
-51.140762
-51.070049
-51.225113
-51.354183
-51.364731
-51.231316
-51.409027
-51.431774
-51.533607
-51.498669
-51.778431
-51.765720
-51.816982
-52.016327
-52.080986
-52.141689
-51.897724
-51.995335
-52.234718
-52.469482
-52.351063
-52.133316
-52.357105
-52.339497
-52.562260
-52.780384
-53.088337
-53.002968
-53.043049
-53.767872
-53.906570
-53.738590
-53.682583
-54.145714
-54.189690
-54.059879
-53.599174
-53.718021
-54.020096
-53.934925
-53.411411
-53.427620
-53.601494
-53.923462
-54.217400
-53.806618
-53.504097
-53.310726
-53.391521
-54.118816
-54.120472
-53.643612
-53.306927
-53.201046
-53.473995
-53.777245
-53.808201
-53.042343
-52.784184
-53.199631
-53.323429
-53.376289
-53.165417
-52.546219
-52.574959
-53.133087
-53.458851
-52.838482
-52.423752
-52.689938
-53.081886
-53.037537
-52.984203
-52.855133
-52.827103
-52.915920
-53.379883
-53.321655
-53.153069
-53.058716
-53.004524
-53.291630
-53.760010
-53.458221
-52.920776
-53.146610
-53.436802
-53.403183
-53.507030
-53.355068
-52.988194
-52.765823
-53.088936
-53.264912
-53.315365
-52.793808
-52.612011
-52.918007
-53.105492
-53.185303
-53.133148
-53.155064
-52.964493
-53.033382
-53.007229
-53.193615
-53.553333
-53.165451
-52.808662
-52.994740
-53.382183
-52.956913
-52.591400
-52.664391
-52.718441
-52.803219
-52.624939
-52.394802
-52.516224
-52.443401
-52.297794
-52.280365
-52.568592
-52.336178
-52.311459
-52.459438
-52.487530
-52.296806
-52.449192
-52.669353
-52.341610
-52.295284
-52.542038
-52.727291
-52.366913
-51.868523
-51.780704
-51.968426
-51.967373
-51.995537
-51.542034
-51.504520
-51.408081
-51.336082
-51.448330
-51.405506
-51.347054
-51.340317
-51.314079
-51.376118
-51.038979
-50.852375
-50.375927
-50.507191
-50.465981
-50.593811
-50.432098
-50.411514
-50.091694
-50.054661
-50.036171
-49.937977
-49.704033
-49.829018
-49.936337
-49.859180
-49.850956
-49.408974
-49.457603
-49.410263
-49.185448
-49.069523
-49.255234
-49.215935
-49.087257
-49.016727
-48.947594
-48.833008
-48.621033
-48.727634
-48.691875
-48.713886
-48.342773
-48.291641
-48.311348
-48.279232
-48.111134
-47.942947
-48.121426
-47.995785
-47.799942
-47.827049
-47.720741
-47.684196
-47.517799
-47.670265
-47.553272
-47.517273
-47.261929
-47.155018
-47.032429
-47.096436
-47.002537
-46.999592
-46.899189
-46.817184
-46.827312
-46.707897
-46.611145
-46.529068
-46.523579
-46.538994
-46.656864
-46.497356
-46.519154
-46.343349
-46.291786
-46.241539
-46.228409
-46.298058
-46.282288
-46.167454
-46.167019
-46.181419
-46.171864
-46.003853
-46.047832
-45.992714
-46.024929
-45.799240
-45.886772
-45.944805
-45.823891
-45.680130
-45.745255
-45.725460
-45.525475
-45.441307
-45.441463
