Az       (ft/s^2)
-32.816730
-32.815285
-32.651241
-32.872681
-32.804310
-32.856060
-32.705807
-32.849106
-32.804760
-32.797657
-32.865059
-32.738403
-32.828697
-32.811138
-32.994656
-32.855659
-33.171600
-32.842117
-32.870121
-32.898525
-32.793499
-33.027294
-33.169716
-32.828312
-32.645935
-32.750702
-32.660721
-32.706726
-32.808537
-32.707481
-32.528194
-32.745773
-32.774708
-32.853344
-32.771393
-32.867516
-32.777615
-32.688370
-32.870636
-32.890762
-32.941376
-32.541378
-32.816055
-32.643211
-32.764370
-32.647770
-32.550896
-32.661446
-32.567299
-32.746845
-32.594994
-32.768482
-32.590527
-32.675602
-32.773998
-32.802334
-32.794865
-32.673595
-32.806942
-32.758968
-32.710251
-32.651943
-32.587162
-32.675953
-32.586735
-32.499748
-32.462818
-32.660114
-32.664017
-32.488113
-32.642544
-32.704342
-32.691143
-32.645561
-32.726719
-32.816017
-32.799782
-32.720356
-32.636654
-32.782906
-32.660622
-32.623150
-32.494751
-32.647430
-32.511330
-32.534790
-32.570145
-32.467754
-32.725182
-32.601791
-32.573162
-32.684238
-32.803112
-32.700142
-32.801456
-33.005611
-33.028519
-32.782825
-32.972675
-33.035603
-33.136898
-33.029633
-32.942974
-32.925453
-32.875557
-33.092854
-33.091599
-33.008808
-32.672749
-32.792568
-32.908314
-32.779461
-32.698242
-32.484520
-32.448200
-32.886681
-33.101570
-32.947727
-32.989368
-32.931450
-32.648697
-33.080112
-33.448425
-33.619095
-33.724667
-33.529846
-33.524361
-33.637020
-33.578911
-33.202778
-33.242180
-33.527409
-33.395493
-33.122608
-32.938774
-33.139046
-33.146469
-32.927471
-32.996227
-33.548454
-33.482948
-33.020161
-33.142422
-33.456001
-33.431007
-33.302616
-33.230045
-33.168823
-33.319332
-33.509254
-33.631844
-33.732769
-33.863380
-33.724388
-33.719948
-34.022648
-34.232410
-34.137600
-33.938580
-34.099655
-34.106728
-34.059914
-33.886189
-33.888508
-33.977402
-33.732944
-33.600494
-33.788864
-33.933853
-33.730549
-33.686028
-33.916576
-34.108627
-33.937225
-33.935230
-34.158745
-34.231091
-34.076031
-34.044193
-34.096584
-33.960110
-34.013981
-33.840797
-33.620556
-33.883476
-33.770710
-33.886711
-33.711323
-33.997715
-34.098713
-34.098804
-34.080902
-34.207199
-34.267128
-34.198261
-34.204185
-34.179741
-34.391647
-34.275681
-34.286026
-34.208088
-34.216434
-34.293896
-34.224022
-34.160419
-34.411240
-34.396133
-34.420338
-34.405140
-34.251900
-34.179245
-34.299171
-34.543934
-34.348351
-34.253510
-34.220303
-34.293491
-34.119347
-33.932404
-34.272621
-34.272018
-34.048508
-34.050835
-33.979473
-34.402569
-34.341995
-34.516224
-34.282349
-34.506939
-34.559231
-34.519257
-34.473095
-34.615211
-34.762955
-34.346832
-34.866161
-34.906925
-34.651005
-34.529514
-34.463951
-34.610195
-34.626232
-34.580708
-34.239349
-34.358433
-34.429935
-34.342884
-34.114735
-34.036659
-34.100292
-34.076962
-34.081532
-34.153950
-34.089954
-34.420673
-34.139008
-34.133247
-34.380047
-34.261467
-34.459930
-34.524868
-34.713974
-34.483566
-34.784325
-34.673401
-34.523567
-34.642761
-34.382023
-34.398716
-34.587849
-34.648224
-34.319649
-34.481579
-34.649086
-34.649040
-34.642834
-34.775772
-34.876995
-34.837734
-34.829933
-34.908951
-34.858257
-35.030739
-34.747200
-34.906910
-34.796638
-34.771702
-34.672131
-34.667458
-34.781799
-34.800591
-34.733219
-34.673367
-34.895020
-34.815636
-34.722111
-34.854183
-34.910744
-34.867420
-34.781364
-34.687645
-34.856094
-34.787090
-34.690945
-34.561245
-34.843052
-34.724663
-34.664639
-34.546810
-34.786312
-34.762283
-34.683868
-34.615311
-34.743206
-34.710117
-34.665607
-34.743637
-34.756420
-34.679276
-34.527962
-34.724045
-34.729954
-34.689709
-34.753719
-34.842457
-34.698940
-34.671768
-34.768288
-34.864056
-34.956356
-34.887920
-34.831863
-35.090046
-34.914268
-34.929718
-34.934879
-35.001770
-34.900867
-34.962902
-34.955116
-35.134922
-35.064159
-35.111252
-34.916039
-35.075050
-35.070480
-35.004341
-35.183071
-35.073750
-35.019760
-35.105579
-35.002056
-35.077446
-34.936630
-34.993496
-35.075840
-35.014587
-35.087761
-35.082237
-34.918018
-34.989052
-34.939163
-35.101963
-35.157246
-34.933052
-34.985779
-35.212078
-34.926506
-34.941273
-35.193077
-35.164413
-34.960270
-35.017395
-35.083858
-35.209881
-35.064285
-35.157894
-35.153507
-35.271584
-35.148865
-35.168373
-35.253025
-35.216465
-35.286743
-35.181873
-35.267334
-35.376686
-35.331303
-35.262150
-35.320602
-35.390923
-35.339481
-35.480843
-35.386909
-35.443119
-35.417904
-35.639271
-35.620438
-35.533642
-35.595848
-35.603531
-35.521214
-35.653336
-35.662888
-35.576832
-35.787727
-35.549988
-35.568237
-35.779377
-35.791523
-35.632000
-35.516682
-35.824585
-35.798950
-35.787029
-35.717239
-35.711380
-35.795666
-35.738548
-35.901630
-35.757313
-35.616673
-35.768456
-35.858398
-35.741257
-35.733505
-35.802971
-35.625278
-35.847744
-35.723854
-35.854385
-35.789635
-35.605106
-35.854168
-35.767815
-35.819393
-35.708302
-35.864815
-35.728535
-35.713238
-35.779766
-35.685028
-35.825100
-35.837845
-35.713474
-35.720535
-35.755959
-35.852062
-35.719677
-35.820454
-35.680935
-35.828350
-35.820663
-35.843437
-35.736980
-35.857769
-35.877037
-35.645657
-35.750397
-35.887577
-35.785973
-35.727249
-35.796398
-35.786808
-35.847652
-35.728836
-35.736988
-35.746754
-35.829891
-35.628914
-35.839031
-35.843700
-35.745178
-35.674606
-35.767933
-35.916267
-35.793159
-35.843464
-35.814754
-35.885750
-35.831413
-35.889866
-35.953972
-36.027943
-35.845081
-35.951363
-35.868473
-36.142086
-36.081806
-35.766640
-36.043682
-36.213341
-35.942051
-35.953880
-36.261398
-36.172394
-36.071331
-36.175179
-36.316662
-36.242970
-36.242226
-36.356186
-36.388596
-36.364571
-36.419876
-36.436958
-36.408958
-36.334354
-36.485260
-36.415977
-36.240784
-36.580883
-36.523838
-36.371643
-36.195076
-36.605965
-36.465401
-36.362995
-36.394638
-36.510727
-36.530033
-36.419434
-36.461647
-36.429825
-36.500668
-36.382481
-36.430084
-36.438713
-36.369221
-36.456432
-36.248333
-36.450516
-36.218601
-36.196293
-36.209923
-36.413563
-36.349468
-36.066067
-36.403358
-36.238159
-36.485855
-36.260624
-36.215824
-36.279320
-36.367516
-36.192577
-36.137070
-36.078400
-36.064659
-36.116985
-36.116356
-36.078613
-36.059471
-35.954708
-36.271748
-36.019184
-36.326443
-36.338932
-36.388939
-36.314045
-36.296444
-36.528301
-36.070591
-36.202850
-36.711655
-36.991093
-36.585819
-36.375214
-36.583496
-36.408321
-36.584713
-36.607971
-36.349842
-36.592487
-36.591949
-36.242191
-35.934277
-35.968906
-36.096180
-35.755016
-36.353691
-36.303028
-35.855133
-35.710678
-35.561302
-35.593208
-35.857319
-36.212761
-35.940281
-35.913391
-36.094715
-36.096260
-36.272911
-36.153893
-36.338631
-36.466118
-36.744080
-36.803318
-37.120075
-37.145721
-36.827053
-36.846455
-36.976719
-37.303337
-37.211987
-37.000397
-36.861294
-37.045677
-36.544029
-35.983383
-36.096638
-36.183784
-36.356838
-36.532585
-36.183403
-36.110752
-36.361206
-36.470280
-36.509018
-36.861279
-37.091148
-37.093945
-36.863224
-36.772343
-36.680908
-36.504383
-36.613129
-36.486343
-36.855919
-37.174686
-36.888905
-36.666405
-36.588657
-36.875439
-36.929180
-36.716579
-36.838810
-36.850746
-36.813522
-36.613144
-36.352535
-36.394039
-36.113163
-36.534603
-36.691322
-36.707413
-36.498474
-36.565609
-36.690956
-36.548653
-36.958546
-36.821423
-36.842869
-36.804485
-36.573296
-36.376106
-36.300903
-36.573368
-36.425289
-36.490250
-36.438484
-36.422550
-36.333405
-36.192406
-36.358994
-36.870525
-37.067169
-36.954472
-36.927036
-36.946766
-36.878227
-36.704224
-36.787777
-36.595119
-36.707638
-36.754795
-36.705425
-36.786533
-36.340740
-36.463387
-36.484070
-36.561760
-36.752155
-36.918091
-37.102150
-37.379917
-37.246113
-37.065395
-36.485222
-36.816319
-36.535412
-36.944695
-37.056469
-36.654793
-36.565868
-36.346748
-36.473682
-36.525761
-36.546604
-36.474232
-36.552155
-36.907658
-36.976341
-36.922871
-36.726181
-36.482307
-36.560425
-36.663853
-36.882896
-36.596764
-36.611584
-36.862865
-36.711594
-36.548183
-36.666222
-36.662594
-36.616703
-36.803017
-36.904495
-36.881527
-36.670025
-36.688892
-36.608971
-36.965820
-36.808895
-36.632011
-36.985058
-36.897678
-36.843315
-36.722919
-36.892368
-36.770111
-36.475086
-36.825703
-36.712280
-36.826481
-36.434929
-36.580242
-36.640514
-36.603363
-36.601265
-36.239563
-36.454567
-36.273956
-36.464291
-36.503376
-36.600014
-36.552250
-36.574192
-36.581348
-36.568497
-36.738056
-36.800407
-36.896988
-36.963787
-36.932251
-36.669769
-36.951721
-36.801498
-36.698826
-36.976856
-36.911686
-36.717476
-36.627457
-36.979122
-36.864037
-36.596512
-36.878132
-36.609150
-36.925587
-36.813610
-36.694332
-36.612297
-36.476418
-36.597240
-36.709846
-36.563705
-36.607555
-36.649948
-36.671070
-36.606598
-36.723648
-36.648804
-36.711006
-36.994591
-36.773888
-36.914135
-36.863594
-36.991405
-36.816944
-36.810375
-36.946945
-36.763397
-36.965328
-36.974583
-36.774761
-37.052673
-37.002636
-37.004913
-36.932705
-37.071552
-37.161198
-37.009472
-37.110512
-37.115639
-37.250179
-37.006271
-36.965229
-37.140850
-36.975189
-36.969933
-36.914494
-37.123287
-37.097027
-36.644764
-36.903008
-36.954735
-36.825783
-37.022919
-36.721760
-36.892662
-36.773857
-36.857456
-36.758770
-36.810642
-36.840408
-36.673344
-36.861584
-36.919121
-36.797668
-36.778889
-36.776669
-36.889408
-36.886826
-36.806904
-36.888695
-36.973213
-36.909348
-36.769623
-36.964607
-36.974342
-36.800396
-36.858448
-36.868374
-37.131271
-36.995548
-36.741833
-36.987625
-37.021053
-36.920712
-36.937046
-36.933601
-37.008209
-36.931568
-36.968090
-36.754429
-37.027061
-36.853359
-36.809544
-36.919102
-36.928951
-36.854622
-36.836235
-36.796635
-36.941628
-36.865543
-36.811085
-36.913414
-36.987183
-36.810997
-36.795124
-36.926060
-36.896275
-36.945274
-36.933781
-36.869228
-37.064606
-36.965885
-36.910942
-37.166218
-37.060116
-37.083561
-36.875927
-37.183483
-37.158958
-37.229931
-37.115513
-36.964272
-37.094959
-37.147930
-37.212391
-37.029198
-37.095108
-37.231232
-37.109280
-37.219418
-36.980659
-37.222385
-37.256145
-37.222168
-37.153687
-37.440891
-37.270390
-37.317001
-37.356594
-37.443256
-37.601273
-37.513512
-37.592133
-37.550331
-37.958691
-37.688324
-37.836979
-37.895260
-37.950203
-38.024357
-38.139870
-38.369053
-38.136185
-38.293861
-38.400436
-38.645767
-38.617260
-38.714581
-38.758678
-38.844955
-39.166096
-39.144138
-39.032249
-39.427868
-39.544548
-39.592365
-39.694740
-39.689159
-39.999619
-40.055756
-40.120392
-40.365456
-40.522320
-40.464073
-40.589668
-40.979149
-41.016048
-41.115566
-41.295837
-41.372231
-41.511559
-41.701004
-41.713749
-41.899834
-42.067650
-42.340511
-42.308155
-42.437614
-42.537701
-42.759563
-42.854477
-42.920921
-43.279446
-43.209625
-43.379292
-43.611313
-43.517357
-43.752079
-43.916771
-43.974949
-44.026154
-44.199059
-44.584335
-44.357979
-44.537956
-44.442337
-45.005489
-44.898563
-44.870449
-45.140621
-45.144241
-45.369057
-45.305092
-45.585083
-45.640862
-45.794830
-45.765434
-45.743805
-46.038548
-46.233589
-46.211491
-46.363075
-46.336121
-46.607433
-46.618141
-46.633766
-46.788639
-46.879368
-47.052341
-47.001682
-47.157524
-47.350983
-47.348751
-47.479679
-47.474556
-47.784767
-47.688721
-47.928432
-48.085087
-48.009880
-48.275391
-48.423618
-48.564880
-48.360966
-48.717072
-48.815968
-48.964996
-48.910870
-48.958508
-49.355301
-49.439873
-49.205811
-49.507305
-49.705170
-49.818340
-49.692905
-50.005966
-50.176201
-50.333641
-50.430771
-50.349312
-50.769363
-50.766289
-50.916935
-50.879749
-51.250462
-51.434349
-51.328842
-51.448261
-51.505177
-51.930950
-51.943066
-52.129902
-52.132008
-52.215836
-52.470173
-52.367321
-52.777782
-52.691319
-52.869606
-53.083206
-53.264919
-53.114491
-53.096855
-53.651295
-53.751808
-53.800949
-53.685177
-54.042053
-54.308853
-54.295521
-54.464497
-54.464737
-54.708538
-54.815838
-55.031872
-55.285099
-55.286190
-55.290192
-55.413586
-55.812748
-55.754284
-56.094788
-55.870388
-56.015659
-56.253773
-56.385685
-56.380997
-56.559307
-56.684425
-56.616074
-56.740814
-57.109943
-57.111652
-57.100090
-57.252968
-57.566269
-57.610573
-57.652245
-57.899944
-57.740002
-57.929546
-58.239403
-58.373837
-58.396141
-58.615604
-58.574520
-58.596695
-58.787411
-59.023865
-58.927544
-58.869766
-59.285213
-59.330082
-59.319782
-59.316906
-59.283688
-59.443344
-59.527298
-59.549854
-59.663754
-59.751270
-59.675224
-59.628014
-59.809948
-59.770340
-59.923195
-59.809105
-59.934452
-60.071545
-60.029903
-60.190434
-60.131054
-60.107288
-59.954720
-60.406555
-60.375195
-60.332554
-60.249168
-60.392815
-60.503372
-60.378098
-60.465916
-60.472378
-60.637871
-60.473701
-60.598183
-60.743622
-60.655090
-60.632980
-60.731533
-60.746838
-60.760025
-60.848431
-60.861172
-60.835438
-60.935410
-61.049278
-60.903126
-61.004066
-60.915421
-61.140785
-61.095219
-61.146152
-61.153175
-61.160851
-61.277748
-61.203999
-61.430531
-61.360214
-61.246487
-61.368801
-61.481441
-61.495461
-61.490086
-61.601303
-61.505322
-61.711040
-61.836227
-61.759251
-61.649891
-61.817371
-61.930775
-61.979031
-61.887280
-62.070122
-62.047115
-62.138451
-62.230427
-62.156273
-62.268841
-62.278191
-62.450665
-62.369324
-62.487221
-62.387524
-62.621754
-62.684639
-62.571339
-62.634537
-62.688984
-62.844910
-62.820465
-62.850864
-62.801777
-63.002159
-63.142746
-62.906803
-63.082653
-63.095417
-63.166466
-63.023727
-63.204479
-63.366589
-63.224266
-63.220818
-63.340504
-63.507938
-63.374840
-63.206188
-63.441010
-63.587292
-63.459053
-63.449047
-63.495125
-63.650654
-63.493340
-63.532543
-63.543495
-63.861557
-63.482269
-63.559505
-63.771282
-63.699818
-63.724922
-63.571644
-63.765049
-63.757664
-63.687355
-63.640560
-63.710445
-63.899448
-63.553005
-63.750458
-63.776688
-63.853718
-63.716545
-63.585960
-63.740276
-63.780003
-63.745846
-63.518757
-63.837666
-63.767689
-63.541149
-63.749973
-63.639950
-63.781029
-63.540478
-63.665237
-63.637131
-63.766178
-63.715481
-63.510235
-63.778431
-63.638798
-63.731529
-63.538094
-63.710045
-63.812031
-63.575558
-63.697121
-63.709030
-63.700829
-63.620251
-63.704021
-63.711796
-63.720825
-63.668579
-63.721939
-63.594345
-63.756344
-63.655903
-63.787632
-63.662243
-63.722961
-63.611294
-63.645584
-63.848595
-63.545197
-63.737041
-63.604691
-63.688286
-63.614914
-63.727413
-63.660500
-63.621513
-63.664608
-63.489227
-63.716488
-63.665031
-63.693771
-63.616661
-63.582581
-63.563541
-63.524818
-63.658035
-63.636272
-63.572220
-63.642426
-63.569664
-63.599396
-63.412518
-63.604195
-63.695850
-63.646759
-63.524445
-63.526077
-63.575016
-63.563992
-63.559132
-63.555389
-63.563698
-63.599953
-63.398773
-63.621067
-63.582809
-63.558273
-63.486954
-63.451187
-63.601349
-63.570690
-63.467976
-63.648598
-63.514244
-63.582718
-63.445229
-63.652435
-63.593742
-63.614510
-63.506065
-63.454330
-63.722504
-63.672810
-63.444035
-63.512486
-63.722027
-63.725616
-63.466621
-63.521576
-63.542568
-63.585106
-63.607853
-63.581154
-63.586201
-63.575439
-63.563366
-63.524494
-63.539223
-63.664032
-63.398205
-63.435246
-63.647888
-63.662056
-63.560070
-63.368320
-63.631130
-63.451778
-63.597485
-63.492203
-63.678368
-63.375648
-63.493885
-63.627720
-63.542019
-63.691616
-63.377514
-63.568775
-63.589062
-63.657043
-63.585945
-63.410370
-63.602985
-63.491825
-63.591087
-63.466335
-63.391254
-63.756447
-63.455208
-63.538689
-63.453392
-63.678284
-63.434128
-63.476440
-63.571522
-63.538410
-63.581848
-63.493313
-63.540760
-63.466988
-63.570976
-63.506660
-63.388157
-63.535954
-63.475803
-63.606197
-63.366459
-63.468933
-63.563591
-63.387966
-63.495384
-63.469925
-63.614773
-63.450348
-63.420918
-63.515331
-63.348309
-63.383671
-63.540310
-63.424782
-63.550320
-63.431316
-63.535801
-63.184525
-63.447632
-63.535904
-63.452827
-63.470230
-63.347454
-63.610729
-63.487709
-63.515991
-63.329208
-63.446743
-63.421967
-63.517761
-63.522854
-63.525665
-63.470074
-63.487953
-63.468632
-63.615093
-63.478352
-63.486851
-63.443233
-63.564632
-63.614174
-63.575569
-63.524937
-63.453259
-63.658840
-63.546707
-63.526985
-63.564728
-63.631676
-63.630119
-63.497002
-63.732128
-63.589989
-63.580574
-63.516647
-63.635479
-63.652573
-63.606247
-63.737473
-63.615059
-63.691177
-63.660622
-63.539078
-63.720348
-63.540352
-63.627171
-63.758472
-63.768730
-63.710831
-63.572186
-63.745094
-63.583828
-63.680023
-63.553982
-63.743607
-63.776882
-63.686634
-63.599712
-63.574047
-63.915356
-63.671646
-63.423653
-63.664074
-63.924282
-63.743572
-63.546581
-63.725224
-63.787132
-63.782932
-63.672535
-63.714340
-63.968357
-63.774261
-63.789848
-63.782490
-64.005180
-63.880775
-63.721981
-63.866627
-63.995159
-63.971069
-63.820496
-63.864491
-64.102745
-63.816788
-63.876812
-64.002777
-64.162811
-64.085426
-63.907497
-64.062675
-64.116661
-64.277458
-63.929401
-64.110901
-64.285309
-64.224442
-64.050758
-63.925465
-64.319656
-64.102798
-64.122963
-64.298096
-64.355774
-64.366425
-64.145432
-64.344955
-64.247131
-64.391029
-64.331673
-64.225037
-64.462494
-64.362076
-64.396683
-64.407112
-64.452133
-64.526886
-64.424652
-64.456070
-64.525215
-64.645241
-64.566788
-64.533867
-64.574524
-64.539268
-64.517120
-64.685806
-64.655190
-64.554901
-64.522400
-64.721184
-64.737198
-64.635460
-64.641525
-64.736359
-64.705238
-64.712540
-64.822289
-64.741493
-64.707947
-64.721321
-64.661926
-64.815651
-64.798195
-64.762863
-64.853767
-64.833923
-64.891495
-64.857506
-64.867989
-64.802498
-64.884987
-65.024010
-64.799683
-64.881897
-64.851196
-64.908859
-64.947350
-64.813950
-64.986542
-64.908981
-64.968765
-64.726280
-65.114761
-64.923943
-64.991859
-64.922333
-64.875031
-64.992142
-64.959053
-65.008392
-64.810577
-65.019363
-64.850494
-64.936615
-64.946587
-65.010391
-65.002075
-64.762489
-64.965981
-65.038902
-64.986076
-64.868187
-64.877441
-65.069389
-64.843918
-64.881569
-64.818314
-64.864815
-64.813805
-64.708549
-64.769867
-64.769302
-64.881294
-64.698303
-64.521790
-64.834785
-64.816772
-64.639717
-64.581360
-64.749405
-64.848206
-64.441727
-64.678322
-64.547005
-64.749458
-64.591766
-64.582138
-64.590462
-64.474167
-64.613686
-64.602913
-64.520432
-64.516090
-64.601318
-64.616501
-64.551170
-64.591766
-64.482796
-64.487061
-64.490814
-64.577782
-64.398026
-64.463501
-64.546715
-64.509308
-64.567978
-64.553238
-64.442993
-64.379272
-64.700310
-64.472588
-64.597916
-64.556206
-64.570236
-64.533188
-64.475464
-64.527008
-64.374306
-64.541634
-64.449211
-64.471069
-64.643875
-64.470520
-64.502449
-64.310356
-64.657127
-64.603226
-64.368309
-64.439537
-64.531357
-64.712280
-64.367569
-64.547958
-64.423843
-64.514076
-64.419510
-64.625168
-64.651306
-64.375320
-64.521149
-64.517731
-64.728294
-64.680122
-64.489792
-64.610046
-64.574883
-64.817200
-64.541725
-64.721832
-64.685875
-64.779564
-64.672112
-64.817154
-64.865669
-64.686287
-64.799042
-64.840302
-64.923630
-64.793465
-64.890411
-64.884499
-64.850906
-64.915184
-64.845734
-64.916733
-64.724136
-64.918694
-64.909264
-64.817253
-64.893608
-64.760284
-64.863083
-64.783806
-64.898369
-64.786179
-64.955727
-64.898354
-64.786011
-64.714294
-64.865746
-64.930992
-64.872353
-64.968864
-64.874077
-64.789078
-65.082451
-65.007477
-64.985306
-64.889580
-65.059082
-64.912476
-65.053604
-64.902214
-64.795837
-64.829887
-64.650352
-64.715965
-64.587860
-64.583603
-64.558075
-64.666161
-64.409874
-64.255135
-64.413033
-64.496574
-64.768349
-64.772537
-64.868202
-64.802246
-64.874710
-65.016785
-65.152206
-65.325066
-65.242470
-65.188797
-64.989105
-65.147751
-64.977966
-65.018303
-65.127480
-65.118103
-64.888947
-65.069969
-65.159401
-65.111488
-65.160599
-65.161644
-64.976250
-65.153076
-65.085983
-65.260597
-64.977264
-65.053040
-65.026184
-65.009926
-64.803246
-65.008324
-65.107376
-65.039101
-65.235138
-65.040771
-65.415283
-65.117416
-64.915863
-64.820091
-65.069504
-64.656532
-64.539566
-64.691811
-64.501953
-64.404121
-64.363976
-64.469093
-64.447151
-64.489944
-64.432823
-64.254242
-64.383644
-64.481995
-64.701530
-64.228210
-64.029831
-64.178162
-64.111511
-64.077065
-63.994694
-63.903179
-63.572021
-63.533882
-64.190582
-64.368347
-64.177200
-64.153320
-64.608017
-64.625877
-64.518837
-64.623642
-64.271561
-64.467728
-64.487007
-64.521378
-64.195259
-63.882954
-63.909439
-63.744453
-63.793179
-63.788013
-64.235764
-63.869270
-64.185326
-64.260338
-64.295586
-64.005898
-64.066330
-64.295616
-64.111824
-64.187424
-64.279152
-64.254860
-64.107956
-63.873238
-64.122200
-64.238586
-64.337990
-64.180115
-64.184212
-64.456482
-64.344543
-64.327377
-64.340675
-64.240746
-64.046715
-64.016426
-64.296875
-64.455284
-64.056931
-63.932877
-63.855972
-64.014030
-63.849438
-63.989059
-63.874607
-64.003357
-63.772518
-63.745663
-63.875019
-63.810623
-63.635021
-63.427078
-63.536922
-63.486225
-63.479790
-63.319313
-63.432796
-63.350822
-63.165710
-63.290981
-63.361965
-63.180569
-63.144989
-63.211937
-63.274361
-63.116871
-63.054470
-63.062778
-63.021358
-63.089149
-63.047134
-62.897495
-62.858990
-62.869896
-62.801369
-62.657314
-62.947754
-62.727001
-62.604221
-62.639729
-62.563866
-62.524143
-62.556778
-62.758266
-62.561584
-62.449909
-62.594410
-62.718655
-62.648415
-62.470890
-62.749077
-62.633362
-62.674187
-62.754509
-62.676979
-62.652332
-62.651787
-62.750214
-62.680664
-62.583431
-62.753513
-62.593670
-62.593842
-62.538555
-62.684700
-62.500423
-62.657394
-62.611675
-62.531540
-62.665718
-62.479546
-62.582333
-62.433926
-62.584091
-62.702477
-62.614857
-62.602257
-62.499958
-62.727119
-62.577065
-62.693821
-62.676075
-62.626938
-62.832676
-62.724033
-62.776619
-62.887611
-62.888351
-62.716698
-62.764931
-63.041214
-62.846764
-62.779861
-62.931351
-62.910320
-62.829044
-62.788372
-62.919334
-62.786804
-62.786274
-62.819763
-62.832947
-62.816540
-62.720181
-62.680264
-62.816071
-62.692532
-62.750797
-62.667152
-62.671345
-62.703903
-62.615475
-62.696873
-62.639465
-62.767696
-62.744270
-62.731853
-62.724060
-62.787125
-62.871613
-62.683064
-62.836079
-62.945335
-63.006557
-63.020332
-62.920322
-63.089397
-62.860859
-63.120510
-63.096581
-63.081890
-63.109081
-63.159634
-63.225800
-63.058262
-63.148350
-63.251549
-63.183956
-63.193298
-63.283421
-63.271717
-63.141090
-63.261215
-63.294334
-63.174419
-63.102654
-63.265949
-63.124001
-63.073231
-63.193504
-63.307220
-63.044868
-63.168510
-63.156445
-63.089153
-63.221672
-63.147488
-63.208015
-63.243809
-63.372162
-63.328968
-63.031471
-63.150288
-63.172050
-63.425121
-63.255985
-63.226757
-63.214886
-63.062668
-63.166374
-63.043850
-62.959270
-63.112572
-62.900227
-63.188580
-63.229038
-63.193428
-63.029095
-63.308300
-63.116577
-63.091518
-63.362698
-63.397724
-63.451366
-63.015671
-63.339077
-63.044685
-63.208141
-63.355068
-63.434692
-63.468479
-63.328182
-63.500401
-63.263691
-63.369736
-63.365005
-63.615284
-63.618015
-63.345112
-63.434784
-63.392456
-63.508732
-63.364227
-63.446968
-63.530609
-63.760365
-63.756683
-63.792599
-63.724632
-63.795158
-63.938759
-63.814217
-63.685558
-63.963062
-63.891994
-64.138008
-63.911690
-63.930431
-63.722496
-63.875546
-63.958862
-64.062164
-64.070290
-64.148911
-64.430412
-64.418930
-64.530067
-64.521667
-64.613632
-64.440750
-64.396721
-64.561264
-64.648544
-64.541641
-64.344406
-64.391624
-64.523018
-64.370903
-64.499519
-64.380463
-64.594673
-64.472809
-64.556290
-64.439919
-64.690781
-64.591919
-64.619812
-64.632637
-64.675125
-64.484344
-64.307541
-64.457703
-64.412766
-64.369812
-64.191078
-64.166306
-64.181267
-64.145943
-64.106972
-64.114616
-63.959866
-63.941383
-63.822765
-63.929600
-63.728481
-63.886059
-63.745865
-63.531471
-63.337952
-63.698437
-63.644398
-63.494656
-63.486923
-63.617542
-63.731148
-63.581940
-63.441772
-63.618927
-63.514668
-63.586456
-63.495598
-63.567787
-63.363804
-63.392601
-63.507973
-63.601658
-63.365223
-63.308918
-63.392460
-63.473557
-63.716377
-63.620129
-63.549129
-63.756310
-63.850117
-63.859947
-63.799057
-63.839035
-64.002457
-63.919228
-63.944080
-64.134628
-63.918922
-63.766624
-63.871532
-63.847626
-63.799252
-63.953381
-63.844704
-63.790779
-63.755489
-63.814461
-63.993244
-64.027817
-63.930435
-63.905300
-64.191116
-64.129211
-64.087639
-64.127304
-64.304344
-64.209389
-64.499405
-64.355270
-64.344833
-64.593498
-64.495201
-64.601326
-64.866096
-64.804306
-64.519730
-64.609406
-64.650444
-64.758652
-64.720825
-64.816879
-64.717606
-64.558075
-64.594849
-64.828072
-64.909012
-64.841179
-64.701027
-64.613937
-64.643211
-64.621788
-64.836632
-64.813309
-64.637901
-64.553528
-64.591866
-64.698448
-64.649925
-64.723778
-64.775864
-64.697464
-64.531570
-64.625687
-64.734314
-64.754822
-64.661972
-64.544258
-64.574753
-64.566658
-64.519600
-64.581192
-64.664429
-64.704422
-64.650055
-64.579262
-64.621040
-64.670776
-64.683876
-64.620117
-64.710709
-64.597778
-64.690994
-64.685059
-64.636711
-64.453308
-64.453712
-64.350960
-64.152542
-64.305588
-64.315697
-63.991272
-63.807060
-63.860050
-63.802708
-63.433388
-63.545338
-63.575142
-63.281853
-63.310333
-63.253365
-63.253235
-63.143723
-63.014908
-63.060146
-63.003414
-63.056904
-62.862217
-62.761181
-62.747646
-62.830536
-62.737839
-62.602676
-62.663181
-62.622417
-62.531418
-62.506428
-62.513649
-62.579689
-62.497135
-62.532394
-62.705078
-62.817554
-62.527149
-62.778923
-62.818993
-62.900589
-62.886887
-63.130539
-63.077644
-63.205456
-63.213161
-63.409245
-63.533707
-63.438335
-63.457924
-63.534637
-63.620358
-63.670788
-63.818851
-63.729553
-63.708000
-63.769230
-63.859062
-63.768204
-63.730167
-63.694958
-63.680218
-63.670269
-63.804688
-63.440929
-63.348202
-63.279331
-63.321827
-63.202160
-63.036053
-63.066780
-62.891407
-62.956413
-62.801620
-62.717075
-62.762428
-62.660595
-62.619209
-62.645943
-62.645821
-62.369869
-62.404461
-62.388023
-62.318619
-62.330894
-62.126747
-62.127239
-62.119686
-62.182873
-62.064453
-62.077950
-61.992599
-61.928463
-61.855568
-61.927750
-62.006630
-61.831543
-61.871075
-61.884666
-61.891872
-61.922688
-61.814373
-61.841457
-61.815918
-61.918579
-61.878201
-61.774345
-61.789623
-61.729359
-61.726917
-61.728710
-61.671612
-61.659107
-61.718639
-61.769016
-61.557072
-61.709766
-61.735737
-61.860901
-61.680321
-61.820957
-61.914764
-61.901512
-61.948437
-61.809181
-62.112518
-61.885208
-62.053139
-61.937904
-62.198177
-62.252655
-62.092201
-62.049412
-62.166428
-62.221653
-62.079006
-62.233105
-62.319767
-62.282822
-62.485626
-62.299080
-62.333633
-62.150124
-62.239189
-62.289291
-62.319191
-62.255795
-62.084801
-62.257301
-62.313995
-62.366364
-62.321262
-62.183308
-62.170532
-62.302071
-62.437687
-62.277344
-62.379505
-62.310905
-62.192245
-62.276638
-62.493797
-62.170441
-61.919731
-62.066971
-62.232155
-62.134769
-61.994629
-62.027740
-61.967819
-62.024380
-62.075340
-62.180492
-62.091366
-62.230564
-62.213810
-62.242359
-62.295689
-62.448292
-62.392509
-62.385845
-62.477787
-62.579472
-62.448025
-62.430294
-62.527561
-62.578392
-62.674473
-62.673725
-62.837921
-62.805500
-62.848049
-63.009388
-63.268692
-63.166698
-63.315636
-63.456730
-63.574162
-63.709721
-63.652744
-63.607849
-63.694641
-63.816845
-63.951466
-63.743519
-63.726128
-63.782764
-63.829910
-63.741192
-63.957920
-63.781326
-63.785892
-63.743572
-63.842018
-63.833843
-63.824883
-63.920708
-63.950680
-63.968498
-63.948399
-64.094833
-63.924770
-64.029556
-64.150467
-64.344688
-64.318932
-64.295944
-64.267609
-64.393280
-64.380615
-64.311813
-64.185715
-64.169266
-64.038887
-63.922451
-63.873478
-63.679417
-63.489281
-63.249111
-63.384937
-63.214890
-63.112610
-62.807575
-62.977364
-62.985321
-62.940079
-62.862450
-62.827789
-62.900337
-62.799141
-62.786869
-62.827461
-62.767033
-62.688095
-62.609623
-62.743217
-62.670982
-62.562382
-62.485043
-62.569633
-62.519840
-62.371017
-62.371140
-62.325680
-62.416180
-62.151825
-62.223507
-62.051857
-62.024975
-61.967934
-61.894878
-61.924603
-61.788944
-61.839855
-61.944229
-61.941174
-61.915409
-62.010372
-62.125874
-62.026863
-62.221828
-62.277718
-62.544521
-62.511089
-62.519028
-62.615456
-62.775246
-62.962872
-62.815945
-62.910591
-62.954750
-63.036850
-63.017139
-63.154572
-63.093311
-63.125896
-63.206142
-63.147114
-63.054756
-63.070072
-63.145256
-62.935894
-62.882599
-62.985039
-62.803341
-62.501480
-62.506680
-62.555531
-62.369911
-62.133492
-62.177212
-62.161472
-62.083420
-62.059460
-61.951382
-62.002636
-61.819260
-61.919998
-61.770252
-61.723293
-61.641945
-61.520226
-61.371376
-61.342609
-61.200748
-61.056549
-60.885387
-61.034401
-60.944748
-60.839699
-60.741547
-60.641350
-60.774960
-60.755745
-60.730186
-60.525394
-60.623955
-60.532299
-60.422466
-60.479107
-60.359570
-60.161190
-60.029228
-60.202900
-60.102966
-59.982193
-59.939331
-59.890568
-59.926476
-59.724800
-59.866924
-59.987366
-59.853142
-59.794178
-59.767426
-59.913929
-59.703583
-59.620777
-59.574360
-59.575890
-59.491112
-59.445950
-59.469410
-59.304989
-59.408642
-59.376358
-59.174210
-59.176670
-59.222004
-59.205753
-58.908329
-59.127781
-59.058777
-58.942989
-58.790321
-58.842857
-58.915554
-58.778038
-58.658489
-58.654667
-58.774925
-58.613827
-58.605221
-58.682907
-58.571709
-58.558281
-58.446274
-58.524784
-58.294987
-58.322033
-58.250393
-58.269108
-58.347816
-58.211948
-58.231831
-58.165028
-58.136547
-58.097519
-58.078949
-58.072380
-58.202820
-58.170849
-57.991261
-58.174282
-58.252716
-58.090794
-57.959305
-58.152046
-58.191822
-58.143822
-58.099022
-58.287739
-58.307365
-58.173061
-58.112194
-58.113049
-58.229546
-58.252064
-58.069363
-58.104965
-58.142609
-58.208794
-58.114193
-58.197540
-58.048759
-58.228992
-58.276890
-58.515175
-58.466900
-58.548035
-58.596889
-58.741306
-59.061523
-59.138676
-59.184391
-59.256115
-59.418018
-59.584450
-59.694939
-59.693546
-59.719292
-59.972111
-59.958862
-59.952618
-60.153488
-60.225079
-60.244091
-60.413857
-60.625507
-60.629387
-60.702919
-60.867954
-61.017864
-60.851898
-61.038158
-61.166862
-61.192554
-61.185295
-61.173119
-61.429359
-61.521225
-61.385414
-61.339405
-61.612030
-61.627956
-61.503239
-61.507839
-61.530865
-61.603909
-61.586353
-61.536434
-61.511379
-61.346096
-61.138062
-61.263359
-61.218956
-60.972160
-60.942635
-61.003307
-61.017334
-60.786140
-60.824444
-60.623276
-60.598667
-60.694431
-60.573162
-60.593552
-60.510319
-60.410118
-60.207405
-60.169098
-60.078281
-60.066299
-60.057964
-59.857964
-59.873810
-59.837826
-59.649944
-59.643314
-59.571079
-59.471859
-59.370724
-59.356949
-59.334286
-59.226761
-59.281307
-59.165398
-59.111885
-58.981171
-59.012276
-58.967773
-58.918972
-58.938828
-58.777279
-58.760983
-58.794186
-58.704845
-58.743137
-58.679573
-58.650951
-58.527191
-58.554390
-58.540112
-58.558449
-58.565285
-58.453613
-58.496498
-58.496933
-58.465027
-58.536514
-58.571762
-58.526066
-58.375961
-58.401360
-58.445911
-58.323860
-58.221077
-58.277676
-58.054081
-58.004219
-57.739491
-57.655544
-57.540489
-57.451942
-57.204876
-57.134411
-56.991898
-56.787830
-56.743183
-56.447483
-56.434879
-56.287144
-56.389484
-56.119854
-56.048576
-55.990719
-56.100628
-55.938812
-55.719330
-55.730721
-55.660172
-55.581787
-55.390755
-55.409317
-55.344173
-55.306633
-55.120197
-55.155754
-55.150005
-55.121639
-55.047600
-55.076874
-55.192101
-55.215069
-55.169201
-55.159798
-55.148518
-55.157303
-55.189133
-55.038563
-55.056164
-55.142723
-54.977333
-54.867268
-55.065254
-55.138668
-54.871113
-54.916969
-55.258949
-55.142223
-54.961857
-55.110512
-55.362877
-55.247093
-55.280987
-55.337807
-55.305496
-55.432625
-55.389156
-55.313599
-55.437538
-55.513748
-55.435520
-55.446529
-55.475647
-55.573250
-55.582451
-55.799034
-55.750195
-55.757504
-55.607712
-55.770344
-55.886761
-55.833157
-55.802856
-55.778431
-55.914383
-55.879646
-55.746376
-55.758709
-55.743176
-55.771461
-55.778038
-55.666653
-55.734673
-55.779564
-55.648708
-55.649616
-55.691570
-55.703362
-55.501923
-55.638798
-55.663689
-55.621048
-55.503246
-55.528767
-55.561623
-55.543125
-55.574638
-55.546577
-55.526241
-55.545090
-55.539417
-55.580002
-55.655045
-55.522324
-55.483559
-55.257336
-55.318417
-55.202324
-55.107544
-54.884659
-54.855228
-54.604980
-54.443310
-54.300774
-54.137943
-53.926842
-53.642326
-53.532413
-53.339504
-53.128872
-52.906532
-52.619118
-52.553619
-52.092167
-52.080364
-51.754517
-51.457321
-51.087811
-50.994839
-50.598213
-50.204170
-49.865749
-49.627647
-49.266098
-48.920071
-48.643749
-48.217331
-47.839653
-47.511528
-47.214306
-46.846184
-46.537830
-46.186092
-45.684494
-45.262508
-44.931538
-44.483456
-44.082062
-43.472359
-42.951900
-42.497883
-42.182098
-41.590206
-40.940807
-40.488823
-40.086300
-39.584194
-39.022243
-38.618221
-38.013542
-37.618126
-37.146343
-36.776237
-36.325718
-35.754189
-35.278618
-34.877647
-34.538639
-33.989765
-33.526100
-33.043255
-32.634361
-32.117226
-31.746710
-31.371490
-30.887667
-30.462057
-30.040207
-29.701077
-29.356009
-28.956766
-28.472012
-28.117874
-27.698841
-27.317339
-26.895756
-26.589668
-26.180258
-25.779373
-25.396063
-25.119987
-24.896950
-24.565935
-24.073015
-23.879164
-23.774252
-23.503895
-23.069448
-22.916264
-22.723267
-22.353535
-21.950384
-21.880505
-21.606817
-21.314802
-20.878023
-20.657377
-20.415619
-20.153854
-19.753439
-19.534710
-19.376595
-19.192774
-18.972111
-18.681589
-18.618189
-18.324883
-18.137848
-17.989475
-17.890978
-17.614729
-17.411419
-17.286911
-17.093557
-16.831144
-16.655825
-16.414492
-16.301754
-16.261204
-16.079065
-15.881441
-15.838331
-15.780098
-15.626300
-15.512573
-15.598304
-15.433856
-15.382085
-15.206671
-15.143027
-15.143485
-15.027179
-14.790737
-14.606256
-14.592669
-14.493527
-14.296787
-14.219339
-14.100638
-14.039811
-13.873119
-13.978176
-13.880191
-13.880386
-13.810672
-13.715144
-13.762985
-13.802588
-13.785300
-13.576418
-13.589222
-13.358652
-13.361468
-13.244619
-13.136120
-12.845373
-12.669664
-12.480603
-12.267497
-12.091619
-11.917342
-11.667182
-11.428268
-11.400708
-11.284100
-11.123388
-10.918499
-10.831418
-10.599417
-10.453281
-10.312207
-10.219579
-9.983968
-9.753422
-9.686677
-9.432391
-9.313944
-9.006870
-8.833364
-8.767537
-8.664077
-8.445684
-8.288956
-8.204901
-7.960971
-7.877528
-7.803341
-7.585364
-7.493651
-7.305365
-7.237072
-7.080735
-7.035578
-6.811207
-6.628386
-6.515246
-6.498785
-6.364787
-6.142311
-6.091928
-5.956532
-5.861318
-5.769502
-5.648799
-5.513344
-5.268753
-5.129130
-4.866465
-4.893601
-4.721557
-4.548668
-4.239819
-4.068046
-3.925118
-3.859846
-3.769918
-3.767984
-3.703994
-3.512273
-3.548689
-3.516931
-3.434005
-3.290540
-3.321120
-3.443066
-3.220679
-3.085860
-2.954356
-2.918121
-2.823914
-2.609725
-2.557683
-2.473142
-2.415512
-2.350024
-2.249656
-2.251119
-2.217040
-2.082125
-2.076940
-2.178019
-2.100617
-1.963637
-1.947544
-1.865996
-1.935973
-1.761662
-1.768195
-1.652760
-1.653060
-1.567201
-1.535198
-1.568014
-1.472663
-1.408190
-1.512801
-1.645572
-1.521505
-1.471015
-1.545419
-1.606963
-1.530197
-1.586637
-1.515883
-1.465344
-1.509809
-1.395649
-1.510005
-1.397195
-1.447297
-1.239567
-1.367612
-1.397591
-1.344872
-1.228285
-1.287146
-1.294285
-1.130413
-1.141288
-1.223290
-1.128222
-1.018621
-1.000741
-1.023787
-1.005501
-1.121801
-1.076632
-1.142615
-1.033082
-1.174579
-1.168863
-1.244929
-1.216937
-1.369153
-1.251614
-1.319717
-1.343146
-1.346378
-1.296370
-1.329685
-1.276317
-1.276082
-1.340938
-1.384745
-1.169139
-1.246305
-1.130577
-1.147733
-1.037319
-1.066758
-0.906386
-0.788948
-0.740874
-0.662632
-0.668362
-0.458134
-0.529822
-0.348377
-0.393652
-0.374979
-0.446638
-0.321919
-0.317734
-0.511618
-0.453660
-0.424311
-0.349861
-0.419208
-0.231791
-0.371529
-0.267623
-0.226693
-0.194917
-0.029489
-0.041215
0.037092
-0.005356
0.109109
-0.008119
0.088672
0.072758
0.094389
-0.028886
0.068967
0.085429
0.075582
0.021558
0.076340
0.163590
0.137446
0.123090
0.128551
0.380865
0.317823
0.294232
0.301831
0.380070
0.264796
0.396566
0.476735
0.474040
0.395531
0.377663
0.339383
0.437709
0.459642
0.490668
0.473033
0.562622
0.448480
0.502035
0.482520
0.619642
0.565977
0.585461
0.594660
0.602073
0.532354
0.528177
0.507499
0.449519
0.483241
0.421756
0.463395
0.429063
0.506545
0.394366
0.402233
0.409719
0.477429
0.493081
0.554721
0.401309
0.440261
0.290642
0.322591
0.157394
0.243740
0.027693
0.018575
-0.028212
-0.198557
-0.270256
-0.252346
-0.146286
-0.300219
-0.293046
-0.336915
-0.246480
-0.284212
-0.340385
-0.228985
-0.300115
-0.396736
-0.340073
-0.302557
-0.429169
-0.535059
-0.578525
-0.775794
-0.662169
-0.607013
-0.640276
-0.826566
-0.688668
-0.659132
-0.690077
-0.599293
-0.590641
-0.567379
-0.615400
-0.549968
-0.493233
-0.506818
-0.588926
-0.691762
-0.648945
-0.581830
-0.599935
-0.579561
-0.621635
-0.568381
-0.634544
-0.575858
-0.483957
-0.476749
-0.463363
-0.493134
-0.282060
-0.356032
-0.270633
-0.377994
-0.390004
-0.307752
-0.331538
-0.309087
-0.303834
-0.371368
-0.282373
-0.264184
-0.251903
-0.237016
-0.198541
-0.231146
-0.111220
-0.072635
-0.019249
-0.061408
-0.027432
-0.034767
-0.027552
-0.009279
-0.040347
0.023037
-0.068928
0.013065
-0.059353
-0.032383
-0.065944
0.021999
0.006859
-0.013400
0.066519
-0.095443
0.043347
-0.013618
-0.000592
0.026328
0.021894
0.059191
-0.065088
0.013703
-0.089753
-0.067174
-0.084130
0.021831
0.011010
-0.055240
-0.036210
-0.052684
-0.021563
-0.073744
-0.032412
-0.078185
-0.050501
-0.020891
-0.041164
-0.079357
-0.086757
-0.095275
-0.084306
-0.001866
-0.076583
-0.083626
-0.079105
0.049234
0.029912
0.017418
-0.004717
0.099256
0.053302
0.042264
0.061879
0.093179
0.061831
0.087897
0.099381
0.110074
0.074628
0.050865
0.101529
0.145344
0.142155
0.145333
0.273284
0.270120
0.163027
0.270041
0.265661
0.283688
0.295459
0.286083
0.355405
0.382343
0.198681
0.360719
0.309028
0.323690
0.304385
0.359097
0.402821
0.402217
0.252805
0.384739
0.380025
0.362653
0.404619
0.357984
0.376454
0.367833
0.439792
0.319157
0.320927
0.316118
0.325356
0.284612
0.381449
0.313664
0.306654
0.314501
0.360147
0.345986
0.419720
0.389288
0.407706
0.388107
0.453817
0.467257
0.407070
0.355743
0.330561
0.399468
0.303317
0.375282
0.328998
0.330500
0.286704
0.350596
0.289144
0.334824
0.335334
0.386258
0.347036
0.343638
0.373791
0.388596
0.384215
0.279332
0.308322
0.317977
0.337754
0.348311
0.302664
0.309995
0.226117
0.332903
0.314254
0.329718
0.257413
0.291431
0.261692
0.261644
0.294393
0.261190
0.225097
0.181355
0.146709
0.127515
0.143098
0.105106
0.036541
0.118420
0.055476
0.094376
0.025537
-0.002426
0.088251
-0.016419
0.056141
-0.014331
-0.011004
-0.058241
0.030189
-0.124468
-0.077682
-0.169536
-0.216871
-0.237783
-0.161223
-0.209403
-0.384080
-0.470230
-0.453683
-0.579129
-0.536022
-0.555325
-0.680828
-0.817479
-0.707216
-0.786732
-0.798916
-0.888032
-0.960942
-1.013972
-1.039040
-1.006819
-1.051866
-1.141939
-1.220384
-1.062599
-1.114042
-1.207341
-1.224870
-1.096658
-0.995965
-1.112630
-1.096554
-1.159175
-1.181659
-1.221762
-1.029783
-1.048991
-1.128530
-1.150248
-1.152905
-1.087649
-1.225404
-1.128353
-1.178015
-1.096521
-1.057816
-1.109196
-1.097032
-1.149903
-1.123669
-1.096115
-1.079147
-1.023641
-1.099381
-1.063070
-1.079234
-1.050044
-1.004339
-1.078009
-1.087407
-1.046610
-0.954179
-0.858930
-0.934059
-0.932274
-1.009840
-0.957417
-0.826347
-0.793212
-0.808430
-0.831766
-0.784211
-0.738446
-0.718526
-0.734637
-0.748072
-0.744587
-0.681019
-0.519566
-0.595257
-0.611160
-0.628405
-0.575699
-0.429971
-0.446493
-0.471614
-0.471955
-0.458649
-0.416457
-0.338380
-0.353510
-0.487302
-0.455129
-0.387865
-0.298380
-0.353142
-0.285704
-0.312584
-0.312635
-0.262046
-0.178839
-0.184142
-0.209097
-0.263358
-0.164646
-0.140868
-0.095755
-0.189629
-0.238071
-0.191723
-0.083807
-0.073140
-0.192759
-0.199596
-0.136778
-0.116990
-0.036784
-0.041192
-0.087721
-0.122958
-0.127484
0.019050
0.035928
-0.034533
-0.088727
-0.035980
-0.025651
-0.046870
-0.039490
0.047953
-0.070660
-0.133635
0.033847
0.046882
-0.024951
-0.055874
0.018306
0.017667
0.002872
0.076319
0.072167
-0.013883
0.009099
0.058753
0.060755
0.039408
0.040153
0.108675
0.079508
0.131218
0.049471
0.034644
0.071009
0.156575
0.086309
0.121873
0.060757
0.133951
0.110639
0.049071
0.099136
0.092215
0.015916
0.081624
0.104833
0.089765
-0.016797
-0.012952
0.040263
0.024265
-0.031001
-0.047622
0.026554
-0.019725
-0.057925
-0.060183
-0.084814
-0.049233
-0.055185
-0.074758
-0.079965
0.031567
-0.135300
-0.144089
-0.058924
-0.048102
-0.223249
-0.220837
-0.084963
-0.065304
-0.240175
-0.233636
-0.174352
-0.258139
-0.192839
-0.215759
-0.178254
-0.255113
-0.303146
-0.254737
-0.195529
-0.233440
-0.258601
-0.315955
-0.244089
-0.217044
-0.264871
-0.275474
-0.320889
-0.308003
-0.285650
-0.296529
-0.289058
-0.391279
-0.314909
-0.274099
-0.245871
-0.429074
-0.350333
-0.297451
-0.381821
-0.296739
-0.311086
-0.302864
-0.382780
-0.367178
-0.345614
-0.284391
-0.383718
-0.423596
-0.362554
-0.288911
-0.315353
-0.392187
-0.411482
-0.329730
-0.396398
-0.327009
-0.433861
-0.338637
-0.381607
-0.322430
-0.365552
-0.288558
-0.392616
-0.373961
-0.307112
-0.352964
-0.374350
-0.348107
-0.366440
-0.393315
-0.430368
-0.299141
-0.376204
-0.363635
-0.387532
-0.316746
-0.351264
-0.406535
-0.395175
-0.292507
-0.279969
-0.284402
-0.304444
-0.412378
-0.354808
-0.324145
-0.360241
-0.295052
-0.389584
-0.362574
-0.345930
-0.268567
-0.353433
-0.370406
-0.411378
-0.323408
-0.249561
-0.318684
-0.402743
-0.372624
-0.376825
-0.371046
-0.360010
-0.321573
-0.437579
-0.433332
-0.401005
-0.420940
-0.420469
-0.408063
-0.439496
-0.395741
-0.395070
-0.423778
-0.409307
-0.455519
-0.395197
-0.376181
-0.414488
-0.414073
-0.431139
-0.416764
-0.485909
-0.436815
-0.482730
-0.426333
-0.452926
-0.416869
-0.416728
-0.505481
-0.429200
-0.370166
-0.449244
-0.440384
-0.426111
-0.422541
-0.407255
-0.372638
-0.435991
-0.394017
-0.416006
-0.427505
-0.374170
-0.388544
-0.404728
-0.469931
-0.378538
-0.319209
-0.432870
-0.373588
-0.364048
-0.395200
-0.483642
-0.386842
-0.370441
-0.396690
-0.347571
-0.457447
-0.323387
-0.397301
-0.393348
-0.434234
-0.298349
-0.323883
-0.384023
-0.327616
-0.340597
-0.326166
-0.320835
-0.244353
-0.352706
-0.353781
-0.274730
-0.311287
-0.274103
-0.325847
-0.313181
-0.369349
-0.231061
-0.223779
-0.329889
-0.338802
-0.351599
-0.212751
-0.219594
-0.269079
-0.334313
-0.301418
-0.214638
-0.248724
-0.162778
-0.241030
-0.297384
-0.244626
-0.158514
-0.242136
-0.236108
-0.222469
-0.193191
-0.174625
-0.229302
-0.136571
-0.192272
-0.219821
-0.186639
-0.156191
-0.136065
-0.118293
-0.188685
-0.290050
-0.188835
-0.103298
-0.061798
-0.215322
-0.260474
-0.164565
-0.109732
-0.119012
-0.248156
-0.184965
-0.100491
-0.125584
-0.137668
-0.154518
-0.118909
-0.103347
-0.087158
-0.157805
-0.124380
-0.068918
-0.048817
-0.069047
-0.129646
-0.097965
-0.027907
-0.132334
-0.111211
-0.116821
-0.012656
-0.048711
-0.123516
-0.096488
-0.142995
-0.052213
-0.149962
-0.090595
-0.159565
-0.078550
-0.116366
-0.122290
-0.154899
-0.148133
-0.080107
-0.051106
-0.039981
-0.170776
-0.045364
-0.018041
-0.090206
-0.090744
-0.116817
-0.058720
-0.080669
-0.175564
-0.170928
-0.077715
-0.093518
-0.218741
-0.206119
-0.102518
-0.128516
-0.203238
-0.208265
-0.103903
-0.133015
-0.066711
-0.180809
-0.112533
-0.123209
-0.122000
-0.221413
-0.128531
-0.066735
-0.136449
-0.114047
-0.207159
-0.126299
-0.103838
-0.092967
-0.088261
-0.109593
-0.114477
-0.189973
-0.181540
-0.206323
-0.062416
-0.122274
-0.153070
-0.282648
-0.107547
-0.197637
-0.267768
-0.199174
-0.133427
-0.155585
-0.292984
-0.131385
-0.144321
-0.142366
-0.191492
-0.257616
-0.233713
-0.095089
-0.078247
-0.189172
-0.287807
-0.228540
-0.171446
-0.216424
-0.152632
-0.118506
-0.150042
-0.179357
-0.189453
-0.133982
-0.046395
-0.177769
-0.251352
-0.299586
-0.231532
-0.113437
-0.222415
-0.266841
-0.312056
-0.189710
-0.305057
-0.306146
-0.308422
-0.222989
-0.250593
-0.339330
-0.299665
-0.256108
-0.209730
-0.385482
-0.292108
-0.209259
-0.179122
-0.404095
-0.344418
-0.325041
-0.249040
-0.314529
-0.389358
-0.351708
-0.339361
-0.381332
-0.346856
-0.354570
-0.299768
-0.391641
-0.418673
-0.377566
-0.273097
-0.337634
-0.452000
-0.404450
-0.348340
-0.360847
-0.431589
-0.465491
-0.315720
-0.362563
-0.509243
-0.520025
-0.348083
-0.336385
-0.401616
-0.467495
-0.385471
-0.359736
-0.393576
-0.475450
-0.449136
-0.283193
-0.333312
-0.470999
-0.560818
-0.391016
-0.418264
-0.471926
-0.520616
-0.362548
-0.480699
-0.497478
-0.498886
-0.384441
-0.430535
-0.491044
-0.466500
-0.398974
-0.387822
-0.436818
-0.522915
-0.391118
-0.334570
-0.375076
-0.437755
-0.399373
-0.397379
-0.421654
-0.435986
-0.406422
-0.278670
-0.407438
-0.467764
-0.439355
-0.318777
-0.450364
-0.438232
-0.353395
-0.318772
-0.337919
-0.372021
-0.334069
-0.369498
-0.347140
-0.315698
-0.323625
-0.380394
-0.352276
-0.331293
-0.391129
-0.373950
-0.261068
-0.292548
-0.356845
-0.346564
-0.233687
-0.287788
-0.298855
-0.305818
-0.242145
-0.250161
-0.334322
-0.306945
-0.203926
-0.304851
-0.335343
-0.338784
-0.245914
-0.242121
-0.287152
-0.300669
-0.278533
-0.223131
-0.287290
-0.302250
-0.200901
-0.180945
-0.257188
-0.252105
-0.244036
-0.165837
-0.198802
-0.226521
-0.232248
-0.136826
-0.170337
-0.287589
-0.170642
-0.167488
-0.097163
-0.241557
-0.123129
-0.203435
-0.117567
-0.249960
-0.143628
-0.084313
-0.123307
-0.197502
-0.209330
-0.087034
-0.144022
-0.176655
-0.180665
-0.111302
-0.097258
-0.179892
-0.107848
-0.096349
-0.072942
-0.169632
-0.187850
-0.053965
-0.123812
-0.125683
-0.086038
-0.126324
-0.106193
-0.125249
-0.170792
-0.206717
-0.044752
-0.087065
-0.135707
-0.138132
-0.071589
-0.168560
-0.123694
-0.100735
-0.062624
-0.025853
-0.157752
-0.157126
-0.116801
-0.069028
-0.115485
-0.127608
-0.130631
-0.088895
-0.129181
-0.128417
-0.087443
-0.112073
-0.109935
-0.197728
-0.108210
-0.028632
-0.121802
-0.240011
-0.129161
-0.064480
-0.159881
-0.187464
-0.138683
-0.075109
-0.185688
-0.236928
-0.170973
-0.129333
-0.175091
-0.224932
-0.260697
-0.155599
-0.189347
-0.215344
-0.238249
-0.144760
-0.262195
-0.311293
-0.204780
-0.159570
-0.208351
-0.269976
-0.190065
-0.195383
-0.205653
-0.266962
-0.278777
-0.183145
-0.242759
-0.191658
-0.251415
-0.220056
-0.206858
-0.259636
-0.262383
-0.264220
-0.144212
-0.209108
-0.311623
-0.335566
-0.176277
-0.168797
-0.325343
-0.277187
-0.171243
-0.186936
-0.288758
-0.267880
-0.187662
-0.269019
-0.287195
-0.290999
-0.137087
-0.260667
-0.291319
-0.286457
-0.237643
-0.221347
-0.270486
-0.248294
-0.253804
-0.241699
-0.281685
-0.311833
-0.250287
-0.227897
-0.208116
-0.339940
-0.319372
-0.225730
-0.246570
-0.268951
-0.282288
-0.298374
-0.306596
-0.261864
-0.304183
-0.272537
-0.284647
-0.243317
-0.294849
-0.282846
-0.207450
-0.242917
-0.350244
-0.288792
-0.170481
-0.263324
-0.298419
-0.218802
-0.215334
-0.342694
-0.261119
-0.278478
-0.249015
-0.319199
-0.262323
-0.304693
-0.217178
-0.269192
-0.275957
-0.262977
-0.247872
-0.242469
-0.274371
-0.192742
-0.233280
-0.230981
-0.284818
-0.258497
-0.188179
-0.236052
-0.244494
-0.298705
-0.189833
-0.213108
-0.297994
-0.287923
-0.228722
-0.162787
-0.215273
-0.242396
-0.221687
-0.163586
-0.204533
-0.197243
-0.209107
-0.151335
-0.238679
-0.239126
-0.159043
-0.075694
-0.181434
-0.236326
-0.120263
-0.115431
-0.107582
-0.181606
-0.111284
-0.075723
-0.103087
-0.119973
-0.080039
-0.064464
-0.035825
-0.110582
-0.081056
-0.006686
-0.049241
-0.117414
-0.025236
-0.051767
-0.061647
-0.078674
-0.024149
-0.006816
-0.034646
-0.083720
-0.066875
-0.040127
0.104433
-0.058505
-0.044797
-0.025966
0.061813
-0.002069
-0.011312
-0.011678
0.026422
0.014819
-0.055592
0.053632
0.030324
0.044038
-0.068251
0.059556
0.088110
0.012556
-0.046422
0.071234
0.099273
0.047748
-0.005989
0.075031
0.059162
0.061267
0.003859
0.030282
0.097129
0.015940
-0.072550
0.048799
0.097722
0.060033
0.022913
0.027996
0.052089
0.078788
0.041048
0.008118
0.129137
-0.001857
0.018784
-0.007511
0.143491
0.040016
-0.052377
-0.067664
0.014426
0.106043
-0.008542
-0.086672
-0.006183
-0.055829
-0.034835
-0.061909
0.141791
0.066001
-0.081942
-0.087934
-0.018921
0.128893
0.007378
-0.093894
-0.075385
0.083223
0.025582
-0.114601
-0.006838
-0.060957
-0.141232
-0.152447
-0.031909
0.027771
-0.092335
-0.147782
-0.123536
0.024594
0.066059
0.015128
-0.234818
-0.045479
0.080979
0.035886
-0.066483
0.044281
-0.140952
-0.200395
-0.113590
-0.040062
-0.060214
-0.116197
-0.233376
-0.098791
-0.091696
-0.086783
-0.173183
-0.130964
-0.045173
-0.052463
-0.090872
-0.161967
-0.025122
-0.095271
-0.156390
-0.284360
-0.255871
-0.201951
-0.244765
-0.232268
-0.242286
-0.162632
-0.223641
-0.283333
-0.207382
-0.133333
-0.172627
-0.239748
-0.110677
-0.121698
-0.034690
-0.229468
-0.227902
-0.249615
-0.148510
-0.209993
-0.217323
-0.232259
-0.290463
-0.222633
-0.214390
-0.168536
-0.331753
-0.324477
-0.263652
-0.172557
-0.248900
-0.300249
-0.324749
-0.189670
-0.331587
-0.296680
-0.334919
-0.269471
-0.421061
-0.381070
-0.367267
-0.335969
-0.328188
-0.343091
-0.371779
-0.352324
-0.349355
-0.248887
-0.385246
-0.278504
-0.350731
-0.209374
-0.314719
-0.251676
-0.370822
-0.345753
-0.384761
-0.282261
-0.313385
-0.389544
-0.347988
-0.381543
-0.328348
-0.412650
-0.334624
-0.397461
-0.326971
-0.351783
-0.269528
-0.343907
-0.281873
-0.322602
-0.269585
-0.270049
-0.317658
-0.318948
-0.323710
-0.272727
-0.308384
-0.280434
-0.259160
-0.400352
-0.313999
-0.198204
-0.191188
-0.330705
-0.215740
-0.279507
-0.293759
-0.280413
-0.204441
-0.267516
-0.361276
-0.298069
-0.207802
-0.241066
-0.321151
-0.320562
-0.212389
-0.204368
-0.270509
-0.156650
-0.216362
-0.195393
-0.242480
-0.171022
-0.101180
-0.162727
-0.240285
-0.218635
-0.144552
-0.154322
-0.213845
-0.213446
-0.137985
-0.191449
-0.219135
-0.105985
-0.182542
-0.179314
-0.181142
-0.138252
-0.167656
-0.081157
-0.220815
-0.181073
-0.132169
-0.190547
-0.225314
-0.174997
-0.206613
-0.161377
-0.251356
-0.222107
-0.289501
-0.190387
-0.118802
-0.176808
-0.263601
-0.236188
-0.255237
-0.289622
-0.224490
-0.215798
-0.324831
-0.312497
-0.363484
-0.192310
-0.280844
-0.333851
-0.335069
-0.363596
-0.320768
-0.302378
-0.366423
-0.404127
-0.357740
-0.397032
-0.366549
-0.429049
-0.435018
-0.448532
-0.463554
-0.438702
-0.477566
-0.432368
-0.556597
-0.464726
-0.496762
-0.470786
-0.520538
-0.524732
-0.545546
-0.561859
-0.421825
-0.534452
-0.543320
-0.576886
-0.557524
-0.613002
-0.553482
-0.527063
-0.550550
-0.541431
-0.602103
-0.522318
-0.555410
-0.483993
-0.595978
-0.531992
-0.590089
-0.536070
-0.594587
-0.568007
-0.626870
-0.601524
-0.504798
-0.631900
-0.610309
-0.637175
-0.569795
-0.620748
-0.543825
-0.598518
-0.644291
-0.576761
-0.585171
-0.604387
-0.694254
-0.553782
-0.615483
-0.681951
-0.639340
-0.660284
-0.594868
-0.737774
-0.648253
-0.644829
-0.638439
-0.764300
-0.763202
-0.662618
-0.706769
-0.649100
-0.674235
-0.729139
-0.758612
-0.769261
-0.620527
-0.704741
-0.727016
-0.753383
-0.708645
-0.736256
-0.659280
-0.662090
-0.738311
-0.779615
-0.654890
-0.685370
-0.694804
-0.801048
-0.761739
-0.727167
-0.689703
-0.689727
-0.731963
-0.775648
-0.740474
-0.700840
-0.732025
-0.686023
-0.718326
-0.718544
-0.684573
-0.707022
-0.681575
-0.757027
-0.653986
-0.740868
-0.672275
-0.689618
-0.660850
-0.666666
-0.682035
-0.670581
-0.643224
-0.632224
-0.677935
-0.659845
-0.636181
-0.595559
-0.623474
-0.667938
-0.548884
-0.590771
-0.590509
-0.695398
-0.570730
-0.584285
-0.538880
-0.569695
-0.561698
-0.519342
-0.557048
-0.537220
-0.514555
-0.463643
-0.502060
-0.484626
-0.438175
-0.538339
-0.476398
-0.500787
-0.354334
-0.453337
-0.432634
-0.399278
-0.366291
-0.391380
-0.420716
-0.324294
-0.284711
-0.324268
-0.255750
-0.334460
-0.252577
-0.284458
-0.259620
-0.297598
-0.226523
-0.205732
-0.263214
-0.320319
-0.252126
-0.259127
-0.175970
-0.133245
-0.260544
-0.231675
-0.155444
-0.227440
-0.186646
-0.183335
-0.145407
-0.186398
-0.092062
-0.155983
-0.171151
-0.186894
-0.142641
-0.194677
-0.178723
-0.177370
-0.166703
-0.176630
-0.137965
-0.180404
-0.220231
-0.199701
-0.226323
-0.187827
-0.162480
-0.165975
-0.261645
-0.249421
-0.262569
-0.304622
-0.288258
-0.307555
-0.264643
-0.296332
-0.320828
-0.306674
-0.366942
-0.405740
-0.274569
-0.271204
-0.423125
-0.471275
-0.345326
-0.410427
-0.448245
-0.462970
-0.515650
-0.550822
-0.486717
-0.499865
-0.562264
-0.603160
-0.597502
-0.642353
-0.586522
-0.589764
-0.597292
-0.674996
-0.676657
-0.638886
-0.616273
-0.677843
-0.738620
-0.727563
-0.742653
-0.763827
-0.808073
-0.812212
-0.882634
-0.888014
-0.791181
-0.878208
-0.985200
-0.954074
-0.919037
-0.964394
-1.050717
-0.986115
-1.047263
-1.093881
-1.126017
-1.135357
-1.162743
-1.216480
-1.288087
-1.240946
-1.286432
-1.357006
-1.422997
-1.368213
-1.345402
-1.435516
-1.479044
-1.494869
-1.523445
-1.585985
-1.612985
-1.566315
-1.682344
-1.672344
-1.715981
-1.767395
-1.967227
-1.908274
-1.890443
-1.977710
-2.112679
-2.049041
-2.068591
-2.142011
-2.146876
-2.203407
-2.175084
-2.298822
-2.369668
-2.373725
-2.305865
-2.445778
-2.506044
-2.583587
-2.585774
-2.686020
-2.641878
-2.609359
-2.699812
-2.796583
-2.756909
-2.742198
-2.798655
-2.806971
-2.819374
-2.773837
-2.728675
-2.871014
-2.919914
-2.860741
-2.865180
-3.056985
-3.017920
-2.952768
-3.049301
-3.259001
-3.084270
-3.124330
-3.313411
-3.341209
-3.264804
-3.335573
-3.462719
-3.441804
-3.472474
-3.544543
-3.599531
-3.644393
-3.711794
-3.793994
-3.847008
-3.943251
-3.992594
-4.013793
-4.123348
-4.133761
-4.232077
-4.330466
-4.375294
-4.285546
-4.574649
-4.607490
-4.621940
-4.733760
-4.803720
-4.765116
-4.985519
-5.055409
-5.103098
-5.185195
-5.328353
-5.328035
-5.444862
-5.546041
-5.736079
-5.698479
-5.781132
-5.947320
-6.084736
-6.089387
-6.182999
-6.288964
-6.355774
-6.489481
-6.548591
-6.669777
-6.770540
-6.838940
-6.892663
-6.989198
-7.149199
-7.181981
-7.287658
-7.346485
-7.526844
-7.545877
-7.645319
-7.832583
-7.927204
-8.004765
-8.106236
-8.198776
-8.386346
-8.549044
-8.526168
-8.726355
-8.934681
-8.894349
-8.993462
-9.217207
-9.390318
-9.502900
-9.481210
-9.634366
-9.839079
-9.946247
-10.045484
-10.147653
-10.318718
-10.386862
-10.488248
-10.711186
-10.847838
-10.962468
-10.948165
-11.117214
-11.362662
-11.453851
-11.480161
-11.614401
-11.749469
-11.936369
-12.012180
-12.140314
-12.305210
-12.409075
-12.630711
-12.677219
-12.919803
-13.034685
-13.192910
-13.294819
-13.529804
-13.718849
-13.780995
-14.006460
-14.212909
-14.342035
-14.445396
-14.639418
-14.789993
-15.002004
-15.135677
-15.342344
-15.556992
-15.740913
-15.795086
-16.039297
-16.314901
-16.419420
-16.570656
-16.781782
-16.968204
-17.116379
-17.277351
-17.482737
-17.591225
-17.744844
-17.900745
-18.118887
-18.270609
-18.486778
-18.642540
-18.783846
-19.049116
-19.119488
-19.306494
-19.433414
-19.752203
-19.804771
-20.012840
-20.101416
-20.364275
-20.492702
-20.556835
-20.823843
-20.956812
-21.175333
-21.241013
-21.512430
-21.612230
-21.816158
-21.894180
-22.091955
-22.287106
-22.425434
-22.613274
-22.713461
-22.968493
-23.100912
-23.115961
-23.409397
-23.595041
-23.775711
-23.822596
-24.117231
-24.188931
-24.340942
-24.413363
-24.639664
-24.830236
-24.971096
-25.132538
-25.219612
-25.398066
-25.550144
-25.736296
-25.805359
-25.988932
-26.059109
-26.224516
-26.429064
-26.617289
-26.732300
-26.804924
-26.975220
-27.108517
-27.294704
-27.324373
-27.498672
-27.585812
-27.747658
-27.845766
-28.010704
-28.094328
-28.161625
-28.301195
-28.413836
-28.601662
-28.738470
-28.883722
-29.030563
-29.105816
-29.232737
-29.375919
-29.638678
-29.735504
-29.718351
-29.879223
-30.065790
-30.213478
-30.313797
-30.296282
-30.378891
-30.531101
-30.671577
-30.656696
-30.840979
-30.862873
-31.019218
-31.053062
-31.123426
-31.131290
-31.310421
-31.410654
-31.360487
-31.565559
-31.542217
-31.758324
-31.685066
-31.808594
-31.834354
-31.979836
-31.974751
-32.012539
-32.187759
-32.230877
-32.255405
-32.401375
-32.530590
-32.575058
-32.613853
-32.737606
-32.808289
-32.899311
-33.004498
-33.087105
-33.218380
-33.281124
-33.252354
-33.322353
-33.384090
-33.519024
-33.515709
-33.598625
-33.690887
-33.730282
-33.816296
-33.928978
-33.994923
-34.083683
-34.074421
-34.222008
-34.340855
-34.394699
-34.430004
-34.515003
-34.562401
-34.637730
-34.688110
-34.693638
-34.805458
-34.934032
-34.939087
-34.944756
-35.109253
-35.174652
-35.095509
-35.297150
-35.442688
-35.450783
-35.522545
-35.683777
-35.741661
-35.794815
-35.871040
-36.011509
-36.150841
-36.202854
-36.268467
-36.386639
-36.515606
-36.530624
-36.674328
-36.852074
-36.867878
-36.920052
-36.976315
-37.206200
-37.217335
-37.275230
-37.480770
-37.450691
-37.493504
-37.593903
-37.780159
-37.768162
-37.908676
-37.995903
-38.049053
-38.135086
-38.166660
-38.335003
-38.372002
-38.531597
-38.559242
-38.595913
-38.717281
-38.863857
-38.920059
-38.918358
-39.043903
-39.246422
-39.329632
-39.304283
-39.424652
-39.655357
-39.635864
-39.744122
-39.888821
-39.931221
-39.966000
-40.042866
-40.170933
-40.178337
-40.296810
-40.272320
-40.434612
-40.425404
-40.517952
-40.599293
-40.570023
-40.772007
-40.790257
-40.976303
-40.877254
-41.070213
-41.132298
-41.297424
-41.260601
-41.342155
-41.439240
-41.388962
-41.469128
-41.559025
-41.693520
-41.580837
-41.667614
-41.732754
-41.828602
-41.824726
-41.851391
-41.883465
-42.005787
-42.118637
-42.105904
-42.098713
-42.217270
-42.240372
-42.269268
-42.307007
-42.402428
-42.394726
-42.476963
-42.569912
-42.674416
-42.633965
-42.621967
-42.673462
-42.792831
-42.955479
-42.936058
-43.015388
-43.088894
-43.169476
-43.229832
-43.250118
-43.455997
-43.423073
-43.489693
-43.623653
-43.702084
-43.844959
-43.827015
-43.927105
-43.999134
-44.023823
-44.243057
-44.242107
-44.414135
-44.469418
-44.564583
-44.670528
-44.832539
-44.933083
-44.950523
-45.150986
-45.299721
-45.423008
-45.472973
-45.606636
-45.661278
-45.864716
-45.975662
-46.065868
-46.147049
-46.258698
-46.305817
-46.491844
-46.593380
-46.631096
-46.678799
-46.762432
-46.858410
-47.069908
-47.137955
-47.224377
-47.208561
-47.456596
-47.564331
-47.626022
-47.740116
-47.864830
-47.976933
-48.092266
-48.147644
-48.238300
-48.423687
-48.502144
-48.490532
-48.580490
-48.795547
-48.801376
-48.852856
-48.943096
-49.092262
-49.127533
-49.131237
-49.294575
-49.265564
-49.387123
-49.441948
-49.546177
-49.549557
-49.596363
-49.666183
-49.657749
-49.742363
-49.801765
-49.892509
-49.816833
-50.017788
-50.005173
-49.998539
-50.018688
-50.123589
-50.111988
-50.076958
-50.111610
-50.267265
-50.183308
-50.266670
-50.323193
-50.347912
-50.316322
-50.384789
-50.466312
-50.379429
-50.569912
-50.510654
-50.597656
-50.562408
-50.690533
-50.606567
-50.594906
-50.811756
-50.768078
-50.760384
-50.769775
-50.956493
-50.894047
-50.925648
-50.909748
-51.051552
-51.107716
-51.015736
-51.110317
-51.303680
-51.252357
-51.306503
-51.334362
-51.401268
-51.425465
-51.461460
-51.598103
-51.531609
-51.598660
-51.678379
-51.731285
-51.784199
-51.811127
-51.861515
-51.889870
-51.980980
-52.091030
-52.076801
-52.139942
-52.186920
-52.260220
-52.297150
-52.383461
-52.464207
-52.449589
-52.532032
-52.608177
-52.704399
-52.769657
-52.792439
-52.929108
-52.951332
-53.078739
-53.176270
-53.313324
-53.241486
-53.452000
-53.436058
-53.633507
-53.562748
-53.762089
-53.802094
-53.879040
-53.905914
-54.010639
-54.033199
-54.126823
-54.242542
-54.322350
-54.346352
-54.460140
-54.546692
-54.662880
-54.713688
-54.833794
-54.970715
-54.963581
-55.033131
-55.167130
-55.235168
-55.284081
-55.455040
-55.449730
-55.588707
-55.690414
-55.723358
-55.768032
-55.843109
-56.055836
-56.098026
-56.096016
-56.108669
-56.417965
-56.291187
-56.357918
-56.458237
-56.573433
-56.608021
-56.620949
-56.742249
-56.796356
-56.791046
-56.844032
-56.952293
-57.018898
-57.000736
-57.053085
-57.143383
-57.157566
-57.187016
-57.183590
-57.239803
-57.239708
-57.274899
-57.406734
-57.361416
-57.404869
-57.371311
-57.478168
-57.389446
-57.488846
-57.539646
-57.471260
-57.579681
-57.635406
-57.636902
-57.585373
-57.620560
-57.602566
-57.644745
-57.587032
-57.592621
-57.705105
-57.561737
-57.595516
-57.697174
-57.768291
-57.584625
-57.578922
-57.784595
-57.838406
-57.718330
-57.648106
-57.818821
-57.786129
-57.753864
-57.741554
-57.762775
-57.810993
-57.685749
-57.758385
-57.766926
-57.682529
-57.636181
-57.726624
-57.784252
-57.626530
-57.594986
-57.508381
-57.637695
-57.689262
-57.708469
-57.578667
-57.589859
-57.635319
-57.599644
-57.651649
-57.646221
-57.482010
-57.640488
-57.594353
-57.556519
-57.496731
-57.498367
-57.528378
-57.395023
-57.566708
-57.390125
-57.442802
-57.580540
-57.571495
-57.530968
-57.455933
-57.524521
-57.416519
-57.514919
-57.536518
-57.568058
-57.499668
-57.328178
-57.550858
-57.454754
-57.469608
-57.398430
-57.449425
-57.436783
-57.385872
-57.480480
-57.357040
-57.483040
-57.368679
-57.543762
-57.371597
-57.430805
-57.469704
-57.388435
-57.463081
-57.536499
-57.585670
-57.386803
-57.540134
-57.608219
-57.654369
-57.641003
-57.602425
-57.661533
-57.551029
-57.643749
-57.576214
-57.737476
-57.603397
-57.571053
-57.553619
-57.661030
-57.621384
-57.597946
-57.674911
-57.511036
-57.712452
-57.763611
-57.664509
-57.741249
-57.798290
-57.701408
-57.682793
-57.818993
-57.798908
-57.787369
-57.816734
-57.933964
-57.786396
-57.770393
-57.875515
-57.903645
-57.799736
-57.885849
-57.915684
-57.963234
-57.756351
-57.947762
-57.977833
-57.989330
-57.817844
-57.958878
-58.003189
-58.034214
-58.007477
-58.020344
-58.064804
-58.092091
-58.015461
-57.983173
-58.173870
-58.209900
-58.041733
-58.199818
-58.169525
-58.137497
-58.118176
-58.172268
-58.292431
-58.220974
-58.213375
-58.133465
-58.267113
-58.165527
-58.337173
-58.254429
-58.229145
-58.223522
-58.275219
-58.330898
-58.326927
-58.273106
-58.382549
-58.449654
-58.279766
-58.404179
-58.417328
-58.472107
-58.335629
-58.465530
-58.526421
-58.529060
-58.471935
-58.610699
-58.627834
-58.620171
-58.616272
-58.638336
-58.757858
-58.720234
-58.726692
-58.748138
-58.781590
-58.793053
-58.800934
-58.840874
-58.875416
-58.893879
-58.867455
-58.936424
-59.055424
-58.988533
-58.919884
-58.971718
-59.267338
-59.078758
-59.019276
-59.220211
-59.219288
-59.187332
-59.211033
-59.243073
-59.285572
-59.313896
-59.388771
-59.339584
-59.385921
-59.456841
-59.430305
-59.440239
-59.475853
-59.502678
-59.483261
-59.438431
-59.634975
-59.579399
-59.477367
-59.546986
-59.621941
-59.536293
-59.501808
-59.614223
-59.574394
-59.572914
-59.570145
-59.599415
-59.622055
-59.589584
-59.534950
-59.484104
-59.616753
-59.653416
-59.491467
-59.504333
-59.568909
-59.600300
-59.458057
-59.394737
-59.676147
-59.448166
-59.417675
-59.444374
-59.520084
-59.404514
-59.316574
-59.410351
-59.390579
-59.238480
-59.180656
-59.320732
-59.218056
-59.174271
-59.045193
-59.060059
-59.192951
-59.007999
-58.910912
-59.005974
-59.081177
-58.790649
-58.697063
-58.814907
-58.905689
-58.838734
-58.609955
-58.779594
-58.755356
-58.591515
-58.450123
-58.647392
-58.543880
-58.382927
-58.490311
-58.536575
-58.452980
-58.283165
-58.305328
-58.350590
-58.246738
-58.274551
-58.181805
-58.112965
-58.161980
-58.102242
-58.018421
-58.065483
-57.939804
-57.834702
-57.969467
-57.943157
-57.803322
-57.714684
-57.777988
-57.789345
-57.639477
-57.639835
-57.599575
-57.627228
-57.532093
-57.507423
-57.428631
-57.517933
-57.583263
-57.358078
-57.366062
-57.382748
-57.369881
-57.222435
-57.364193
-57.415390
-57.245518
-57.181042
-57.248051
-57.270264
-57.127617
-57.135105
-57.160316
-57.064682
-57.013607
-57.068123
-57.147160
-56.984512
-56.956020
-56.942390
-56.950584
-56.974968
-56.840683
-56.856174
-56.892773
-56.844604
-56.753895
-56.738213
-56.761120
-56.607048
-56.580559
-56.640942
-56.557652
-56.519245
-56.420437
-56.370487
-56.330700
-56.322582
-56.241020
-56.107254
-56.102322
-56.068996
-56.053749
-55.874557
-55.795822
-55.853844
-55.716431
-55.634399
-55.490799
-55.484325
-55.311581
-55.214924
-55.254425
-55.123901
-55.037148
-54.885612
-54.872814
-54.752842
-54.671253
-54.566113
-54.348602
-54.417645
-54.264950
-54.230167
-54.051674
-53.935520
-53.898987
-53.739124
-53.543243
-53.636929
-53.413147
-53.334202
-53.206600
-53.180454
-52.984314
-52.874462
-52.781704
-52.659805
-52.648289
-52.513618
-52.457550
-52.300022
-52.179276
-52.087860
-51.911060
-51.928654
-51.804279
-51.819462
-51.573620
-51.388203
-51.453453
-51.345726
-51.207260
-51.123108
-51.139172
-50.898533
-50.837471
-50.715878
-50.787571
-50.684990
-50.367165
-50.439316
-50.475456
-50.351036
-50.119629
-50.179111
-50.173958
-50.010998
-49.889809
-49.838188
-49.927120
-49.823215
-49.666645
-49.587528
-49.596397
-49.617676
-49.466377
-49.457058
-49.430908
-49.368591
-49.255856
-49.240452
-49.331440
-49.239998
-49.162994
-49.072170
-49.125435
-49.121063
-49.084915
-48.972046
-48.885311
-49.061867
-48.968384
-48.920174
-48.895863
-48.901905
-48.827618
-48.887676
-48.880875
-48.776478
-48.807236
-48.859142
-48.842289
-48.872017
-48.797218
-48.883457
-48.783367
-48.876480
-48.831474
-48.925175
-48.919270
-48.838272
-48.965710
-48.917599
-48.962193
-48.894081
-48.881996
-49.057014
-49.007999
-49.047020
-49.046116
-49.162277
-49.018269
-49.095104
-49.136909
-49.169643
-49.213554
-49.238930
-49.270199
-49.296329
-49.314251
-49.258804
-49.296604
-49.555744
-49.421318
-49.277821
-49.429577
-49.516216
-49.488140
-49.530361
-49.550354
-49.590729
-49.546249
-49.648029
-49.668518
-49.724121
-49.738853
-49.643627
-49.790936
-49.761047
-49.927509
-49.678013
-49.871796
-49.881969
-49.913113
-49.912727
-49.884941
-49.990368
-49.863739
-49.994236
-49.955391
-50.045231
-50.018059
-49.989803
-50.030479
-50.012783
-50.086426
-49.983582
-49.992554
-50.078480
-50.089428
-50.098080
-50.049709
-50.063438
-50.058365
-49.983662
-50.044437
-50.043972
-50.067852
-50.074612
-50.023102
-50.002743
-49.949482
-50.010223
-49.917969
-49.967255
-50.016655
-49.967136
-49.760834
-49.927273
-50.034958
-49.784035
-49.776974
-49.816647
-49.893787
-49.679329
-49.708935
-49.641975
-49.695583
-49.639557
-49.482849
-49.580833
-49.620178
-49.449482
-49.364124
-49.389641
-49.503750
-49.285130
-49.221340
-49.197716
-49.288258
-49.176479
-49.171711
-49.014076
-48.865746
-48.955948
-48.909214
-48.814079
-48.723267
-48.628059
-48.692207
-48.704700
-48.544090
-48.550884
-48.342903
-48.249935
-48.380524
-48.396137
-48.043606
-48.081741
-48.114704
-47.997303
-47.848965
-47.967026
-47.917908
-47.672821
-47.614403
-47.704418
-47.647358
-47.480221
-47.460781
-47.426369
-47.386272
-47.336361
-47.154625
-47.033699
-47.097565
-47.144318
-46.867870
-46.961151
-46.832455
-46.780087
-46.726276
-46.636494
-46.602692
-46.583015
-46.582844
-46.271309
-46.412334
-46.382057
-46.292049
-46.075661
-46.249741
-46.161629
-46.028732
-46.024872
-45.904301
-45.923656
-45.805054
-45.781429
-45.802597
-45.824310
-45.670616
-45.528980
-45.707302
-45.560455
-45.531342
-45.470028
-45.466583
-45.439548
-45.450680
-45.405048
-45.218662
-45.300495
-45.226059
-45.268208
-45.234253
-45.239296
-45.130886
-45.049068
-45.135197
-45.192020
-45.079082
-45.026859
-44.993923
-44.992783
-45.033611
-44.957264
-44.919815
-44.927639
-44.828625
-44.780621
-44.855190
-44.830399
-44.769085
-44.754910
-44.648800
-44.753002
-44.630299
-44.715778
-44.574078
-44.679745
-44.601601
-44.484776
-44.542858
-44.441357
-44.515911
-44.334435
-44.523327
-44.447273
-44.404682
-44.333420
-44.290619
-44.305923
-44.321133
-44.403942
-44.181267
-44.313763
-44.241474
-44.166847
-44.054489
-44.148365
-44.049885
-43.969555
-44.003208
-44.051495
-43.884777
-43.840794
-43.981228
-43.832283
-43.785610
-43.769958
-43.799942
-43.675514
-43.519367
-43.672775
-43.630035
-43.502968
-43.365971
-43.317734
-43.356915
-43.319092
-43.291958
-43.213440
-43.096821
-43.090881
-43.163219
-43.062218
-42.986198
-42.944187
-42.895790
-42.848965
-42.917210
-42.841305
-42.641468
-42.547688
-42.620419
-42.652180
-42.635300
-42.625168
-42.478424
-42.449654
-42.443699
-42.392109
-42.306625
-42.377338
-42.305233
-42.190311
-42.076488
-42.027370
-42.011345
-41.982319
-41.876472
-41.882092
-41.766994
-41.791920
-41.731995
-41.733963
-41.548187
-41.579796
-41.403309
-41.437809
-41.499504
-41.437305
-41.374008
-41.208019
-41.295609
-41.281754
-41.252903
-41.454048
-41.162121
-40.957443
-40.934837
-41.069927
-40.788864
-40.869530
-40.863678
-40.815872
-40.964844
-40.714870
-40.597191
-40.736385
-40.753429
-40.578773
-40.498428
-40.621452
-40.484993
-40.549072
-40.386745
-40.355335
-40.232510
-40.310482
-40.214546
-40.209015
-40.255959
-39.933102
-39.934544
-40.048416
-40.114372
-39.908253
-39.989880
-39.975147
-39.856060
-39.910076
-39.760468
-39.900711
-39.728977
-39.683315
-39.748871
-39.693367
-39.633854
-39.579971
-39.652447
-39.463970
-39.411705
-39.411884
-39.405495
-39.366665
-39.469025
-39.354240
-39.188271
-39.115189
-39.246181
-39.145073
-39.080898
-39.130184
-39.075890
-39.000717
-38.965073
-38.917690
-38.862415
-38.799747
-38.759579
-38.778477
-38.857708
-38.672340
-38.518635
-38.776096
-38.592842
-38.482815
-38.330421
-38.578037
-38.378479
-38.271904
-38.311958
-38.301228
-38.233723
-38.114670
-38.049324
-38.009235
-38.145668
-37.955154
-37.857159
-38.048969
-38.052116
-37.803379
-37.743183
-37.845314
-37.931606
-37.616489
-37.681316
-37.647106
-37.741833
-37.520493
-37.561668
-37.537884
-37.572815
-37.380001
-37.240246
-37.518475
-37.437874
-37.270676
-37.144371
-37.362118
-37.343254
-37.199387
-37.036465
-37.216930
-37.204369
-37.013420
-37.274033
-37.072876
-37.071484
-37.056477
-37.130295
-37.011581
-36.956806
-37.078758
-36.828831
-36.930714
-36.895702
-37.029381
-36.753231
-36.743679
-36.677910
-36.807133
-36.762135
-36.649940
-36.622463
-36.521244
-36.595242
-36.689384
-36.593582
-36.690414
-36.865639
-36.687054
-36.672699
-36.980152
-36.905476
-36.650898
-36.831318
-36.929409
-36.957119
-36.812263
-36.876446
-36.802914
-36.855797
-36.841251
-36.880417
-36.768436
-36.851421
-36.773792
-36.887241
-36.941166
-36.825943
-36.585529
-36.638996
-36.819977
-36.852055
-36.730610
-36.788719
-36.634430
-36.659557
-36.692833
-36.905647
-36.762665
-36.818043
-36.676826
-36.825550
-37.021076
-37.035721
-37.031551
-36.894695
-36.830746
-36.828388
-36.982567
-36.958645
-36.764832
-36.749603
-36.773312
-36.832607
-36.623394
-36.663403
-36.733704
-36.682247
-36.476849
-36.618038
-36.663082
-36.765148
-36.869503
-36.836849
-36.597191
-36.707649
-36.584373
-36.579559
-36.643723
-36.716576
-36.592091
-36.479931
-36.668495
-36.492840
-36.374416
-36.401577
-36.834824
-36.571281
-36.479462
-36.787403
-36.651321
-36.500099
-36.404270
-36.624912
-36.736557
-36.524879
-36.340843
-36.493793
-36.557327
-36.278053
-36.264107
-36.443039
-36.519291
-36.448349
-36.481689
-36.479588
-36.453377
-36.237900
-36.175213
-36.494968
-36.480015
-36.441551
-36.281574
-36.352295
-36.173725
-36.153728
-36.247551
-36.320621
-36.327339
-36.274818
-36.220093
-36.391544
-36.417870
-35.964729
-36.062031
-36.254021
-36.088173
-35.883087
-36.131004
-35.993389
-35.754173
-35.754131
-35.730461
-35.956734
-35.925106
-35.838127
-35.853195
-35.919060
-35.887531
-35.988403
-36.015633
-35.879272
-35.749249
-35.861748
-35.731853
-35.694328
-35.697536
-35.605404
-35.468578
-35.475624
-35.518616
-35.364796
-35.450871
-35.435074
-35.164497
-35.376240
-35.482376
-35.392300
-35.276054
-35.524467
-35.579510
-35.419865
-35.366405
-35.399502
-35.363239
-35.303902
-35.430058
-35.531441
-35.496586
-35.362644
-35.266609
-35.430161
-35.522964
-35.452347
-35.419758
-35.487457
-35.556526
-35.654743
-35.614948
-35.542713
-35.597675
-35.680744
-35.462914
-35.541737
-35.654041
-35.782661
-35.638630
-35.592873
-35.675060
-35.645329
-35.729607
-35.602440
-35.625771
-35.710640
-36.091965
-35.935196
-35.690910
-35.823502
-36.038986
-35.959534
-35.809589
-35.822205
-36.026760
-35.976322
-35.969898
-35.843304
-35.975613
-35.940536
-35.866199
-35.824650
-36.043774
-36.179886
-35.835178
-35.851871
-36.111423
-36.182499
-35.974945
-35.964127
-36.104225
-36.101097
-35.919834
-35.891888
-36.033237
-36.017551
-35.918022
-36.035767
-36.095211
-36.045303
-35.905994
-35.943581
-36.127556
-36.019032
-36.034191
-36.064449
-35.983109
-35.963474
-36.105820
-36.244328
-36.029606
-36.058277
-36.127056
-36.108669
-36.121632
-36.127415
-36.117886
-36.131119
-36.228035
-36.176907
-36.117126
-36.087818
-36.135216
-36.044052
-36.103680
-36.089535
-35.946396
-35.889748
-35.949383
-35.907154
-35.859547
-35.768665
-35.693016
-35.816166
-35.820282
-35.792702
-35.785446
-35.804543
-35.649605
-35.720844
-35.842236
-35.747932
-35.713985
-35.758141
-35.867287
-35.639656
-35.655186
-35.681530
-35.671486
-35.512756
-35.635429
-35.691288
-35.627525
-35.503174
-35.557884
-35.599457
-35.540394
-35.677494
-35.573582
-35.686783
-35.691315
-35.768574
-35.624714
-35.651146
-35.673584
-35.622837
-35.699879
-35.688786
-35.668560
-35.528717
-35.584663
-35.678322
-35.535595
-35.546146
-35.524902
-35.619793
-35.515614
-35.543674
-35.570316
-35.589203
-35.555550
-35.463596
-35.545784
-35.579304
-35.545547
-35.436363
-35.375500
-35.565525
-35.434040
-35.390972
-35.318539
-35.530449
-35.461796
-35.309380
-35.282780
-35.377285
-35.263233
-35.312206
-35.242085
-35.196270
-35.236862
-35.167946
-35.075699
-35.078720
-35.172352
-35.061981
-34.945049
-35.067730
-34.952293
-34.965324
-34.947098
-34.860191
-34.916805
-34.855236
-34.861080
-34.752762
-34.814571
-34.719223
-34.748375
-34.755344
-34.735344
-34.663185
-34.669376
-34.662228
-34.562996
-34.630932
-34.532780
-34.383926
-34.622623
-34.499500
-34.335445
-34.380131
-34.455616
-34.367325
-34.200958
-34.247181
-34.355709
-34.262226
-34.080761
-34.215240
-34.151569
-34.238785
-34.080818
-34.082458
-33.977528
-34.092278
-34.026520
-33.977074
-33.959686
-34.153042
-33.869938
-33.782238
-33.940670
-33.950230
-33.809223
-33.725407
-33.900513
-33.793591
-33.762375
-33.763161
-33.868183
-33.691235
-33.666096
-33.733616
-33.692844
-33.650288
-33.672703
-33.808376
-33.617489
-33.754841
-33.614300
-33.653866
-33.723934
-33.638512
-33.715313
-33.663273
-33.741592
-33.705444
-33.679474
-33.747662
-33.703850
-33.818439
-33.709045
-33.641808
-33.812721
-33.895966
-33.714542
-33.664200
-33.796535
-33.883183
-33.863335
-33.913193
-33.786518
-33.894276
-33.873749
-33.947041
-33.949348
-34.001179
-33.941505
-33.933670
-34.039940
-33.961365
-34.093990
-34.029018
-34.097149
-34.066227
-34.076794
-34.229023
-34.136292
-34.180031
-34.226154
-34.202816
-34.218231
-34.290512
-34.347588
-34.266968
-34.312565
-34.342220
-34.394920
-34.302254
-34.380684
-34.507126
-34.466511
-34.427395
-34.510979
-34.474243
-34.472305
-34.600861
-34.562157
-34.444714
-34.637783
-34.619118
-34.529163
-34.653873
-34.700367
-34.573456
-34.581535
-34.644749
-34.701008
-34.594913
-34.773266
-34.691963
-34.693138
-34.694740
-34.632515
-34.712337
-34.724590
-34.750809
-34.668362
-34.767326
-34.640530
-34.630314
-34.669842
-34.753853
-34.613136
-34.715088
-34.721561
-34.627094
-34.738808
-34.721836
-34.593399
-34.590633
-34.606934
-34.664234
-34.706245
-34.729263
-34.493752
-34.519768
-34.577972
-34.673916
-34.580803
-34.537090
-34.454205
-34.518566
-34.676571
-34.603985
-34.426441
-34.363293
-34.503799
-34.432003
-34.441933
-34.471169
-34.361622
-34.378922
-34.441448
-34.455879
-34.318516
-34.372398
-34.323376
-34.324265
-34.315807
-34.350685
-34.285782
-34.331398
-34.321754
-34.130867
-34.309757
-34.267342
-34.281494
-34.186356
-34.135662
-34.306496
-34.214848
-34.173985
-34.164032
-34.333694
-34.092884
-34.097820
-34.115845
-34.281525
-34.208981
-34.143803
-34.149422
-34.154484
-34.103668
-33.989613
-34.156895
-34.193214
-34.153728
-34.064842
-34.092724
-34.172085
-34.211540
-33.988670
-34.148148
-34.139420
-34.173618
-34.100945
-34.112312
-34.176399
-34.126747
-34.097134
-34.048161
-34.167805
-34.143482
-34.140705
-34.109074
-34.278889
-34.249016
-34.145958
-34.085365
-34.187519
-34.198940
-34.205044
-34.163830
-34.279987
-34.149235
-34.090939
-34.240356
-34.335426
-34.155376
-34.117138
-34.177387
-34.234566
-34.256599
-34.264355
-34.168457
-34.234787
-34.314430
-34.244526
-34.140587
-34.228508
-34.367245
-34.146488
-34.138195
-34.285278
-34.308113
-34.130646
-34.178429
-34.175926
-34.299366
-34.170719
-34.187347
-34.299572
-34.395668
-34.284462
-34.275604
-34.304996
-34.327198
-34.289841
-34.251900
-34.425129
-34.411057
-34.351715
-34.169296
-34.300770
-34.387699
-34.375221
-34.251537
-34.217388
-34.326756
-34.299252
-34.347752
-34.388306
-34.334999
-34.440567
-34.314854
-34.310429
-34.454613
-34.431641
-34.255718
-34.199768
-34.492485
-34.446796
-34.302628
-34.316158
-34.316132
-34.468647
-34.371372
-34.395500
-34.299992
-34.447262
-34.351856
-34.357178
-34.439487
-34.423634
-34.296654
-34.279835
-34.314472
-34.436928
-34.327625
-34.310947
-34.352768
-34.362770
-34.382992
-34.317944
-34.231808
-34.181435
-34.305527
-34.294197
-34.233288
-34.364117
-34.288090
-34.199951
-34.139442
-34.238083
-34.206806
-34.108692
-34.142834
-34.255638
-34.214298
-34.138950
-34.120193
-34.167393
-34.118053
-34.124947
-34.022640
-34.234356
-34.201313
-34.202259
-34.170059
-34.133209
-34.245991
-34.231960
-34.124348
-34.114189
-34.262318
-34.216770
-34.060764
-34.158916
-34.102341
-34.338932
-34.104473
-34.012646
-34.130890
-34.225731
-34.145729
-33.991161
