Az       (ft/s^2)
-28.956116
-28.938963
-28.778996
-28.857559
-28.842554
-28.941841
-28.978876
-29.044544
-28.933012
-29.103210
-29.034960
-29.027191
-29.043839
-29.101179
-29.156723
-29.111372
-29.151562
-29.200962
-29.193579
-29.305433
-29.127850
-29.206841
-29.046423
-29.297731
-29.222687
-29.197090
-29.079981
-29.142572
-29.264301
-29.158421
-29.148699
-29.135565
-29.193853
-28.979130
-29.097454
-29.270987
-29.286947
-29.081123
-28.976196
-29.218695
-29.220661
-29.170048
-29.135235
-29.302835
-29.148085
-29.042187
-29.196074
-29.037642
-29.010017
-29.036959
-29.112055
-28.959730
-29.036034
-28.941498
-29.009474
-28.866325
-28.984703
-28.859615
-28.922169
-29.023397
-28.856268
-28.950373
-28.901577
-28.827236
-28.842621
-28.799143
-28.768179
-28.799791
-28.802637
-28.840065
-28.763762
-28.808212
-28.745434
-28.800964
-28.684517
-28.756527
-28.608719
-28.805182
-28.697281
-28.712599
-28.584051
-28.558989
-28.637251
-28.635693
-28.490116
-28.614714
-28.576046
-28.537758
-28.569590
-28.564005
-28.490868
-28.522820
-28.527451
-28.494331
-28.557373
-28.482771
-28.484306
-28.576359
-28.449858
-28.340086
-28.457558
-28.511265
-28.493357
-28.258337
-28.494820
-28.585154
-28.454269
-28.425165
-28.365204
-28.445400
-28.385723
-28.560450
-28.425653
-28.492109
-28.419622
-28.408234
-28.522417
-28.390936
-28.444519
-28.406805
-28.453722
-28.470755
-28.621323
-28.611610
-28.421419
-28.456682
-28.412086
-28.548540
-28.524925
-28.539551
-28.644146
-28.367682
-28.446854
-28.693403
-28.602316
-28.323488
-28.370878
-28.651201
-28.496979
-28.431385
-28.477268
-28.492001
-28.424923
-28.413239
-28.515228
-28.357519
-28.505228
-28.422604
-28.465282
-28.599228
-28.439762
-28.523626
-28.429502
-28.712687
-28.479092
-28.687346
-28.417950
-28.549162
-28.565678
-28.646105
-28.437632
-28.538168
-28.417217
-28.422535
-28.580273
-28.465014
-28.331253
-28.319267
-28.336435
-28.407877
-28.333120
-28.300056
-28.275578
-28.284338
-28.290665
-28.277426
-28.291889
-28.128826
-28.044506
-28.058788
-28.303728
-28.260649
-28.056606
-27.928049
-28.146114
-28.018677
-28.122505
-28.054171
-27.996218
-27.987141
-27.959448
-28.093626
-28.090815
-28.025093
-27.748671
-27.857471
-28.006111
-28.034533
-27.904015
-27.877892
-27.887489
-27.875408
-27.901339
-27.884136
-27.846397
-27.813993
-27.881224
-27.816706
-28.035345
-27.788750
-27.778688
-27.803778
-27.958044
-27.880522
-27.765881
-27.815838
-27.881447
-27.926765
-27.758099
-27.984659
-27.858444
-27.780579
-27.718534
-27.937212
-27.925779
-27.785355
-27.810028
-27.719421
-27.843468
-27.783827
-27.865108
-27.743736
-27.670488
-27.815144
-27.727106
-27.895391
-27.728481
-27.746218
-27.774927
-27.937866
-27.734478
-27.770882
-27.794868
-27.754854
-27.747087
-27.753017
-27.843676
-27.738840
-27.787426
-27.649689
-27.809935
-27.766277
-27.651375
-27.853497
-27.831150
-27.805534
-27.748680
-27.925449
-27.812832
-27.964334
-27.729485
-27.879862
-27.997900
-28.029182
-27.860209
-27.893026
-28.017635
-28.014175
-27.921083
-27.970037
-27.959719
-28.080410
-27.841961
-28.022999
-27.931353
-28.144976
-27.972963
-27.890905
-28.050625
-28.168724
-28.084974
-27.906195
-28.202055
-28.032476
-27.996006
-28.010412
-28.179550
-28.099552
-27.975725
-28.099279
-28.150690
-28.106680
-28.105217
-28.102079
-28.240295
-28.214710
-28.258795
-28.220879
-28.291452
-28.214815
-28.116215
-28.167852
-28.305504
-28.345327
-28.224096
-28.203362
-28.286551
-28.310625
-28.179047
-28.244898
-28.255100
-28.354548
-28.290993
-28.334513
-28.387228
-28.290915
-28.268816
-28.270063
-28.116756
-28.084713
-28.021132
-28.304701
-28.048065
-27.970158
-27.963629
-28.081680
-28.156181
-28.106974
-28.122751
-28.135376
-28.293077
-28.199087
-28.344519
-28.420977
-28.133001
-28.188988
-28.410738
-28.796482
-28.412922
-28.325813
-27.975573
-28.014584
-28.387447
-28.427084
-28.252390
-27.888889
-27.895956
-27.933342
-28.014807
-28.078236
-28.011358
-27.899805
-27.829880
-27.972656
-28.127321
-27.985708
-27.650387
-27.653555
-27.934420
-27.914404
-27.828159
-27.938448
-27.815392
-27.637934
-27.901690
-27.924639
-27.769480
-27.759161
-27.666674
-27.782991
-28.081726
-27.837864
-27.591061
-27.544003
-27.601322
-27.783907
-27.862726
-27.796513
-27.747276
-27.777227
-27.896326
-27.869001
-27.973202
-27.833483
-28.020689
-28.004814
-28.242332
-28.363920
-28.147594
-28.122955
-27.968397
-28.272638
-28.212179
-28.348795
-28.092516
-28.167067
-28.245655
-28.106688
-28.272203
-28.268576
-28.218216
-28.207872
-28.452682
-28.605047
-28.432058
-28.440432
-28.277758
-28.372227
-28.433914
-28.536684
-28.121222
-28.219410
-28.411983
-28.482569
-28.234890
-28.406458
-28.328796
-28.323036
-28.381607
-28.443363
-28.572643
-28.473452
-28.268866
-28.247606
-28.397215
-28.269146
-28.312035
-28.306629
-28.144213
-28.328770
-28.147882
-28.335911
-28.082699
-28.237459
-28.109865
-28.354994
-28.413086
-28.327183
-28.103920
-28.121111
-28.258135
-28.209433
-28.267502
-28.325096
-28.235807
-28.146420
-28.300331
-28.361292
-28.268902
-28.220936
-28.028507
-28.223005
-28.323133
-28.314787
-28.170313
-28.051790
-28.113590
-28.162733
-28.068699
-28.065306
-28.047318
-28.100111
-27.979765
-28.274132
-28.153906
-28.059469
-27.841908
-27.976360
-28.156832
-28.068497
-27.949921
-27.902452
-28.028936
-28.183144
-28.048407
-27.976536
-27.958418
-28.150595
-28.059992
-28.209990
-28.420340
-28.192072
-28.105906
-28.061834
-28.380064
-28.271938
-28.243183
-28.099436
-28.238365
-28.263788
-28.264580
-28.229010
-28.257999
-28.255096
-28.118767
-28.223255
-28.431738
-28.316130
-28.319397
-28.350330
-28.565096
-28.395020
-28.442472
-28.242439
-28.458340
-28.510071
-28.486017
-28.572435
-28.448992
-28.477341
-28.604271
-28.638523
-28.722712
-28.802986
-28.800961
-28.712107
-28.992270
-28.987902
-29.015533
-28.855711
-28.858704
-28.907780
-29.014137
-28.837656
-29.034380
-29.053604
-28.935883
-28.959173
-29.109766
-28.869623
-29.026228
-29.011427
-29.168430
-29.055643
-29.247595
-29.083473
-29.075611
-29.139315
-29.043211
-29.057478
-29.278204
-29.103449
-29.152355
-29.071253
-29.255367
-29.024704
-29.238659
-29.164194
-29.228054
-29.128412
-29.285402
-29.373415
-29.210751
-29.378208
-29.220764
-29.189566
-29.200903
-29.285435
-29.427221
-29.089918
-29.218596
-29.191624
-29.300200
-29.144495
-29.183125
-29.277189
-29.236765
-29.134529
-29.157209
-29.226881
-29.096756
-29.068651
-29.146435
-29.158600
-28.995161
-29.069279
-29.104216
-28.996777
-29.189880
-28.847996
-29.044701
-29.122557
-29.230148
-28.984818
-29.095236
-29.063171
-29.120983
-29.105986
-29.065132
-29.094053
-29.195910
-28.906202
-29.052813
-29.135525
-29.125553
-28.980841
-29.043509
-29.230757
-29.194050
-29.146799
-29.035366
-29.172348
-29.019846
-29.195843
-29.109985
-29.132290
-29.020496
-28.939192
-29.239466
-29.072420
-29.064177
-28.949749
-28.991571
-29.096872
-29.126955
-29.111919
-29.055069
-29.109800
-28.959335
-29.003788
-29.210510
-29.168438
-29.149651
-29.104494
-29.128618
-29.187464
-29.271637
-29.238607
-29.250731
-29.228138
-29.320740
-29.138197
-29.437887
-29.229769
-29.263765
-29.228382
-29.588682
-29.330185
-29.359226
-29.515392
-29.486027
-29.571579
-29.327930
-29.625849
-29.623661
-29.856438
-29.524071
-29.560604
-29.618416
-29.473648
-29.622936
-29.560448
-29.657755
-29.615170
-29.667995
-29.551977
-29.567472
-29.683781
-29.609016
-29.709087
-29.827938
-29.986717
-29.694901
-29.765696
-29.645435
-29.765610
-29.748596
-29.596203
-29.670732
-29.551054
-29.571730
-29.736582
-29.814552
-29.525702
-29.402493
-29.706873
-29.789097
-29.659817
-29.634686
-29.715534
-29.762039
-29.605452
-29.689224
-29.736692
-29.841793
-29.508955
-29.632809
-29.846420
-29.852455
-29.656370
-29.696850
-29.820534
-29.853313
-29.997618
-29.983654
-29.830456
-29.936258
-29.776556
-29.861820
-30.088692
-30.059441
-29.726542
-29.822845
-30.026810
-29.780523
-29.941351
-29.852573
-29.713278
-29.873610
-30.092772
-29.964455
-29.869490
-29.872099
-29.889006
-30.110929
-30.129837
-30.026909
-30.036932
-29.966969
-30.100227
-30.087662
-30.243269
-29.982124
-29.992132
-29.940353
-30.193394
-30.187815
-30.087486
-30.095221
-29.981026
-30.228594
-30.064844
-30.237560
-30.124313
-30.139500
-30.302610
-30.251245
-30.080864
-30.178177
-30.200972
-30.123423
-30.156771
-30.270172
-30.184532
-30.208704
-30.167637
-30.224518
-30.252649
-30.286573
-30.126549
-30.118460
-30.205429
-30.210474
-30.196234
-30.208727
-30.222578
-30.184013
-30.119570
-30.098831
-30.175669
-30.293884
-30.210699
-30.138384
-30.345181
-30.304504
-30.243561
-30.186905
-30.436388
-30.316664
-30.274048
-30.352043
-30.484436
-30.377956
-30.350965
-30.269316
-30.397055
-30.225410
-30.378780
-30.377892
-30.352472
-30.218813
-30.479052
-30.262489
-30.348476
-30.477942
-30.233717
-30.286409
-30.307314
-30.337774
-30.259794
-30.274696
-30.306040
-30.184896
-30.259701
-30.172567
-30.100294
-30.283480
-30.217104
-30.221161
-30.170956
-30.292824
-30.178242
-30.376196
-30.170830
-30.165091
-30.318808
-30.089310
-30.319069
-30.189285
-30.174734
-30.089714
-30.182844
-30.116720
-30.033651
-30.254137
-30.076160
-30.274508
-30.223532
-30.026533
-30.151037
-30.015062
-30.205746
-30.183691
-30.209436
-30.260252
-30.242357
-30.058878
-30.244120
-30.357117
-30.205645
-30.221209
-30.203634
-30.337852
-30.269011
-30.204201
-30.250360
-30.302639
-30.296911
-30.297348
-30.291388
-30.249022
-30.324532
-30.394367
-30.253731
-30.467009
-30.415482
-30.414774
-30.479666
-30.386564
-30.440447
-30.432463
-30.562113
-30.506937
-30.636019
-30.374743
-30.523001
-30.515131
-30.533377
-30.672295
-30.520140
-30.604084
-30.601305
-30.651344
-30.617502
-30.638224
-30.817820
-30.613283
-30.657734
-30.672646
-30.746069
-30.660810
-30.664406
-30.946198
-30.674051
-30.627068
-30.741135
-30.917755
-30.694328
-30.531292
-30.804770
-30.733013
-30.913406
-30.796579
-30.676830
-30.635572
-30.766661
-30.760601
-30.748140
-30.897512
-30.642488
-30.929802
-30.932863
-30.843359
-30.782860
-30.755852
-30.851480
-30.843239
-30.931746
-30.893425
-30.810677
-30.834467
-30.731319
-30.854168
-30.678022
-30.798069
-30.688543
-30.892632
-30.746700
-30.938604
-30.586922
-30.743269
-30.746710
-30.727640
-30.738464
-30.759428
-30.800249
-30.819902
-30.653904
-30.587244
-30.790205
-30.566668
-30.605221
-30.670355
-30.772984
-30.550758
-30.678280
-30.690239
-30.673903
-30.607100
-30.659431
-30.745003
-30.568989
-30.631620
-30.696255
-30.703661
-30.475948
-30.666227
-30.598320
-30.663885
-30.649944
-30.607111
-30.487093
-30.637152
-30.511604
-30.723572
-30.462376
-30.601913
-30.719088
-30.560463
-30.692293
-30.736671
-30.757572
-30.504969
-30.887796
-30.956614
-30.795877
-30.892527
-30.917332
-30.963121
-30.862064
-30.983999
-30.974592
-30.913155
-30.931225
-30.910089
-31.182135
-30.936085
-30.967573
-30.896904
-31.205151
-31.049711
-30.981148
-31.014595
-31.075191
-31.108572
-30.983667
-31.184788
-31.003593
-30.938562
-30.899258
-30.905611
-31.022444
-30.911989
-30.644644
-30.758350
-30.896881
-30.727177
-30.440901
-30.699598
-30.665382
-30.424688
-30.542755
-30.550055
-30.400331
-30.486811
-30.562527
-30.310781
-30.392658
-30.445076
-30.520317
-30.380201
-30.558290
-30.231779
-30.378826
-30.374868
-30.505894
-30.225042
-30.366772
-30.371994
-30.618805
-30.360937
-30.241631
-30.382305
-30.432472
-30.648661
-30.486053
-30.460415
-30.466019
-30.581900
-30.570095
-30.558960
-30.450342
-30.232317
-30.353849
-30.595465
-30.614115
-30.412191
-30.180498
-30.230602
-30.156954
-30.422869
-30.131252
-30.088825
-30.281162
-30.143465
-30.044390
-30.079742
-29.989510
-29.971966
-29.972527
-29.987333
-29.890139
-29.960720
-29.588007
-29.879499
-29.748611
-29.807777
-29.593233
-29.736935
-29.805761
-29.677301
-29.386362
-29.563791
-29.577938
-29.611404
-29.657022
-29.516613
-29.355061
-29.537922
-29.492563
-29.381147
-29.547997
-29.599970
-29.400234
-29.679472
-29.611334
-29.505613
-29.678568
-29.490074
-29.733080
-29.806976
-29.702463
-29.532957
-29.853493
-29.663355
-29.767027
-29.670588
-29.734911
-29.573683
-29.597694
-29.565292
-29.594225
-29.587307
-29.603067
-29.490370
-29.687725
-29.529606
-29.543377
-29.527571
-29.548042
-29.617903
-29.599220
-29.532166
-29.659548
-29.504930
-29.357138
-29.412598
-29.481321
-29.403849
-29.518251
-29.530958
-29.329729
-29.320995
-29.196341
-29.409405
-29.334002
-29.209082
-29.194094
-29.260321
-29.346584
-29.139530
-29.308678
-29.113546
-29.224262
-29.223541
-29.298996
-29.340349
-29.355095
-29.355232
-29.203959
-29.511702
-29.492897
-29.406830
-29.291788
-29.470652
-29.468634
-29.671700
-29.441002
-29.328159
-29.713364
-29.701857
-29.521235
-29.655748
-29.675947
-29.497963
-29.676867
-29.717161
-29.801693
-29.735697
-29.383204
-29.605734
-29.800102
-29.696114
-29.630623
-29.563854
-29.776180
-29.749268
-29.649343
-29.416746
-29.759161
-29.913540
-29.775341
-29.701895
-29.864466
-29.776415
-29.706129
-29.949789
-30.013865
-29.939320
-29.831450
-29.799438
-29.922613
-29.961260
-29.686728
-29.885044
-29.759302
-29.809155
-29.948309
-29.824421
-29.760458
-29.754833
-29.759523
-29.804663
-29.836679
-29.798113
-29.568274
-29.994354
-29.763475
-29.700306
-29.642397
-29.719810
-29.678392
-29.760220
-29.732670
-29.650459
-29.698799
-29.628567
-29.702364
-29.746618
-29.665350
-29.453547
-29.549730
-29.817869
-29.704153
-29.641745
-29.391611
-29.637932
-29.509146
-29.703152
-29.517698
-29.622480
-29.458570
-29.655479
-29.619572
-29.721087
-29.414995
-29.478695
-29.686960
-29.769272
-29.612190
-29.651709
-29.665661
-29.625765
-29.776188
-29.483692
-29.659492
-29.522043
-29.652630
-29.645927
-29.784288
-29.749662
-29.544847
-29.564119
-29.901550
-29.776003
-29.921803
-29.675598
-29.859999
-29.880339
-29.898521
-29.742588
-29.836287
-29.755890
-29.789827
-29.715366
-29.829344
-29.940111
-29.713217
-29.671032
-29.792694
-29.953566
-29.864847
-29.706697
-29.749756
-29.690353
-29.851715
-29.777302
-29.818604
-29.700966
-29.569181
-29.871485
-29.819702
-29.924372
-29.877832
-29.725613
-29.887770
-29.867323
-29.954773
-29.779440
-29.867496
-29.784393
-30.003565
-29.800707
-29.892466
-29.865604
-29.667318
-29.873682
-29.903902
-29.839039
-30.026007
-29.854290
-29.822138
-29.934151
-30.030201
-29.834873
-30.019659
-29.967306
-29.996845
-29.887951
-29.976126
-29.951767
-29.998512
-29.928890
-30.006763
-30.043310
-29.771936
-30.077221
-30.144606
-30.153320
-30.070269
-29.989511
-30.086021
-30.143728
-30.322315
-29.911722
-30.044214
-30.281019
-30.251474
-30.192575
-30.219521
-30.115393
-30.304672
-30.392902
-30.216900
-30.470110
-30.528866
-30.292124
-30.351030
-30.434290
-30.650751
-30.572247
-30.496807
-30.392658
-30.789879
-30.668577
-30.654001
-30.606516
-30.595201
-30.682856
-30.650124
-30.747000
-30.898510
-30.831455
-30.628788
-30.727320
-31.021786
-31.066359
-30.848232
-30.940285
-30.944973
-31.083700
-31.145668
-31.149191
-31.036030
-31.079445
-31.201416
-31.273815
-31.307718
-31.194275
-31.271713
-31.379805
-31.403183
-31.368973
-31.382744
-31.255005
-31.473349
-31.383945
-31.536034
-31.620857
-31.598082
-31.549065
-31.601290
-31.802422
-31.698282
-31.767113
-31.708954
-31.836702
-32.071194
-31.932781
-31.874117
-32.000870
-31.951571
-32.035950
-32.245659
-32.138844
-32.295128
-32.281673
-32.169178
-32.344349
-32.449459
-32.322483
-32.321980
-32.439610
-32.531158
-32.421398
-32.549351
-32.368725
-32.566254
-32.426071
-32.536716
-32.677666
-32.750668
-32.507923
-32.539230
-32.663483
-32.711826
-32.816277
-32.698303
-32.744007
-32.794254
-32.704556
-32.755108
-32.795074
-32.855392
-32.790558
-32.873615
-32.686520
-32.803646
-33.015930
-32.892914
-32.839138
-32.860519
-32.998852
-33.047176
-33.037975
-33.009857
-33.036366
-33.234802
-33.227264
-33.117401
-33.349823
-33.446407
-33.190258
-33.380817
-33.564953
-33.633144
-33.500053
-33.560764
-33.616924
-33.768665
-33.615860
-33.740879
-33.990738
-34.011169
-33.797516
-33.907063
-34.368313
-34.142113
-34.197147
-34.242462
-34.301643
-34.486172
-34.471390
-34.478264
-34.706635
-34.849922
-34.711021
-34.834084
-34.988499
-34.967606
-35.222164
-35.285069
-35.364864
-35.526676
-35.436562
-35.518978
-35.900017
-35.772995
-35.860687
-36.044819
-36.143181
-36.141674
-36.369812
-36.367317
-36.592892
-36.551548
-36.581600
-36.757126
-36.912315
-37.023937
-36.944450
-37.088257
-37.135345
-37.324425
-37.138874
-37.257538
-37.395473
-37.485432
-37.407410
-37.472980
-37.524422
-37.665993
-37.478951
-37.568020
-37.831173
-37.884705
-37.823242
-37.640892
-38.167355
-37.950569
-38.047798
-38.022015
-38.042496
-38.306629
-38.192883
-38.318012
-38.471531
-38.315876
-38.273872
-38.505383
-38.635040
-38.611809
-38.518532
-38.625450
-38.713413
-38.790215
-38.787148
-38.575371
-38.991829
-38.835392
-39.035465
-38.833164
-38.696350
-38.947163
-38.901199
-39.063972
-38.766163
-38.849247
-39.078869
-39.021236
-39.122467
-38.926178
-39.118671
-39.006851
-38.987587
-39.235741
-39.061287
-39.178375
-39.229382
-39.051205
-39.281300
-39.379364
-39.263233
-39.246861
-39.430080
-39.350143
-39.490280
-39.522869
-39.528366
-39.555477
-39.722313
-39.720722
-39.760578
-39.847313
-39.814289
-39.945148
-40.093529
-40.321136
-40.245335
-40.192657
-40.389885
-40.408405
-40.828590
-40.681660
-40.856789
-40.711178
-40.895802
-41.236313
-41.141949
-41.365658
-41.294884
-41.375675
-41.616390
-41.486561
-41.776775
-41.655170
-41.882183
-41.986641
-42.257107
-42.050964
-42.070435
-42.250900
-42.184082
-42.138569
-42.567543
-42.574039
-42.201305
-42.631462
-42.488667
-42.802811
-42.767036
-42.884533
-43.273056
-43.137299
-42.915710
-42.967621
-43.503170
-43.551479
-43.246662
-43.219646
-43.227455
-43.914898
-43.269356
-43.012707
-43.556759
-43.974743
-44.018608
-43.602100
-44.189167
-44.103394
-43.956234
-44.031898
-44.531734
-45.017029
-44.676723
-45.035587
-45.129177
-45.005726
-44.926155
-45.094357
-45.640469
-45.627563
-46.226574
-46.754707
-46.992020
-46.604176
-46.656116
-47.156677
-47.380795
-48.041698
-48.141975
-47.836246
-47.995380
-48.165310
-47.741730
-48.073666
-48.207066
-48.204655
-48.027760
-48.686008
-48.527061
-48.505150
-48.217724
-48.144436
-48.762463
-48.859741
-49.093071
-48.946266
-49.343544
-49.679279
-49.494240
-49.656185
-50.355160
-50.719963
-49.731434
-49.641495
-50.417599
-51.027939
-50.933990
-50.460648
-50.305584
-50.624680
-50.672596
-51.204231
-51.431549
-51.587460
-51.527786
-51.370899
-51.965500
-52.121235
-51.425732
-51.141369
-51.680408
-51.961582
-51.756233
-51.225262
-50.244980
-50.050385
-50.724304
-51.128410
-51.259148
-51.497063
-51.784046
-52.213192
-52.854259
-52.849731
-52.591553
-52.703465
-52.927898
-53.559242
-53.895466
-53.393261
-52.338978
-52.658966
-53.453682
-53.987415
-53.985947
-53.766273
-53.919331
-54.809017
-55.118847
-54.998852
-55.368530
-55.551731
-55.757080
-55.828541
-56.260052
-56.234291
-56.170731
-56.233978
-55.924656
-56.256271
-56.391911
-56.414337
-56.576393
-56.752178
-56.650410
-56.308880
-56.698887
-56.632587
-56.517288
-56.592499
-57.001358
-56.804707
-57.005623
-56.956593
-57.106209
-57.328964
-57.488636
-57.460491
-57.694542
-58.153732
-58.256546
-58.373848
-58.648090
-58.468941
-58.512371
-58.517845
-58.963959
-59.082909
-59.125221
-58.933369
-58.721455
-58.989441
-59.362007
-59.210648
-58.453285
-58.634155
-58.910919
-59.329857
-59.337585
-59.233547
-59.168385
-59.471668
-59.299389
-59.748543
-59.585361
-59.716702
-60.016613
-60.320915
-60.639423
-60.596748
-60.612125
-60.385021
-60.656433
-61.226364
-61.428413
-61.404915
-60.973450
-61.437023
-61.354649
-61.418972
-61.496166
-61.380505
-61.772854
-61.709518
-61.881638
-61.750507
-61.597809
-61.412544
-61.604053
-62.354626
-62.461643
-62.305397
-62.177135
-62.323090
-62.827862
-62.902737
-62.357555
-62.460258
-63.267620
-63.449631
-63.624901
-63.528492
-63.479958
-63.344326
-63.890137
-63.908325
-63.963951
-63.989742
-64.128632
-64.655190
-64.624634
-64.727203
-64.346535
-64.682266
-64.847519
-64.955658
-65.188164
-65.355125
-65.733978
-65.504967
-65.912910
-66.209473
-66.297638
-66.193352
-66.093323
-66.684860
-66.875366
-66.890892
-66.791313
-66.921539
-66.626907
-66.555862
-66.668671
-66.867584
-66.890121
-66.837364
-66.680595
-66.672844
-66.636635
-66.564079
-66.380684
-66.277046
-66.044434
-66.348549
-66.646904
-66.381302
-66.111435
-66.269516
-66.204155
-66.288765
-66.285797
-66.304001
-66.160454
-66.392906
-66.025963
-65.941284
-65.947723
-65.956070
-65.811142
-65.789558
-65.765610
-66.112907
-65.722595
-65.732933
-65.833641
-65.810951
-65.731956
-65.826225
-65.885658
-65.741417
-65.981232
-65.654839
-65.495819
-65.728500
-65.629539
-65.401245
-65.667114
-65.484764
-65.552238
-65.800720
-65.789917
-65.407913
-65.709602
-65.622833
-65.888725
-66.246979
-65.909927
-65.899834
-66.221672
-66.638054
-66.330574
-66.171547
-66.219772
-66.440620
-66.686684
-66.279152
-66.547066
-66.402390
-66.303543
-65.860573
-66.108765
-66.269272
-66.346962
-66.458847
-65.874527
-66.256531
-65.812599
-65.524399
-65.265015
-65.826706
-66.136192
-65.773575
-65.729218
-65.548203
-65.648926
-65.551353
-65.546364
-65.470558
-65.422432
-65.171700
-65.373871
-65.506393
-65.710312
-65.776070
-66.132507
-65.997551
-66.366959
-66.392578
-66.376999
-66.282127
-65.977791
-65.994881
-65.846397
-65.855576
-65.787994
-65.564842
-65.358162
-65.132912
-65.387558
-65.374947
-65.317993
-65.254791
-65.363686
-65.440224
-65.525703
-65.600037
-65.193550
-65.166122
-65.303848
-64.897346
-64.999199
-64.962463
-64.965919
-64.726364
-64.797340
-64.807556
-64.641426
-64.613182
-64.527733
-64.891922
-64.749413
-64.841217
-64.742081
-64.687706
-64.705231
-64.349945
-64.606499
-64.498611
-64.294876
-64.269127
-64.445480
-64.424171
-64.128922
-63.997448
-63.991390
-64.110703
-64.180847
-63.880947
-64.148605
-64.119568
-64.050133
-63.832996
-64.179329
-64.078087
-63.870853
-63.891476
-63.779366
-64.095085
-64.152061
-63.831955
-64.002510
-64.151657
-64.023041
-63.944038
-64.056908
-64.386497
-64.057899
-64.264221
-64.171555
-64.479477
-64.383087
-64.421730
-64.406563
-64.367325
-64.506393
-64.527512
-64.709190
-64.625465
-64.684875
-64.811417
-64.882614
-64.925117
-64.887726
-65.148994
-65.112144
-65.343407
-65.455620
-65.295319
-65.381760
-65.571449
-65.931267
-65.813293
-65.793121
-65.811928
-65.896492
-66.064148
-65.891289
-66.017128
-66.065193
-66.084099
-66.240662
-66.129761
-66.286316
-66.366028
-66.466255
-66.567520
-66.775398
-66.810875
-66.953384
-66.972221
-67.387909
-67.266144
-67.446640
-67.302376
-67.345917
-67.144791
-67.285896
-67.193939
-66.989433
-67.210121
-67.183800
-67.113525
-66.918663
-67.072304
-67.291092
-67.071091
-66.988869
-67.178894
-67.123970
-67.293900
-66.755676
-66.813942
-66.868729
-66.947556
-66.568855
-66.459633
-66.623260
-66.518845
-66.553444
-66.650063
-66.847786
-66.680542
-66.501221
-66.402596
-66.475266
-66.349098
-66.262047
-65.974800
-65.858704
-65.789177
-65.803078
-65.631592
-65.194557
-64.986679
-64.908745
-64.978111
-65.348595
-65.117653
-65.178314
-64.791054
-64.832382
-65.327164
-65.427429
-64.937347
-64.742256
-65.099968
-65.084908
-65.065132
-64.694725
-64.743637
-65.142090
-64.977692
-64.986702
-65.345123
-65.273758
-65.270271
-65.140923
-65.661346
-65.639389
-65.425140
-65.554764
-65.834389
-66.206505
-65.829185
-65.968941
-66.138062
-66.331841
-66.531197
-66.611092
-66.640289
-66.798370
-66.701126
-66.831970
-66.811684
-66.943848
-66.788780
-66.754265
-66.973709
-66.885529
-66.914017
-66.720047
-66.783432
-66.857231
-66.665558
-66.720734
-66.872383
-67.061577
-66.640335
-66.765923
-66.670891
-66.788254
-66.545601
-66.365593
-66.573593
-66.460907
-66.452477
-66.181931
-66.338272
-66.416672
-66.060539
-66.155251
-66.211304
-66.464294
-66.167564
-65.973930
-66.208740
-66.361710
-66.252258
-65.949463
-66.038170
-66.189964
-66.172356
-65.946571
-65.884407
-66.086510
-66.000885
-65.811806
-65.880516
-66.128174
-66.131180
-65.834450
-65.949348
-66.100609
-66.065094
-66.079666
-66.119164
-66.148033
-66.165810
-66.097710
-66.207657
-66.086853
-66.229515
-66.356140
-66.548691
-66.451836
-66.475464
-66.567154
-66.485168
-66.824539
-66.737679
-66.868973
-66.636703
-66.791817
-66.842644
-66.640556
-66.495399
-66.328972
-66.407700
-66.331627
-66.227974
-66.139084
-66.108620
-66.253403
-65.866379
-65.876732
-66.025200
-66.283600
-66.111656
-66.067184
-66.074242
-65.909882
-65.710289
-65.541962
-65.354401
-65.350746
-65.250702
-65.212090
-65.242607
-65.113388
-65.112541
-64.799309
-65.037041
-64.996658
-65.114502
-65.241684
-65.206055
-65.381042
-65.331635
-65.381248
-64.757843
-65.070091
-65.130592
-65.346329
-65.297020
-65.082672
-65.086266
-64.949097
-65.289047
-65.307335
-65.227440
-65.097481
-65.565384
-65.881096
-65.578827
-65.637192
-65.620628
-65.605812
-65.869041
-65.994461
-66.043991
-65.854393
-66.260414
-66.127968
-66.425697
-66.419014
-66.209846
-66.323029
-66.629875
-66.718513
-66.563362
-66.617775
-66.635567
-66.590050
-66.650719
-66.565865
-66.836197
-66.841866
-66.667412
-66.980637
-66.912704
-67.099503
-66.976585
-67.004173
-67.026566
-67.097656
-67.132675
-66.976006
-67.002373
-67.096901
-66.952980
-67.063683
-67.037666
-67.296875
-67.166725
-67.327515
-67.294144
-67.363533
-67.260979
-67.328316
-67.658852
-67.752594
-67.674477
-67.613617
-67.417389
-67.672737
-67.389839
-67.724976
-67.731667
-67.747971
-67.798233
-67.726227
-68.096634
-67.817368
-67.741882
-67.817696
-68.072189
-68.098694
-67.906174
-68.051003
-67.984123
-68.047028
-67.991081
-67.849602
-67.684486
-67.649818
-67.831894
-67.485023
-67.252060
-67.280853
-66.860840
-66.928230
-66.794769
-67.061081
-67.098740
-66.791176
-66.954620
-67.072777
-67.415009
-67.439018
-67.264473
-67.393539
-67.658813
-67.843109
-67.458244
-67.575256
-67.652733
-67.620209
-67.150017
-67.048645
-67.321686
-66.797722
-66.673080
-66.747200
-67.131157
-67.246948
-67.058105
-67.258476
-67.224754
-67.293274
-67.282021
-67.296814
-67.646889
-67.590279
-67.491669
-67.070061
-67.264595
-67.542534
-67.551414
-67.336258
-67.453835
-67.475113
-67.436432
-67.448372
-67.829140
-67.764618
-67.567207
-67.167145
-67.305405
-67.583939
-67.363861
-67.010818
-67.020943
-67.367561
-67.306900
-67.061966
-67.083961
-66.994553
-66.951927
-66.740051
-66.855614
-66.981743
-66.866951
-66.568459
-66.437225
-66.297256
-66.529533
-66.463608
-66.482262
-66.470680
-66.481438
-66.477058
-66.671349
-66.785744
-66.509003
-66.491096
-66.654579
-66.761200
-66.637238
-66.080460
-66.182961
-66.429199
-66.216110
-66.158531
-66.159630
-66.238083
-66.247711
-66.321175
-66.169075
-66.310692
-66.498322
-66.469666
-66.261879
-66.200668
-66.149025
-65.881081
-65.857338
-66.235695
-66.208481
-65.658600
-65.761421
-65.839409
-66.263451
-66.148285
-66.029709
-66.005814
-66.168327
-66.176300
-65.980598
-66.216721
-66.084473
-65.905144
-65.898727
-66.098206
-66.285591
-66.069138
-66.102303
-66.345551
-66.459038
-66.390190
-66.266953
-66.562523
-66.534370
-66.703178
-66.554924
-66.466568
-66.567841
-66.420998
-66.422256
-66.389259
-66.466949
-66.440521
-66.390305
-66.413399
-66.173332
-66.208984
-66.217796
-66.063400
-66.082214
-66.053993
-65.976257
-65.968536
-66.036934
-65.733444
-65.774673
-65.989311
-65.762138
-65.768272
-65.799667
-65.855354
-65.792152
-65.777351
-65.863899
-65.703293
-65.595901
-65.577087
-65.575706
-65.684486
-65.358658
-65.304840
-65.421837
-65.541451
-65.446259
-65.345505
-65.458725
-65.545181
-65.383499
-65.440712
-65.563431
-65.709572
-65.517311
-65.704430
-65.685486
-65.743301
-65.644012
-65.559189
-65.901138
-65.907997
-65.797035
-65.896988
-66.041977
-65.994156
-65.994293
-66.081596
-66.110382
-66.183655
-66.330215
-66.335884
-66.477348
-66.309998
-66.307762
-66.558502
-66.541794
-66.595642
-66.292168
-66.519867
-66.729927
-66.752617
-66.425217
-66.394905
-66.653793
-66.646133
-66.486290
-66.474564
-66.632492
-66.558708
-66.379349
-66.363594
-66.554337
-66.550446
-66.316025
-66.148491
-66.518967
-66.576385
-66.346809
-66.336769
-66.353935
-66.479446
-66.318756
-66.341812
-66.285736
-66.486473
-66.372063
-66.039932
-66.178864
-66.212624
-66.160332
-65.953773
-65.897171
-66.098076
-66.067123
-65.861542
-65.699425
-66.015488
-65.794777
-65.764900
-65.825043
-65.846588
-65.633362
-65.617630
-65.750298
-65.756783
-65.426765
-65.552567
-65.353577
-65.719124
-65.529060
-65.452156
-65.318932
-65.388664
-65.429192
-65.328941
-65.483139
-65.497520
-65.446030
-65.452583
-65.430305
-65.731758
-65.493408
-65.858589
-65.574677
-65.809341
-65.937347
-65.797272
-65.913788
-65.757072
-65.910271
-65.880257
-65.879654
-65.867058
-65.736237
-65.824852
-65.752808
-66.008820
-65.826355
-65.548767
-65.474136
-65.608299
-65.820084
-65.650490
-65.318886
-65.534630
-65.471001
-65.419167
-65.267891
-65.375656
-65.724640
-65.206154
-65.113197
-65.259399
-65.544868
-65.276367
-65.040436
-65.159935
-65.207642
-65.332573
-65.102211
-65.106453
-65.295815
-65.092514
-65.194069
-65.141525
-65.245689
-65.050323
-65.022987
-64.969818
-64.951996
-64.983040
-64.662109
-64.828224
-64.802490
-64.823494
-64.908951
-64.756073
-64.831841
-64.982697
-64.997292
-65.203423
-65.050751
-64.863388
-64.932022
-65.221474
-65.091553
-65.013344
-64.913330
-64.601006
-64.801048
-65.197906
-64.642502
-64.674423
-64.731743
-65.100800
-64.925186
-64.999939
-65.077286
-64.925377
-64.869675
-64.947411
-64.951843
-65.051941
-64.793259
-65.036446
-65.094963
-64.954033
-64.885857
-64.932587
-65.006638
-64.980659
-65.117889
-65.031677
-65.102715
-65.036301
-65.061409
-65.139824
-65.125549
-64.923927
-65.028389
-64.972847
-65.288322
-64.938454
-64.936546
-65.097885
-65.100967
-65.046562
-64.758934
-65.031845
-64.918602
-64.905403
-64.976555
-64.928116
-64.905800
-64.782669
-64.939255
-64.865593
-64.902115
-64.699684
-64.835030
-65.109299
-64.839722
-64.973969
-64.935204
-65.020348
-64.771652
-64.856689
-64.853355
-64.775917
-64.822708
-64.917336
-64.815895
-64.670677
-64.630791
-64.805878
-64.494606
-64.567650
-64.562241
-64.744011
-64.690186
-64.528656
-64.633461
-64.600212
-64.681488
-64.384346
-64.366684
-64.572243
-64.430481
-64.421051
-64.273720
-64.350166
-64.441856
-64.390610
-64.183075
-64.097519
-64.475372
-64.198395
-64.179436
-64.320145
-64.247162
-64.153877
-64.014015
-64.152985
-63.972343
-63.903084
-63.769974
-63.812115
-63.944256
-63.774479
-63.543369
-63.685001
-63.606907
-63.570477
-63.480286
-63.542915
-63.519497
-63.488438
-63.314701
-63.489731
-63.460484
-63.244633
-63.236618
-63.340923
-63.452946
-63.308014
-63.123898
-63.236824
-63.408241
-63.337341
-63.200684
-63.489334
-63.516163
-63.331757
-63.486317
-63.525852
-63.590641
-63.703018
-63.777367
-63.861553
-63.791092
-63.863831
-63.819160
-63.959991
-63.910210
-63.871040
-64.027298
-63.765537
-63.910690
-63.935501
-64.041275
-63.877987
-63.887264
-64.123604
-64.008263
-63.969204
-64.046097
-64.149521
-64.154549
-63.995705
-64.085442
-64.081314
-63.926956
-63.944466
-63.844604
-64.033150
-63.932949
-64.046951
-63.829899
-64.173592
-63.922436
-63.896740
-64.180260
-64.090088
-64.066589
-64.261101
-64.303703
-64.094658
-63.840733
-63.886543
-63.742836
-64.142052
-63.748550
-63.738564
-63.932735
-63.933151
-63.742451
-63.655048
-63.824230
-63.857361
-63.810158
-63.675335
-63.796810
-64.002007
-63.608215
-63.345139
-63.670773
-63.710491
-63.632015
-63.558342
-63.602528
-63.593491
-63.706982
-63.679260
-63.573387
-63.827782
-63.610638
-63.792503
-64.100243
-63.932835
-63.601429
-63.513241
-63.832569
-63.929855
-63.737282
-63.448414
-63.767078
-63.769863
-63.532314
-63.656784
-63.626968
-63.427090
-63.459778
-63.822529
-63.657219
-63.575375
-63.436680
-63.516403
-63.526455
-63.637970
-63.479916
-63.459461
-63.471825
-63.540844
-63.583809
-63.448235
-63.446896
-63.267532
-63.473164
-63.428493
-63.548157
-63.497265
-63.353142
-63.548393
-63.623894
-63.553642
-63.513279
-63.632030
-63.802158
-63.614819
-63.744560
-63.692120
-63.828190
-63.503113
-63.538971
-63.600731
-63.661354
-63.549496
-63.324551
-63.515347
-63.508156
-63.421806
-63.368294
-63.433960
-63.480827
-63.505909
-63.440742
-63.548428
-63.423241
-63.521950
-63.354496
-63.536282
-63.628979
-63.646915
-63.576351
-63.415562
-63.597324
-63.606632
-63.613960
-63.639347
-63.587242
-63.713436
-63.658699
-63.502274
-63.651375
-63.618256
-63.513062
-63.628906
-63.699638
-63.368759
-63.484470
-63.562504
-63.434093
-63.327984
-63.585541
-63.381603
-63.369251
-63.261547
-63.238075
-63.269913
-63.227509
-62.959595
-63.015026
-63.265030
-62.986275
-62.994209
-62.686001
-63.008484
-62.891270
-62.721684
-62.756351
-62.665539
-62.739452
-62.572826
-62.675297
-62.586750
-62.559658
-62.462288
-62.400223
-62.640755
-62.489540
-62.436432
-62.286751
-62.496780
-62.589668
-62.332966
-62.437958
-62.309212
-62.306747
-62.267048
-62.202610
-62.389351
-62.355030
-62.293972
-62.219131
-62.305309
-62.247471
-62.185146
-62.271362
-62.322037
-62.382416
-62.442558
-62.490425
-62.420517
-62.361843
-62.424755
-62.395706
-62.497746
-62.376232
-62.462112
-62.322468
-62.365341
-62.338142
-62.361858
-62.168175
-62.148937
-62.243706
-62.333054
-62.121975
-62.009838
-62.203075
-62.170162
-62.113377
-61.947041
-62.080017
-62.108635
-61.933029
-61.958939
-62.143280
-62.063354
-61.804714
-61.902248
-62.127674
-61.819748
-61.871872
-61.867729
-61.960651
-61.909214
-61.850697
-61.910015
-61.962727
-61.773338
-61.762314
-61.856899
-62.040771
-61.945148
-61.938625
-61.957844
-62.204384
-62.034298
-62.028206
-62.288303
-62.452778
-62.435501
-62.376667
-62.660416
-62.798492
-62.748966
-62.735950
-62.840672
-62.907864
-62.955048
-62.907589
-62.739330
-62.777473
-62.918049
-62.753170
-62.588707
-62.702866
-62.701061
-62.607838
-62.488815
-62.525654
-62.609856
-62.441395
-62.131779
-62.557014
-62.495956
-62.319042
-62.282722
-62.320606
-62.189705
-62.172523
-62.257500
-62.243828
-62.180725
-62.205223
-62.086529
-62.027851
-62.016964
-61.948364
-61.847023
-61.996120
-61.989437
-61.810036
-61.723751
-62.064720
-61.948517
-61.932514
-61.618824
-61.802410
-62.005310
-62.101746
-61.993866
-61.857887
-62.130264
-61.816925
-61.827541
-62.053967
-62.188915
-61.995544
-62.073841
-62.230461
-62.216351
-61.989964
-62.126278
-62.088425
-62.266685
-62.385803
-62.397469
-62.359661
-62.340591
-62.246754
-62.338623
-62.481869
-62.335285
-62.336269
-62.432934
-62.226688
-62.139194
-62.124676
-62.159634
-62.141205
-62.150085
-62.290092
-62.229771
-62.007442
-62.058033
-62.229313
-62.239681
-62.165073
-62.227161
-62.348400
-62.376793
-62.194248
-62.362804
-62.422886
-62.176750
-62.351025
-62.573044
-62.589272
-62.418186
-62.503777
-62.728413
-62.682770
-62.487541
-62.732895
-62.977848
-62.966785
-63.061089
-63.354687
-63.449455
-63.441002
-63.530266
-63.551479
-63.627460
-63.828461
-63.904575
-63.846943
-64.023094
-63.881588
-63.852474
-63.821404
-63.794582
-63.817490
-63.860603
-64.202515
-64.303436
-64.519722
-64.262970
-64.265022
-64.571327
-64.743492
-64.840088
-65.099724
-64.902473
-64.831657
-65.020988
-64.866730
-64.525368
-64.290840
-64.136711
-64.139015
-64.094864
-63.849396
-63.767498
-63.593922
-63.438091
-63.400074
-63.505306
-63.304535
-63.469437
-63.326439
-63.031849
-62.781399
-62.701370
-62.810074
-62.584133
-62.493629
-62.248150
-62.333630
-62.289864
-62.039848
-61.841103
-61.978031
-62.060802
-61.937206
-62.027050
-62.141174
-62.116863
-61.828392
-61.577290
-61.854763
-61.786114
-61.770893
-61.704205
-61.997559
-61.654423
-61.628834
-61.585739
-61.484947
-61.386734
-61.511131
-61.779556
-61.816429
-61.799629
-61.765007
-61.755699
-61.795925
-61.731846
-61.764668
-61.739895
-62.040443
-61.938744
-61.989418
-61.994278
-61.919693
-61.701813
-61.823189
-61.975510
-61.964100
-62.082439
-61.734940
-61.863354
-61.958969
-62.015186
-61.860428
-61.861763
-61.797894
-61.683346
-61.928669
-61.921440
-62.050613
-61.950699
-61.969719
-62.159447
-62.164696
-62.252277
-62.133579
-62.437370
-62.352200
-62.352554
-62.603817
-62.439980
-62.441929
-62.589264
-62.543350
-62.505650
-62.487411
-62.542377
-62.449604
-62.716972
-62.566841
-62.575157
-62.511616
-62.631187
-62.665695
-62.472115
-62.552258
-62.488945
-62.768883
-62.542973
-62.645805
-62.798180
-62.652615
-62.705654
-62.406021
-62.655849
-62.537914
-62.544670
-62.675125
-62.643749
-62.767967
-62.510181
-62.661488
-62.543777
-62.604031
-62.541050
-62.573215
-62.651154
-62.618988
-62.694073
-62.536018
-62.558903
-62.535610
-62.392574
-62.488667
-62.526802
-62.550594
-62.382175
-62.611023
-62.564892
-62.451584
-62.642689
-62.537136
-62.551701
-62.545185
-62.550735
-62.516903
-62.613941
-62.606064
-62.435261
-62.432022
-62.501640
-62.591415
-62.408390
-62.382530
-62.587433
-62.476685
-62.489006
-62.512241
-62.504459
-62.482548
-62.525032
-62.458668
-62.489559
-62.562748
-62.311913
-62.439705
-62.498119
-62.530235
-62.359032
-62.354939
-62.360439
-62.399479
-62.323696
-62.320225
-62.182537
-62.073189
-62.127934
-62.162804
-62.060181
-62.027805
-61.976986
-61.846516
-61.895279
-61.974361
-61.852974
-61.874657
-61.973373
-61.890991
-62.047394
-62.058079
-61.907944
-61.884533
-62.025436
-62.031887
-61.729149
-62.016403
-62.007446
-61.970360
-61.950317
-62.020195
-61.849903
-61.975868
-61.952244
-62.007252
-62.084721
-62.075195
-62.092911
-62.086178
-62.189560
-62.003757
-61.998577
-61.930534
-61.941124
-61.880905
-62.003395
-61.813080
-61.861633
-61.740269
-61.741047
-61.751564
-61.721905
-61.583775
-61.757992
-61.841854
-61.812595
-61.618290
-61.657593
-61.640530
-61.784767
-61.744267
-61.535824
-61.622242
-61.600666
-61.625088
-61.455776
-61.431389
-61.481033
-61.439213
-61.448647
-61.370106
-61.492401
-61.361168
-61.187012
-61.223377
-61.303253
-61.212219
-61.054775
-60.993366
-61.015339
-61.103966
-60.871349
-60.822998
-60.808716
-60.806751
-60.822514
-60.941471
-61.057972
-60.800797
-60.769894
-60.859901
-61.032253
-60.843033
-60.802086
-60.764500
-60.821781
-60.927719
-60.821217
-60.694389
-60.508289
-60.572750
-60.648567
-60.806168
-60.624935
-60.732639
-60.622768
-60.831837
-60.786297
-60.922886
-60.629879
-60.726643
-60.837135
-60.968807
-60.816479
-60.761978
-60.880070
-60.692719
-60.715340
-60.676315
-60.726547
-60.796162
-60.568851
-60.733135
-60.695427
-60.730240
-60.523643
-60.529945
-60.387573
-60.475849
-60.500507
-60.255322
-60.187260
-59.914787
-60.086746
-59.905022
-59.737892
-59.619305
-59.581314
-59.581070
-59.491199
-59.379642
-59.388428
-59.323669
-59.525223
-59.413773
-59.388893
-59.373596
-59.333809
-59.340538
-59.418777
-59.531025
-59.507637
-59.392879
-59.597179
-59.577305
-59.648991
-59.513447
-59.668526
-59.626217
-59.652870
-59.721241
-59.732666
-59.915714
-59.760292
-59.900650
-59.752041
-59.844398
-59.886044
-59.894802
-59.931831
-60.011372
-60.065964
-59.936436
-59.853748
-59.930630
-59.967735
-59.836166
-59.845440
-59.805916
-59.837547
-60.045105
-59.927410
-59.897377
-59.934361
-59.844601
-59.909401
-59.923161
-60.057487
-59.785076
-59.859512
-59.796574
-59.866123
-59.657005
-59.576618
-59.708122
-59.618858
-59.515003
-59.465080
-59.509861
-59.411568
-59.418892
-59.412151
-59.286762
-59.449623
-59.339191
-59.345592
-59.405449
-59.243660
-59.330021
-59.244381
-59.199715
-59.286743
-59.252361
-59.271782
-59.289513
-59.308868
-59.253567
-59.426781
-59.524220
-59.269844
-59.353024
-59.481785
-59.593163
-59.688499
-59.419563
-59.413212
-59.342831
-59.443787
-59.377884
-59.481342
-59.306423
-59.206444
-59.109962
-59.264038
-59.266014
-59.166603
-59.014469
-59.129974
-59.270325
-59.227562
-59.133137
-59.252754
-59.215580
-59.249046
-59.142200
-59.307880
-59.272652
-59.317280
-59.263779
-59.392063
-59.435631
-59.239422
-59.261223
-59.502953
-59.595207
-59.469666
-59.724354
-59.648960
-59.750023
-59.671112
-59.766876
-59.829750
-59.885929
-59.846596
-59.681782
-59.935520
-59.909397
-59.746758
-59.768608
-59.734795
-59.777489
-59.790577
-59.779968
-59.696236
-59.725254
-59.810280
-59.657436
-59.738739
-59.529053
-59.613457
-59.602112
-59.546185
-59.588406
-59.383114
-59.304058
-59.404251
-59.394279
-59.248558
-59.305893
-59.393162
-59.442310
-59.353546
-59.202793
-59.253807
-59.249195
-59.260918
-59.299381
-59.350258
-59.292290
-59.205364
-59.208660
-59.323540
-59.274563
-59.130554
-59.162045
-59.395023
-59.409340
-59.146183
-59.008305
-58.968288
-59.047260
-58.865780
-58.865768
-58.719387
-58.610344
-58.588303
-58.365475
-58.210079
-58.394775
-58.177048
-58.340786
-58.334373
-58.419807
-58.161690
-58.086773
-58.189014
-58.214088
-58.144108
-58.050190
-58.005589
-58.044327
-57.908146
-57.905563
-57.804047
-57.810204
-57.779007
-57.843876
-57.711926
-57.931313
-57.780365
-57.714966
-57.784817
-57.706585
-57.570122
-57.694191
-57.622490
-57.581303
-57.498596
-57.556065
-57.497238
-57.555634
-57.617962
-57.563091
-57.686111
-57.716488
-57.792923
-57.788563
-57.937881
-58.012836
-57.870712
-57.980358
-58.011299
-58.038795
-57.897751
-57.993958
-57.919533
-57.777256
-57.786625
-57.869888
-57.904385
-57.634174
-57.770885
-57.777973
-57.888031
-57.649014
-57.690132
-57.838848
-57.933632
-57.908432
-57.704224
-57.758186
-58.007462
-57.950748
-57.867008
-57.974693
-57.863979
-57.925507
-58.049934
-58.034843
-58.065044
-57.966454
-57.733433
-58.013721
-58.154324
-58.030552
-57.849148
-58.027973
-57.982754
-57.907970
-57.934772
-57.942627
-57.985477
-58.051022
-57.944443
-57.996243
-57.993622
-57.952751
-57.980392
-57.885609
-57.914749
-57.913700
-57.915409
-57.853168
-57.939178
-57.862366
-57.858871
-57.751114
-57.706573
-57.632393
-57.656952
-57.525944
-57.343102
-57.261406
-57.260941
-57.034637
-56.958969
-56.756554
-56.605824
-56.412960
-56.316357
-56.192898
-56.001648
-55.711529
-55.592873
-55.398209
-55.179455
-54.896580
-54.683231
-54.349361
-54.150539
-53.741543
-53.674362
-53.314411
-52.997826
-52.788967
-52.436596
-52.197617
-51.911728
-51.777451
-51.479897
-51.157555
-50.811901
-50.724159
-50.462330
-50.081997
-49.704700
-49.445637
-49.267456
-48.971962
-48.585442
-48.341232
-47.859226
-47.618145
-47.294216
-47.129059
-46.715313
-46.385273
-45.833241
-45.448483
-45.248177
-44.930336
-44.505711
-44.168797
-43.761356
-43.323509
-43.064884
-42.747803
-42.199596
-41.922253
-41.529343
-41.123657
-40.589455
-40.288464
-39.839890
-39.185635
-38.500408
-38.059132
-37.806793
-37.211174
-36.454308
-35.901890
-35.520580
-35.248219
-34.538197
-33.784508
-33.200180
-32.956264
-32.422066
-31.996071
-31.616560
-31.118917
-30.651726
-30.242496
-29.958817
-29.646967
-29.265022
-28.673660
-28.312126
-27.945723
-27.732876
-27.237944
-26.765343
-26.369520
-26.080524
-25.772169
-25.361076
-24.830828
-24.504530
-24.226759
-23.964945
-23.522728
-23.274626
-22.895418
-22.404942
-22.167891
-21.916651
-21.519173
-21.208063
-20.815228
-20.557396
-20.468462
-20.154652
-20.020248
-19.784327
-19.471931
-19.340052
-19.237915
-19.074770
-19.026093
-18.561506
-18.349426
-18.147030
-18.018320
-17.911081
-17.795219
-17.210543
-16.767307
-16.573656
-16.495127
-16.277775
-16.058887
-15.567393
-15.452012
-15.539219
-15.344007
-15.228043
-15.161178
-14.833289
-14.774231
-14.674540
-14.574945
-14.282338
-14.145642
-13.795730
-13.724663
-13.551244
-13.501551
-13.418337
-13.270970
-13.085743
-13.035795
-13.061295
-13.038296
-13.125727
-12.880064
-12.830202
-12.851240
-12.516692
-12.305611
-12.297522
-12.069235
-11.799006
-11.372578
-11.065125
-10.951488
-10.849422
-10.435041
-10.279890
-10.053040
-9.966331
-9.991469
-9.928868
-9.792704
-9.815467
-9.754401
-9.748008
-9.671523
-9.451543
-9.337089
-9.182816
-9.214350
-8.842741
-8.751967
-8.459247
-8.363314
-8.102717
-8.162473
-7.911099
-7.856619
-7.782452
-7.840024
-7.630415
-7.590056
-7.659936
-7.557924
-7.490848
-7.545404
-7.634943
-7.420359
-7.052188
-6.947826
-7.129719
-7.185366
-7.029617
-6.707635
-6.396592
-6.356925
-6.366308
-6.367616
-6.318626
-5.934687
-5.757197
-5.759833
-5.757820
-5.682693
-5.437122
-5.164439
-5.160474
-5.034933
-5.018201
-4.962486
-4.893898
-4.505053
-4.420180
-4.452915
-4.236842
-4.284694
-4.145481
-3.867641
-3.817101
-3.706663
-3.516185
-3.537004
-3.500446
-3.166646
-3.225253
-3.103711
-3.060960
-3.120204
-3.022034
-2.762176
-2.674431
-2.713296
-2.641953
-2.655750
-2.420585
-2.371334
-2.206409
-2.252176
-2.183007
-2.049840
-1.877423
-1.858795
-1.841402
-1.877551
-1.824074
-1.617015
-1.574737
-1.533659
-1.604626
-1.653178
-1.725573
-1.317981
-1.171420
-1.342678
-1.446108
-1.306893
-1.121627
-0.891396
-1.086026
-1.050689
-0.875759
-0.850522
-0.694602
-0.591095
-0.687176
-0.858113
-0.669732
-0.482078
-0.385206
-0.226228
-0.449556
-0.577008
-0.324559
-0.211538
0.002435
-0.039269
-0.257560
-0.286080
0.037260
0.024905
-0.096951
-0.143295
-0.176080
0.007584
0.140053
0.090386
-0.097567
-0.212837
-0.118994
0.072627
0.363959
0.167750
0.250208
0.035551
0.188992
0.106981
0.169959
0.352680
0.165665
0.105376
0.276417
0.340917
0.192006
0.200242
0.159070
0.273555
0.429109
0.312004
0.239723
0.332020
0.274410
0.255596
0.376988
0.492027
0.335207
0.372285
0.482184
0.539252
0.466103
0.420362
0.507892
0.700693
0.558764
0.569322
0.630699
0.598505
0.660953
0.688886
0.742616
0.692153
0.585689
0.812716
0.826632
0.815633
0.842569
0.711436
0.891134
0.994479
0.723903
0.938255
1.061348
0.857496
0.791282
0.891278
0.879028
0.881797
0.828759
0.981873
0.855047
0.935990
0.796408
0.972122
0.967124
0.953903
0.975297
0.997103
0.854913
0.884186
0.875301
0.957250
0.739669
0.698188
0.698672
0.655444
0.684689
0.548032
0.569768
0.658110
0.748228
0.585495
0.700308
0.625301
0.701882
0.748867
0.747098
0.684158
0.615585
0.734039
0.713528
0.696539
0.568807
0.600480
0.624869
0.523225
0.671079
0.704262
0.615320
0.485716
0.575911
0.665618
0.660824
0.582069
0.492029
0.674608
0.613508
0.495507
0.648631
0.605705
0.514838
0.472056
0.521107
0.607311
0.536656
0.491434
0.438055
0.651114
0.506826
0.509299
0.612365
0.593325
0.420543
0.491771
0.663950
0.583535
0.503376
0.495794
0.449139
0.534981
0.477182
0.431347
0.391473
0.252409
0.228670
0.248504
0.281406
0.215630
0.207758
0.090970
0.155547
0.300074
0.207840
0.285963
0.254956
0.276421
0.299656
0.390232
0.175684
0.331368
0.407255
0.243684
0.240507
0.276350
0.267632
0.195407
0.068640
0.154550
0.287544
0.049589
0.074614
0.132823
0.009808
0.010494
-0.015555
-0.150569
-0.016296
-0.160961
-0.115364
-0.137148
-0.271088
-0.510525
-0.427734
-0.449586
-0.588533
-0.658856
-0.845308
-0.946036
-0.921703
-0.948714
-1.059543
-0.997980
-1.188168
-1.116162
-1.190766
-1.138225
-1.188475
-1.002870
-1.219845
-1.240801
-1.264161
-1.238803
-1.267588
-1.354038
-1.330187
-1.267518
-1.340790
-1.338219
-1.282165
-1.408769
-1.413230
-1.271112
-1.163986
-1.299971
-1.329235
-1.311776
-1.233798
-1.226679
-1.258655
-1.397432
-1.313988
-1.298623
-1.390154
-1.435140
-1.390430
-1.412333
-1.373944
-1.337968
-1.285667
-1.392068
-1.284818
-1.320256
-1.245606
-1.158735
-1.191734
-1.310135
-1.191629
-1.234303
-1.264096
-1.207730
-1.188058
-1.120923
-1.113724
-1.161290
-1.042883
-1.076007
-1.043618
-1.067826
-1.030901
-0.949614
-0.941242
-0.963526
-1.014087
-0.941519
-1.010307
-1.023638
-0.986918
-0.909943
-0.928541
-0.913909
-0.853963
-0.841688
-0.793063
-0.803787
-0.616270
-0.585045
-0.571474
-0.594834
-0.622166
-0.587378
-0.537667
-0.546956
-0.562743
-0.476384
-0.419288
-0.324349
-0.302486
-0.257986
-0.293162
-0.168093
-0.092473
0.011094
-0.004489
0.062593
0.046384
0.088634
0.166142
0.203189
0.231123
0.219951
0.313827
0.365009
0.460048
0.333954
0.459452
0.516292
0.613325
0.673033
0.619407
0.602186
0.701073
0.724756
0.712183
0.747600
0.756093
0.742671
0.789256
0.780474
0.900538
0.798569
0.766912
0.885018
0.923595
0.968546
0.880644
0.916715
0.903829
0.926131
0.877612
1.001592
0.970287
0.793292
0.747711
0.991656
0.944562
0.928722
0.796615
0.779105
0.944405
0.927285
0.884997
0.920323
0.936115
0.836681
0.967887
1.001572
0.872302
0.818962
0.766144
0.830757
0.972980
0.745904
0.749294
0.761527
0.726371
0.701458
0.743818
0.797277
0.749510
0.784572
0.778570
0.803741
0.801957
0.742042
0.668920
0.790095
0.755250
0.737021
0.713220
0.741118
0.651050
0.723695
0.596606
0.554596
0.633297
0.609603
0.588214
0.596874
0.541030
0.537240
0.483682
0.544556
0.496764
0.489585
0.411509
0.506058
0.428627
0.350496
0.309540
0.373793
0.277319
0.301583
0.144498
0.224664
0.190600
0.213924
0.155429
0.140371
0.205482
0.116222
0.081829
0.147206
0.138799
0.014310
0.103395
0.124826
0.115259
-0.017175
-0.015584
-0.016483
-0.012161
-0.037594
0.011356
-0.130933
-0.059678
-0.075100
-0.017888
-0.156059
-0.120027
-0.164393
-0.094145
-0.117793
-0.110500
-0.218577
-0.177033
-0.177960
-0.160089
-0.137933
-0.070918
-0.188128
-0.250792
-0.163253
-0.070497
-0.176799
-0.190551
-0.193121
-0.078196
-0.232038
-0.202260
-0.254111
-0.361673
-0.298878
-0.308693
-0.366645
-0.334684
-0.380992
-0.462912
-0.522490
-0.447251
-0.598493
-0.569415
-0.602468
-0.539814
-0.641483
-0.569606
-0.701603
-0.717815
-0.680815
-0.510458
-0.614213
-0.613492
-0.551322
-0.487340
-0.523458
-0.461117
-0.517114
-0.457523
-0.463092
-0.499736
-0.489400
-0.616589
-0.570351
-0.741718
-0.769100
-0.731773
-0.538315
-0.731212
-0.636645
-0.621083
-0.645607
-0.596248
-0.633449
-0.536998
-0.547509
-0.439608
-0.454068
-0.457873
-0.588904
-0.560759
-0.567608
-0.580929
-0.576276
-0.501375
-0.606074
-0.597198
-0.601092
-0.622097
-0.583699
-0.570877
-0.533690
-0.501121
-0.457761
-0.525157
-0.539324
-0.559687
-0.566750
-0.521828
-0.519911
-0.575085
-0.486332
-0.533830
-0.500733
-0.491422
-0.380219
-0.513191
-0.342942
-0.400931
-0.325178
-0.376254
-0.281864
-0.381308
-0.304754
-0.305623
-0.301677
-0.350422
-0.285251
-0.311269
-0.269812
-0.326374
-0.162825
-0.159304
-0.143579
-0.196053
-0.105137
-0.083459
-0.156439
-0.167292
-0.064783
0.017203
-0.124849
-0.110001
-0.151310
-0.113561
-0.108046
-0.011472
-0.055022
-0.079049
-0.095488
-0.062275
-0.012560
-0.076636
-0.123160
-0.104034
-0.062623
-0.079546
-0.103822
-0.152418
-0.053397
-0.165976
-0.181149
-0.110754
-0.133858
-0.206003
-0.144770
-0.151914
-0.114250
-0.128092
-0.153506
-0.151509
-0.137595
-0.154409
-0.080758
-0.161009
-0.169341
-0.174626
-0.093410
-0.058917
-0.166049
-0.217199
-0.120756
-0.035725
-0.102825
-0.048286
-0.091136
-0.107024
-0.126777
-0.015049
-0.017667
-0.034729
-0.093997
0.021811
-0.060378
-0.135791
-0.073137
-0.069193
-0.041278
-0.054481
-0.059389
-0.066122
-0.025941
-0.050623
-0.058352
-0.049066
-0.101437
-0.031882
0.002488
-0.009936
-0.056502
-0.130928
-0.067990
-0.052907
-0.100033
-0.077693
-0.097530
-0.045747
-0.107181
-0.103946
-0.076419
-0.071156
-0.116562
-0.090410
-0.070727
-0.045645
-0.149889
-0.111321
-0.140578
-0.118916
-0.194105
-0.131271
-0.227201
-0.244600
-0.085874
-0.204186
-0.127156
-0.196835
-0.176150
-0.276308
-0.201282
-0.220856
-0.127559
-0.304263
-0.224296
-0.298212
-0.200904
-0.311513
-0.216609
-0.393951
-0.283267
-0.312257
-0.284035
-0.362358
-0.364917
-0.357366
-0.340766
-0.270695
-0.332953
-0.314855
-0.325896
-0.412550
-0.405009
-0.321222
-0.392080
-0.333038
-0.419521
-0.384980
-0.488688
-0.405693
-0.519362
-0.397505
-0.431371
-0.424120
-0.430059
-0.391948
-0.500690
-0.479479
-0.463373
-0.421497
-0.407061
-0.445385
-0.523398
-0.413743
-0.488890
-0.433837
-0.559229
-0.498063
-0.465680
-0.512682
-0.481753
-0.479703
-0.500621
-0.575301
-0.455606
-0.444625
-0.457300
-0.501789
-0.500631
-0.417703
-0.510916
-0.427613
-0.535194
-0.565667
-0.574413
-0.479256
-0.505697
-0.543516
-0.564038
-0.520904
-0.588839
-0.479865
-0.561352
-0.479661
-0.557387
-0.497843
-0.583058
-0.473853
-0.610223
-0.440495
-0.646755
-0.488162
-0.632455
-0.517198
-0.565791
-0.565541
-0.597972
-0.518016
-0.542076
-0.525147
-0.576205
-0.515256
-0.506596
-0.499009
-0.506462
-0.612161
-0.514450
-0.554394
-0.489788
-0.535749
-0.513005
-0.593929
-0.515114
-0.494436
-0.549547
-0.551015
-0.541534
-0.558047
-0.519235
-0.546699
-0.583725
-0.567688
-0.560405
-0.575791
-0.533578
-0.588318
-0.611944
-0.612931
-0.552671
-0.607193
-0.573206
-0.667870
-0.529328
-0.609759
-0.582956
-0.604458
-0.541484
-0.605554
-0.647611
-0.587148
-0.631912
-0.498667
-0.666910
-0.599076
-0.594410
-0.572455
-0.600056
-0.593264
-0.599976
-0.525945
-0.618111
-0.591239
-0.595694
-0.457509
-0.537049
-0.564108
-0.628686
-0.565240
-0.572285
-0.635130
-0.626483
-0.591652
-0.658742
-0.665964
-0.584956
-0.638223
-0.650704
-0.698149
-0.720826
-0.602939
-0.630747
-0.679436
-0.661612
-0.646965
-0.752417
-0.679731
-0.639122
-0.671412
-0.706766
-0.718862
-0.640748
-0.677439
-0.645888
-0.688013
-0.709560
-0.671658
-0.655777
-0.600684
-0.708862
-0.672298
-0.698059
-0.687229
-0.603550
-0.659432
-0.651368
-0.682817
-0.606008
-0.628663
-0.617057
-0.651055
-0.617701
-0.625178
-0.658370
-0.608981
-0.578628
-0.677825
-0.583032
-0.627400
-0.554699
-0.615077
-0.604395
-0.650123
-0.649706
-0.552242
-0.618743
-0.560127
-0.692020
-0.560354
-0.583364
-0.623203
-0.654585
-0.581752
-0.508729
-0.591058
-0.670248
-0.561803
-0.631994
-0.584957
-0.541290
-0.527877
-0.595624
-0.580545
-0.672575
-0.595690
-0.559635
-0.550776
-0.609167
-0.626903
-0.558116
-0.551302
-0.601147
-0.576280
-0.529891
-0.578497
-0.635719
-0.517705
-0.606166
-0.578449
-0.507027
-0.600067
-0.587563
-0.602654
-0.551625
-0.653300
-0.553106
-0.604739
-0.554887
-0.567948
-0.597179
-0.637417
-0.559202
-0.598456
-0.634491
-0.607049
-0.587596
-0.654893
-0.682546
-0.579476
-0.671233
-0.612234
-0.686067
-0.656062
-0.693467
-0.637058
-0.664156
-0.671842
-0.682807
-0.642337
-0.710375
-0.708297
-0.595465
-0.668724
-0.667091
-0.658877
-0.604491
-0.629976
-0.717649
-0.665710
-0.580558
-0.722348
-0.619919
-0.645510
-0.620575
-0.688177
-0.602296
-0.645091
-0.632374
-0.698561
-0.649439
-0.648809
-0.665392
-0.640464
-0.648596
-0.658384
-0.667989
-0.681576
-0.663629
-0.747046
-0.680262
-0.703703
-0.719876
-0.677031
-0.724520
-0.750277
-0.766972
-0.682521
-0.753075
-0.707406
-0.751728
-0.679898
-0.839036
-0.787926
-0.707950
-0.757500
-0.807969
-0.804065
-0.730724
-0.775837
-0.767954
-0.804717
-0.691289
-0.814029
-0.731337
-0.828251
-0.743169
-0.762089
-0.733063
-0.791840
-0.767975
-0.778330
-0.719779
-0.814515
-0.786560
-0.710359
-0.760149
-0.778870
-0.788620
-0.789691
-0.761929
-0.808898
-0.802093
-0.764856
-0.840505
-0.776970
-0.782464
-0.790649
-0.805276
-0.819487
-0.749517
-0.840685
-0.758295
-0.755635
-0.800478
-0.829095
-0.906324
-0.773148
-0.803285
-0.763921
-0.879869
-0.783358
-0.790352
-0.836563
-0.789261
-0.825547
-0.820908
-0.845852
-0.817364
-0.807576
-0.778614
-0.847642
-0.769990
-0.718905
-0.814471
-0.823339
-0.758939
-0.800297
-0.747127
-0.838844
-0.778427
-0.752382
-0.784603
-0.784627
-0.772127
-0.720142
-0.751508
-0.805507
-0.740375
-0.770656
-0.752659
-0.772368
-0.726083
-0.749980
-0.724060
-0.748719
-0.714472
-0.719911
-0.760417
-0.807528
-0.757021
-0.719194
-0.734704
-0.799871
-0.776909
-0.689595
-0.790365
-0.670200
-0.777244
-0.740784
-0.759630
-0.711457
-0.725594
-0.717978
-0.755534
-0.793304
-0.657871
-0.713987
-0.765246
-0.681885
-0.719301
-0.740387
-0.680628
-0.635362
-0.758310
-0.696202
-0.707424
-0.659551
-0.600017
-0.716011
-0.697865
-0.678021
-0.638714
-0.645803
-0.640297
-0.711573
-0.587189
-0.691974
-0.680895
-0.601994
-0.615221
-0.656763
-0.609835
-0.615763
-0.580097
-0.630851
-0.669375
-0.651487
-0.563891
-0.598732
-0.571425
-0.610468
-0.640739
-0.604259
-0.620676
-0.607038
-0.646558
-0.593553
-0.607613
-0.577960
-0.668997
-0.552104
-0.563744
-0.580981
-0.650244
-0.556141
-0.604644
-0.608073
-0.614435
-0.573442
-0.592320
-0.592505
-0.575199
-0.637871
-0.604216
-0.551481
-0.591811
-0.569429
-0.573872
-0.616482
-0.526352
-0.647625
-0.597078
-0.612947
-0.555350
-0.576522
-0.579443
-0.590515
-0.616453
-0.576758
-0.578187
-0.599807
-0.589753
-0.577434
-0.572238
-0.670569
-0.535810
-0.573500
-0.603751
-0.587858
-0.549733
-0.610881
-0.608367
-0.698073
-0.534703
-0.644623
-0.614180
-0.666045
-0.607405
-0.520352
-0.528427
-0.647135
-0.631482
-0.606397
-0.590661
-0.618129
-0.598195
-0.604668
-0.618927
-0.641764
-0.653163
-0.555802
-0.629886
-0.657835
-0.668796
-0.585507
-0.629369
-0.632904
-0.682960
-0.629211
-0.588864
-0.577784
-0.665991
-0.691253
-0.607740
-0.649540
-0.656360
-0.555779
-0.574644
-0.691415
-0.680305
-0.636025
-0.625413
-0.631116
-0.659776
-0.608905
-0.621594
-0.699300
-0.625314
-0.648892
-0.640566
-0.706836
-0.656604
-0.664765
-0.631222
-0.706954
-0.625960
-0.681157
-0.700266
-0.697250
-0.635730
-0.734818
-0.676246
-0.642123
-0.717942
-0.720152
-0.653123
-0.684457
-0.753065
-0.686304
-0.681572
-0.726780
-0.753644
-0.740136
-0.672514
-0.729347
-0.712777
-0.784400
-0.738429
-0.691010
-0.734787
-0.744289
-0.753239
-0.731721
-0.812594
-0.762665
-0.708101
-0.692099
-0.856173
-0.787573
-0.750714
-0.773371
-0.773994
-0.746117
-0.746603
-0.844423
-0.835191
-0.796162
-0.732527
-0.806131
-0.843172
-0.801378
-0.813301
-0.748402
-0.840532
-0.804982
-0.783815
-0.902842
-0.883666
-0.798706
-0.822235
-0.825322
-0.822803
-0.840594
-0.875025
-0.833097
-0.903278
-0.829383
-0.914584
-0.880442
-0.900213
-0.809069
-0.901572
-0.911088
-0.923459
-0.880034
-0.894297
-0.879139
-0.942363
-0.914385
-0.917208
-0.902780
-0.898003
-0.953114
-0.962169
-0.960799
-0.849225
-0.948374
-0.962270
-0.989900
-0.973789
-0.973126
-0.960720
-1.027876
-0.957734
-0.974219
-0.950780
-1.039662
-1.009713
-1.059708
-0.945583
-0.896661
-1.090081
-1.041614
-0.996901
-1.072608
-1.021574
-0.969505
-0.999007
-1.031094
-1.030313
-1.061063
-0.998047
-1.056203
-1.044000
-1.025460
-0.992475
-1.060419
-1.081150
-1.024135
-0.951380
-1.045522
-1.052227
-0.981061
-1.078823
-1.092307
-1.023661
-1.022556
-1.084530
-1.059706
-1.084318
-0.999776
-1.082037
-1.131735
-1.064213
-0.964537
-1.072435
-1.081177
-1.049684
-1.056549
-1.051799
-1.039660
-1.108101
-1.047410
-1.078385
-1.123868
-1.032118
-1.068913
-1.085329
-1.117289
-1.034676
-1.010247
-1.142576
-1.107864
-1.018097
-1.051812
-1.081948
-1.094352
-0.997738
-1.102241
-1.046494
-1.121448
-1.028224
-1.087648
-1.053469
-1.077098
-1.033092
-1.018696
-1.075480
-1.092375
-1.014315
-1.021538
-1.081558
-1.052602
-0.953986
-1.026064
-1.060094
-1.035007
-1.011567
-0.986140
-1.034805
-0.968817
-0.982273
-1.022375
-0.970573
-0.899814
-0.973677
-0.938019
-1.018435
-0.962210
-0.914211
-0.916469
-0.977100
-0.983074
-0.888308
-0.865664
-0.917044
-0.925214
-0.937782
-0.868531
-0.890695
-0.881059
-0.862401
-0.939752
-0.896168
-0.850196
-0.809723
-0.887603
-0.800040
-0.876044
-0.838890
-0.793090
-0.858472
-0.791438
-0.738923
-0.850813
-0.920055
-0.728638
-0.764076
-0.748058
-0.764793
-0.789029
-0.757206
-0.697894
-0.727801
-0.801307
-0.765584
-0.721844
-0.755183
-0.660809
-0.713146
-0.711653
-0.745190
-0.660512
-0.632157
-0.625098
-0.736038
-0.656898
-0.623635
-0.603271
-0.608220
-0.593725
-0.639090
-0.585445
-0.596191
-0.534486
-0.514566
-0.576940
-0.575698
-0.508964
-0.542660
-0.518362
-0.553595
-0.543935
-0.503428
-0.426777
-0.480716
-0.542945
-0.467516
-0.458876
-0.442088
-0.477726
-0.496315
-0.421265
-0.471998
-0.369787
-0.442729
-0.399852
-0.421119
-0.402294
-0.371364
-0.436643
-0.407114
-0.401449
-0.330765
-0.426508
-0.404652
-0.301549
-0.368081
-0.399776
-0.374593
-0.266913
-0.339485
-0.423464
-0.365976
-0.346364
-0.321975
-0.315704
-0.385303
-0.328180
-0.371748
-0.302668
-0.283035
-0.298634
-0.387448
-0.327099
-0.371284
-0.257069
-0.294838
-0.331355
-0.379716
-0.251639
-0.252085
-0.288546
-0.286951
-0.341273
-0.371468
-0.319080
-0.260383
-0.211506
-0.276217
-0.424987
-0.330009
-0.189224
-0.250647
-0.307367
-0.355914
-0.262949
-0.249601
-0.344863
-0.349504
-0.249255
-0.318223
-0.379406
-0.241427
-0.272031
-0.306336
-0.333537
-0.254591
-0.289804
-0.242149
-0.365812
-0.241262
-0.250554
-0.266204
-0.323857
-0.284658
-0.266708
-0.339103
-0.258851
-0.266659
-0.272778
-0.280756
-0.303203
-0.257590
-0.303035
-0.266118
-0.276479
-0.301875
-0.263849
-0.243283
-0.283515
-0.311342
-0.289666
-0.266834
-0.332441
-0.277481
-0.329300
-0.243444
-0.302763
-0.264242
-0.348667
-0.293101
-0.241961
-0.328022
-0.328734
-0.246042
-0.302227
-0.358131
-0.287689
-0.275801
-0.243515
-0.366667
-0.295215
-0.307589
-0.325518
-0.317243
-0.281818
-0.377710
-0.336080
-0.357101
-0.325825
-0.415052
-0.353449
-0.252471
-0.302227
-0.319305
-0.370335
-0.344911
-0.314200
-0.330320
-0.311666
-0.283104
-0.294260
-0.351444
-0.345074
-0.238636
-0.233532
-0.319713
-0.354137
-0.311153
-0.227401
-0.252646
-0.373571
-0.298318
-0.222866
-0.261371
-0.262263
-0.261684
-0.277583
-0.256527
-0.232186
-0.260496
-0.204843
-0.293379
-0.214175
-0.264646
-0.174173
-0.244400
-0.212447
-0.212152
-0.193217
-0.243682
-0.178920
-0.238879
-0.210977
-0.279460
-0.226484
-0.238913
-0.098133
-0.300144
-0.222430
-0.195382
-0.279649
-0.190809
-0.185629
-0.202380
-0.176975
-0.268414
-0.148374
-0.122384
-0.136519
-0.223307
-0.132941
-0.195330
-0.058401
-0.134799
-0.166214
-0.274929
-0.139771
-0.110018
-0.076032
-0.117494
-0.218227
-0.174122
-0.030072
-0.141431
-0.126489
-0.103828
-0.125267
-0.108995
-0.058130
-0.175011
-0.079197
-0.140211
-0.145237
-0.070278
-0.078793
-0.095170
-0.173195
-0.167543
-0.138705
-0.034687
-0.129477
-0.144590
-0.160149
-0.019273
-0.050513
-0.121053
-0.102783
-0.087886
-0.086306
-0.079716
-0.040414
-0.042334
-0.072541
-0.126823
-0.046677
0.050412
-0.047565
-0.006720
-0.075214
0.025423
-0.020375
0.070815
-0.029774
0.034035
-0.077002
0.033931
0.025796
0.094926
-0.047264
0.013951
-0.034057
0.022297
-0.050313
-0.015409
0.027379
0.040853
-0.011349
0.095018
0.008430
0.044627
-0.054567
0.024516
0.075956
0.079061
-0.003543
0.051240
0.066112
0.082037
0.022945
0.121134
0.081961
0.005847
0.014890
0.071859
0.105433
0.117850
0.140249
0.007457
0.108671
0.104177
0.165692
0.073011
0.166258
0.118366
0.099023
0.132638
0.098097
0.142124
0.045323
0.080957
0.219591
0.058653
0.053400
0.097460
0.195888
0.120680
0.143449
0.099004
0.046212
0.091720
0.034266
0.121650
0.080425
0.016853
-0.016387
0.060089
0.081679
0.007458
-0.055329
0.055202
0.069081
0.083960
-0.038152
0.102189
0.083494
0.074491
0.027628
0.144917
0.138687
0.039652
0.094094
0.105659
0.214787
0.132265
0.100812
0.150627
0.236429
0.238676
0.199562
0.249828
0.322216
0.233181
0.210768
0.283024
0.350436
0.203393
0.221832
0.258334
0.256910
0.196517
0.165869
0.204777
0.195594
0.249572
0.216386
0.218606
0.210867
0.210772
0.230953
0.191794
0.283331
0.261772
0.296706
0.262854
0.225158
0.143542
0.218110
0.224475
0.314465
0.207140
0.206090
0.294998
0.321136
0.232021
0.310386
0.312754
0.232215
0.261683
0.402132
0.297528
0.340959
0.268527
0.266118
0.354463
0.398647
0.322396
0.308136
0.361906
0.357146
0.406781
0.389470
0.472234
0.421633
0.309978
0.413023
0.496665
0.505936
0.415586
0.360200
0.398012
0.555470
0.426832
0.426490
0.453351
0.500469
0.445688
0.484068
0.554045
0.505739
0.492228
0.549031
0.621444
0.566769
0.504483
0.647133
0.582893
0.552205
0.588091
0.584948
0.609675
0.551979
0.544607
0.701482
0.616114
0.550753
0.586299
0.659631
0.636136
0.682234
0.598950
0.781081
0.608492
0.531128
0.509915
0.660525
0.593875
0.499988
0.554297
0.664305
0.516341
0.544268
0.663491
0.594556
0.507947
0.601861
0.581361
0.691683
0.612114
0.518400
0.469459
0.569550
0.446465
0.461368
0.496287
0.526890
0.467540
0.441569
0.437253
0.556521
0.488426
0.354414
0.481093
0.466287
0.370738
0.289123
0.327643
0.299643
0.407011
0.266395
0.306915
0.338280
0.282986
0.367601
0.415861
0.314237
0.397780
0.543554
0.525988
0.599218
0.526821
0.439726
0.506686
0.560688
0.522099
0.395841
0.324818
0.391603
0.410813
0.337762
0.440169
0.292219
0.301537
0.248728
0.406328
0.421298
0.339642
0.316391
0.322940
0.345160
0.391847
0.283257
0.163558
0.281294
0.267610
0.196794
0.323135
0.233468
0.225985
0.186626
0.308903
0.210593
0.251465
0.212791
0.233120
0.195981
0.358426
0.216552
0.245875
0.132279
0.206604
0.160308
0.227627
0.133675
0.262555
0.238660
0.167521
0.201834
0.221998
0.156732
0.142836
0.122437
0.207454
0.268870
0.187770
0.148694
0.202510
0.157988
0.171367
0.206434
0.142973
0.163948
0.140211
0.111715
0.216179
0.172252
0.075212
0.055493
0.145080
0.065255
0.155537
0.048926
0.076827
0.116848
0.099306
0.044902
0.116434
0.080214
0.019318
0.018923
0.087892
0.058340
0.021919
-0.028962
-0.000274
-0.065186
-0.108480
-0.147476
-0.086181
-0.131192
-0.354970
-0.254940
-0.243772
-0.421191
-0.436677
-0.370526
-0.429651
-0.561052
-0.595111
-0.480584
-0.499891
-0.647182
-0.774183
-0.562279
-0.667036
-0.812079
-0.729861
-0.810502
-0.903997
-0.852634
-0.805314
-0.856125
-0.845288
-0.854573
-0.862955
-0.839188
-0.786740
-0.804512
-0.759451
-0.802177
-0.781207
-0.757861
-0.797570
-0.842288
-0.871593
-0.938772
-0.855968
-0.925116
-0.885648
-1.073286
-0.926586
-1.010809
-0.903588
-0.978160
-0.996889
-1.113843
-1.050800
-0.997578
-1.022936
-1.110884
-1.196743
-1.085222
-1.207911
-1.254889
-1.352409
-1.311213
-1.398174
-1.360345
-1.342380
-1.305621
-1.379645
-1.442404
-1.491839
-1.321249
-1.320503
-1.388926
-1.369407
-1.373850
-1.417692
-1.301408
-1.291519
-1.291604
-1.378325
-1.282040
-1.220290
-1.105904
-1.141816
-1.130043
-1.164912
-1.098941
-0.981197
-1.053950
-1.103935
-1.021035
-1.085630
-0.986902
-0.897892
-0.955424
-1.055235
-0.946005
-0.849779
-0.840436
-0.806732
-0.852519
-0.837986
-0.791708
-0.682747
-0.585297
-0.774372
-0.806015
-0.609271
-0.394285
-0.521926
-0.692013
-0.582312
-0.491988
-0.463101
-0.609128
-0.519095
-0.459206
-0.551380
-0.600531
-0.569857
-0.459347
-0.604999
-0.792641
-0.522135
-0.461730
-0.615119
-0.663335
-0.555520
-0.625880
-0.614894
-0.540511
-0.588490
-0.513638
-0.591242
-0.609830
-0.528893
-0.502492
-0.653005
-0.624192
-0.583465
-0.507629
-0.450658
-0.553391
-0.617058
-0.395967
-0.364755
-0.382966
-0.348416
-0.322704
-0.206904
-0.211142
-0.275819
-0.107364
-0.246229
-0.269716
-0.147266
-0.267978
-0.219699
-0.206777
-0.127121
-0.218636
-0.103480
-0.154346
-0.147903
-0.106473
-0.054527
0.007203
-0.066764
-0.031155
-0.018129
0.017250
-0.094272
0.011909
-0.133956
-0.007404
-0.107440
0.047081
0.051300
-0.018332
-0.009699
-0.022781
0.071155
0.127505
0.003712
0.139460
0.191238
0.051433
0.101152
0.200303
0.156803
0.054962
0.087958
-0.024336
0.182574
-0.015081
-0.025579
-0.023418
0.035699
-0.127341
0.088978
0.012349
-0.024470
-0.057543
-0.079629
0.103748
0.036788
-0.161991
-0.069874
-0.034058
-0.125742
-0.140690
-0.172480
-0.159429
-0.258764
-0.398181
-0.243495
-0.031962
-0.245440
-0.301860
-0.303723
-0.321378
-0.330637
-0.246502
-0.358770
-0.450107
-0.558144
-0.612783
-0.517576
-0.585325
-0.808440
-0.814920
-0.828958
-0.769054
-0.838935
-0.799547
-1.003995
-0.895464
-1.035833
-0.878980
-1.016872
-1.160717
-1.120332
-1.040350
-1.194300
-1.362812
-1.355621
-1.317363
-1.670634
-1.637514
-1.538643
-1.714380
-1.728555
-1.774690
-1.888084
-1.799532
-1.942684
-2.004875
-1.937510
-2.119504
-2.186226
-2.029030
-2.167995
-2.209355
-2.278087
-2.217656
-2.192138
-2.299355
-2.258909
-2.246223
-2.096334
-2.130278
-2.026863
-2.218397
-2.031491
-2.108511
-2.006401
-2.202451
-2.116891
-2.287726
-2.219478
-2.242065
-2.419493
-2.518312
-2.428166
-2.507320
-2.461181
-2.495648
-2.615398
-2.574769
-2.563579
-2.469569
-2.450984
-2.486903
-2.546680
-2.486412
-2.447172
-2.434517
-2.376451
-2.449014
-2.429446
-2.350494
-2.368031
-2.455028
-2.408226
-2.520736
-2.402126
-2.388896
-2.397103
-2.557449
-2.455107
-2.546419
-2.674682
-2.715194
-2.664074
-2.831645
-2.846121
-3.156693
-3.050213
-3.210593
-3.382572
-3.406503
-3.523636
-3.891855
-3.902043
-3.931329
-3.935666
-4.139168
-4.448938
-4.617085
-4.676278
-4.892383
-5.065931
-5.282427
-5.324135
-5.477968
-5.619187
-5.719620
-5.873449
-6.006332
-6.119040
-6.068974
-6.163164
-6.297217
-6.608942
-6.792208
-6.876206
-7.003073
-7.263872
-7.436547
-7.616826
-7.845535
-7.853822
-7.798211
-8.133774
-8.373069
-8.551476
-8.624908
-8.746966
-8.842923
-9.003971
-9.189948
-9.350525
-9.506753
-9.583138
-9.762933
-9.835366
-10.074369
-10.009132
-10.059220
-10.171837
-10.449485
-10.815539
-11.001919
-11.003168
-11.199919
-11.483098
-11.525876
-11.848115
-12.099651
-12.211229
-12.310370
-12.740321
-12.976376
-13.175858
-13.325432
-13.375446
-13.641839
-13.867086
-14.152768
-14.422444
-14.555920
-14.463952
-14.586592
-14.875370
-15.129010
-15.050927
-15.053742
-15.027468
-15.242167
-15.624131
-15.723683
-15.689289
-15.799532
-15.767743
-15.784852
-16.064054
-16.183533
-16.260382
-16.342222
-16.356346
-16.446953
-16.490364
-16.333372
-16.436710
-16.509792
-16.521461
-16.584688
-16.831266
-16.687786
-16.872025
-17.026335
-17.080057
-17.169872
-17.375477
-17.411421
-17.653358
-17.908499
-17.986555
-18.084955
-18.108627
-18.119699
-18.208193
-18.440273
-18.476105
-18.652218
-18.518944
-18.494209
-18.656536
-18.848457
-18.811060
-18.863668
-18.961111
-19.168707
-19.477924
-19.767242
-19.925274
-19.737059
-19.891937
-20.031008
-20.455194
-20.733919
-20.623058
-20.880310
-21.257000
-21.539646
-21.767731
-22.064590
-22.187445
-22.277212
-22.377106
-22.404152
-22.321484
-22.279161
-22.401167
-22.543720
-22.717882
-22.659204
-22.728891
-22.897137
-23.130917
-23.535988
-23.822424
-23.943640
-24.382107
-24.784414
-25.313805
-25.555153
-25.926374
-26.081551
-26.470354
-26.594000
-26.815622
-26.890127
-27.051851
-27.463915
-27.896889
-27.862637
-27.800823
-28.135868
-28.849382
-29.213091
-29.611317
-30.112597
-30.527323
-30.979908
-31.545589
-32.055286
-32.451477
-32.372574
-32.657955
-33.259495
-34.001537
-34.307888
-34.375275
-34.525745
-34.835964
-35.246124
-35.691471
-36.002438
-36.189842
-36.346695
-36.753483
-37.188824
-37.386856
-37.579468
-38.084770
-38.883087
-39.442421
-39.849525
-40.205933
-40.591610
-41.194305
-41.897953
-42.448303
-43.021923
-43.208267
-43.288689
-43.725227
-43.969593
-43.899437
-44.147465
-44.222858
-44.601086
-45.124062
-45.260986
-45.278206
-45.736160
-45.871326
-46.397015
-47.257412
-47.439659
-47.347095
-47.564602
-48.065678
-48.417927
-48.551781
-48.578300
-48.574032
-48.897713
-49.297050
-49.599525
-49.947365
-50.170311
-50.495819
-50.990589
-51.636673
-51.862442
-51.954166
-52.524002
-53.087189
-53.324566
-53.232914
-53.252892
-53.463280
-53.927517
-54.017208
-54.135509
-54.136204
-54.216003
-54.246334
-54.579109
-54.977711
-55.018063
-54.924297
-55.244099
-55.617786
-55.765396
-55.752884
-55.734600
-55.760303
-55.990097
-56.284470
-56.258236
-56.159184
-56.172382
-56.221901
-56.326626
-56.346897
-56.261631
-56.299076
-56.305462
-56.238548
-56.329334
-56.353401
-56.238335
-56.211296
-56.350975
-56.321476
-56.286369
-56.087723
-56.139023
-56.065918
-56.087997
-55.987118
-55.887791
-55.763023
-55.568588
-55.729816
-55.702644
-55.596714
-55.336704
-55.392384
-55.372635
-55.337784
-55.321579
-55.234570
-55.117981
-54.988998
-55.032253
-54.917545
-54.974449
-54.894547
-54.886059
-54.817490
-54.728249
-54.692265
-54.537273
-54.594177
-54.573517
-54.670006
-54.654716
-54.595219
-54.600266
-54.666168
-54.623169
-54.423882
-54.590553
-54.548573
-54.478436
-54.503262
-54.628967
-54.656311
-54.543331
-54.422741
-54.513054
-54.593605
-54.732689
-54.670967
-54.609447
-54.709721
-54.645844
-54.810814
-54.651142
-54.706310
-54.714539
-54.969597
-54.933098
-54.989376
-55.063923
-55.074585
-55.146816
-55.295860
-55.360649
-55.605251
-55.542427
-55.637081
-55.825230
-55.988110
-55.958748
-55.892868
-56.053623
-56.142120
-56.195572
-56.161530
-56.296761
-56.389545
-56.362400
-56.439259
-56.614212
-56.854088
-56.706745
-56.847839
-57.134018
-57.110256
-57.143566
-57.183311
-57.458908
-57.678322
-57.584759
-57.589024
-57.877609
-58.157990
-58.200783
-58.179142
-58.337669
-58.602913
-58.621761
-58.686954
-58.905678
-59.067795
-59.241322
-59.148060
-59.292984
-59.367104
-59.473999
-59.389294
-59.675804
-59.957668
-60.065052
-60.111137
-60.192371
-60.327278
-60.418839
-60.506901
-60.594707
-60.862984
-60.950909
-60.922638
-60.769634
-60.870937
-60.932739
-60.944065
-60.937752
-60.965160
-61.083256
-61.125702
-61.196896
-61.150833
-61.158024
-61.146664
-61.078949
-61.366871
-61.456844
-61.495319
-61.573441
-61.538895
-61.615513
-61.741695
-61.963127
-61.669846
-61.811420
-61.802940
-61.821899
-62.017300
-61.937450
-61.643864
-61.676037
-61.806309
-61.741173
-61.739574
-62.010067
-61.894840
-61.921291
-62.183502
-62.090134
-62.091713
-62.143974
-62.184555
-62.259750
-62.442467
-62.348644
-62.313011
-62.380295
-62.366848
-62.261379
-62.407265
-62.266048
-62.057156
-62.149319
-62.075489
-62.127460
-62.099129
-61.941647
-61.895752
-61.894981
-61.833332
-61.627117
-61.617348
-61.421154
-61.433666
-61.351429
-61.111919
-61.155884
-61.010254
-60.953873
-60.840092
-60.884850
-60.622128
-60.598034
-60.622849
-60.411888
-60.426067
-60.293411
-60.295273
-60.130054
-60.099640
-59.950069
-59.910633
-59.899956
-59.804356
-59.777584
-59.929298
-59.731663
-59.769073
-59.720444
-59.818691
-59.828354
-59.785645
-59.798176
-59.721943
-60.056393
-59.785881
-59.754372
-59.736069
-59.676277
-59.680241
-59.820419
-59.932457
-59.538517
-59.755478
-59.750900
-59.810677
-59.861603
-59.773945
-59.790413
-59.748852
-59.701046
-59.729248
-59.827518
-59.541939
-59.295139
-59.419743
-59.415188
-59.480652
-59.210773
-59.380684
-59.366608
-59.417439
-59.345898
-59.263798
-59.415863
-59.427452
-59.595604
-59.551743
-59.444050
-59.541370
-59.567581
-59.437572
-59.400326
-59.504288
-59.426556
-59.312710
-59.471317
-59.526646
-59.562775
-59.440178
-59.220432
-59.402718
-59.446751
-59.349785
-59.255764
-59.195885
-59.339787
-59.134670
-59.298836
-59.117790
-59.194031
-58.986935
-59.021648
-59.219929
-59.138439
-59.158768
-58.962193
-59.176472
-59.116116
-59.015167
-58.930363
-59.076668
-59.169182
-59.063755
-59.156651
-59.198608
-59.446014
-59.140732
-59.305447
-59.500889
-59.576099
-59.552177
-59.620956
-59.919788
-59.881153
-59.737583
-59.621353
-59.883808
-60.058949
-59.833302
-60.183830
-60.123962
-60.059269
-60.041103
-60.159069
-60.238293
-60.161186
-60.287201
-60.310444
-60.374950
-60.370388
-60.389336
-60.437500
-60.374886
-60.403767
-60.421864
-60.707439
-60.574860
-60.495869
-60.338741
-60.575760
-60.604523
-60.476704
-60.370293
-60.523106
-60.473022
-60.369934
-60.362339
-60.300381
-60.264736
-60.234070
-60.416454
-60.292442
-60.304798
-60.260292
-60.356209
-60.286430
-60.373833
-60.328747
-60.410431
-60.330875
-60.362034
-60.353516
-60.338787
-60.229160
-60.319225
-60.292355
-60.290451
-60.311047
-60.351280
-60.332554
-60.268448
-60.315735
-60.295609
-60.172153
-60.291962
-60.312725
-60.243198
-60.236305
-60.316174
-60.193241
-60.136806
-60.135857
-60.175793
-60.190136
-60.009876
-60.103527
-60.233269
-60.088280
-60.051979
-60.038353
-60.091637
-59.918907
-59.997520
-60.023743
-59.926044
-59.877163
-59.822372
-59.726650
-59.792656
-59.743671
-59.669277
-59.551716
-59.649227
-59.620975
-59.334755
-59.218174
-59.417397
-59.518402
-59.292465
-59.458618
-59.443283
-59.263950
-59.435474
-59.435040
-59.507748
-59.558140
-59.649174
-59.524689
-59.726784
-59.802795
-59.662434
-59.625282
-59.642036
-59.626144
-59.764297
-59.880413
-59.811855
-59.750175
-59.811954
-59.801399
-59.939339
-59.918797
-59.997250
-60.288418
-60.277504
-60.230549
-60.314247
-60.381523
-60.436642
-60.446827
-60.446526
-60.464672
-60.431744
-60.543659
-60.467072
-60.518993
-60.455120
-60.296753
-60.366135
-60.200172
-60.015091
-60.071198
-60.013783
-59.796482
-59.814022
-59.728275
-59.620720
-59.721321
-59.610889
-59.630981
-59.454712
-59.663662
-59.731018
-59.759010
-59.922241
-60.155754
-60.035744
-59.650814
-59.880051
-60.067410
-60.082714
-60.031429
-59.799179
-59.934521
-59.680649
-59.551743
-59.631996
-59.566387
-59.834816
-60.007896
-60.012539
-59.898594
-59.939064
-60.231434
-60.320171
-60.213169
-59.915962
-60.014561
-60.171547
-60.459709
-60.286446
-59.937561
-59.971729
-59.785709
-60.132584
-60.172966
-59.893867
-59.836460
-59.841599
-59.961269
-59.575642
-59.417854
-59.314838
-59.455997
-59.694000
-60.235893
-60.270653
-60.044384
-60.015366
-60.283066
-60.720028
-61.226910
-60.738506
-60.790424
-60.838844
-60.563557
-60.597591
-60.216084
-59.362778
-59.267200
-59.155857
-58.292778
-58.338833
-58.937656
-58.363647
-58.251900
-58.170197
-58.179493
-58.566593
-59.041260
-58.830463
-59.095367
-59.064484
-58.426239
-58.410694
-58.495514
-57.743126
-57.659679
-57.803349
-57.771980
-57.474689
-57.016472
-56.723930
-56.897346
-56.759087
-56.116062
-56.403873
-56.369946
-56.429214
-56.197178
-56.072208
-55.764439
-55.097725
-55.077625
-55.082844
-55.257408
-54.843121
-54.752186
-55.081627
-55.041138
-54.821865
-54.408936
-54.384911
-54.803371
-54.929031
-54.965031
-55.054832
-54.935959
-55.263016
-55.132793
-55.366161
-55.047890
-55.067432
-55.354668
-55.962200
-55.975952
-55.651886
-55.698746
-55.958691
-56.581959
-56.469124
-56.419613
-56.700260
-56.895966
-57.065147
-57.144863
-57.135563
-56.930393
-56.912064
-56.814053
-56.922066
-57.241753
-57.615952
-57.100471
-56.913521
-57.056152
-57.269035
-57.344383
-58.257854
-57.384705
-57.495991
-58.374523
-58.392086
-58.169556
-57.582016
-57.444546
-57.772861
-58.063934
-57.041039
-56.704624
-57.190521
-56.564468
-56.405464
-56.872883
-57.013935
-57.235626
-57.620739
-57.693192
-57.694252
-58.489182
-58.151016
-57.844799
-57.949333
-57.873325
-57.905003
-57.747593
-57.629971
-57.563541
-57.878143
-57.881657
-57.658562
-57.761299
-57.472698
-57.746212
-57.893948
-57.953014
-58.008854
-58.184788
-58.135288
-57.953838
-57.797634
-57.611626
-57.481785
-57.541435
-57.805553
-57.964584
-58.247917
-58.044388
-57.803505
-57.834354
-57.966255
-58.019211
-58.106739
-58.228092
-58.236172
-58.314167
-58.351791
-58.132847
-58.193806
-57.932133
-58.070034
-58.099575
-58.282570
-58.444992
-58.641243
-58.457932
-58.460800
-58.513702
-58.473511
-58.478806
-58.408440
-58.684620
-58.754639
-58.671230
-58.743214
-58.866638
-58.678516
-58.580502
-58.816998
-58.857281
-58.999321
-58.901516
-59.112282
-59.168182
-58.988384
-58.985229
-58.978062
-58.981079
-59.038494
-59.018360
-59.160782
-59.134998
-59.072411
-59.091934
-59.265392
-59.137001
-59.239090
-59.333038
-59.303879
-59.210304
-59.351418
-59.320248
-59.397388
-59.307098
-59.477428
-59.450256
-59.498604
-59.655754
-59.618229
-59.603577
-59.532219
-59.446476
-59.490055
-59.719608
-59.620991
-59.592152
-59.523090
-59.142956
-59.022739
-59.265671
-59.401855
-59.140453
-59.084282
-59.209728
-59.035187
-58.847672
-58.733612
-58.701363
-58.600349
-58.970524
-58.869305
-58.885204
-58.723026
-58.826923
-58.575104
-58.252457
-58.556301
-58.682167
-58.701160
-58.517426
-58.488041
-58.448265
-58.136463
-57.979431
-58.303715
-58.470901
-58.032173
-57.991222
-58.322891
-57.929722
-57.910267
-57.675430
-57.850025
-57.654205
-57.710957
-57.744392
-58.000301
-57.823761
-57.368881
-57.606091
-57.696541
-57.540859
-57.571705
-57.688519
-57.739906
-57.610985
-57.408932
-57.355099
-57.571888
-57.648285
-57.251022
-57.179169
-57.156223
-57.086948
-56.875778
-57.044033
-56.924393
-56.814495
-56.689098
-56.532116
-56.919147
-56.830421
-56.915382
-56.911896
-57.142380
-56.786106
-56.704201
-56.780109
-56.722057
-56.917076
-56.837013
-56.879658
-56.977615
-56.666485
-56.332966
-56.307610
-56.459324
-56.144318
-56.530186
-56.534706
-56.624771
-56.720921
-56.665352
-56.184834
-56.320980
-56.608162
-57.047447
-57.246300
-56.914051
-56.265179
-56.384693
-56.410503
-56.602722
-56.611309
-56.434055
-56.399662
-56.614609
-56.764874
-56.786766
-56.498402
-56.074085
-56.055504
-56.808414
-56.884991
-57.071316
-56.788723
-56.289181
-56.349190
-56.266090
-56.302010
-56.481853
-56.527523
-56.810238
-56.949940
-56.571381
-56.450920
-56.658661
-56.722389
-56.886219
-56.975426
-56.318146
-56.461697
-56.746956
-56.463039
-56.336369
-56.497627
-56.479507
-56.366093
-56.386955
-56.307739
-56.737415
-56.583302
-56.451946
-56.459698
-56.818096
-56.599895
-56.493027
-56.198967
-56.380058
-56.387012
-56.397930
-56.327915
-56.589897
-56.458782
-56.173161
-56.128590
-56.279274
-56.209915
-56.044632
-56.285580
-56.400593
-56.210979
-56.194149
-56.256130
-56.399109
-56.038490
-55.947433
-56.471443
-56.455040
-56.579754
-56.486038
-56.671852
-56.531429
-56.448853
-56.660797
-56.563168
-56.628231
-56.554962
-56.760921
-56.923630
-56.656315
-56.532463
-56.651981
-56.747597
-56.724232
-56.601452
-56.769913
-56.727154
-56.730793
-56.502457
-56.871250
-56.789944
-56.464336
-56.609871
-56.690266
-56.843849
-56.613499
-56.482388
-56.528606
-56.805740
-56.751877
-56.420425
-56.462120
-56.494629
-56.520615
-56.414871
-56.539593
-56.566612
-56.420589
-56.436329
-56.413029
-56.504887
-56.129982
-56.207306
-56.387943
-56.568821
-56.209339
-56.375362
-56.382896
-56.314823
-56.393471
-56.378357
-56.478279
-56.373680
-56.737331
-56.711437
-56.646976
-56.545906
-56.624825
-56.918526
-56.614388
-56.646091
-56.678249
-56.606056
-56.556984
-56.487232
-56.671116
-56.443256
-56.658852
-56.389256
-56.337082
-56.641685
-56.811054
-56.382191
-56.370789
-56.426952
-56.501884
-56.327305
-56.467716
-56.395443
-56.348320
-56.375015
-56.327854
-56.442276
-56.539177
-56.305317
-56.335564
-56.297718
-56.564999
-56.249710
-56.097797
-55.892773
-56.080048
-56.175972
-56.158813
-56.016834
-55.937550
-56.284103
-55.985481
-56.172123
-56.096973
-56.255230
-56.161201
-56.131142
-56.118496
-56.241783
-56.185200
-55.967014
-55.882607
-55.944386
-55.951710
-55.807671
-55.720825
-55.693176
-55.659321
-55.683464
-55.750999
-55.971695
-55.663712
-55.593418
-55.620098
-55.872608
-55.610184
-55.483486
-55.655251
-55.747669
-55.621811
-55.600368
-55.783070
-55.635513
-55.834820
-55.865726
-55.971474
-55.867176
-55.787209
-55.971790
-55.977306
-55.924179
-55.709023
-55.761883
-55.877277
-56.012074
-55.873096
-55.655468
-55.794018
-55.877892
-55.961937
-55.856201
-55.982014
-56.052761
-55.682327
-55.909492
-55.687687
-56.063698
-55.724701
-55.751366
-55.948910
-55.906345
-55.658184
-55.525845
-55.846272
-55.728710
-56.014812
-55.780701
-55.871960
-55.864044
-55.659462
-55.780811
-55.831421
-55.772179
-55.634216
-55.697777
-55.928387
-55.760899
-55.613499
-55.620316
-55.527374
-55.523270
-55.723759
-55.855957
-55.434074
-55.480507
-55.540882
-55.528969
-55.591244
-55.588921
-55.428814
-55.406269
-55.554398
-55.728436
-55.492405
-55.341404
-55.308235
-55.509823
-55.496441
-55.309319
-55.490993
-55.347366
-55.496277
-55.501209
-55.275360
-55.315746
-55.368572
-55.411659
-55.212208
-55.307491
-55.175167
-54.915981
-55.291775
-55.029884
-55.002163
-54.867729
-54.967072
-55.035595
-54.932102
-55.046364
-54.724766
-54.653721
-54.829426
-54.711216
-54.744846
-54.412788
-54.640591
-54.274960
-54.024837
-54.282585
-54.301838
-54.104565
-53.739597
-53.896969
-53.906338
-53.660416
-53.521961
-53.368378
-53.496925
-53.187508
-53.010178
-52.890171
-52.756512
-52.692120
-52.377483
-52.354527
-52.171528
-52.005028
-51.966255
-51.669750
-51.590874
-51.418240
-51.260994
-51.073349
-50.896000
-50.738312
-50.661804
-50.463490
-50.167942
-50.070152
-49.889816
-49.715454
-49.500587
-49.253429
-48.967979
-49.109768
-48.792244
-48.595608
-48.256706
-48.236649
-48.105328
-47.833656
-47.634045
-47.675121
-47.326714
-47.238007
-47.118202
-47.125896
-46.625381
-46.711281
-46.422947
-46.236965
-46.073151
-45.854916
-45.870502
-45.604500
-45.622379
-45.262760
-45.096809
-45.140602
-44.946301
-44.832378
-44.708473
-44.610283
-44.521065
-44.441257
-44.533611
-44.383156
-44.218159
-44.169369
-44.169102
-44.012360
-43.829193
-43.933887
-43.912586
-43.913448
-43.735256
-43.489285
-43.618370
-43.350571
-43.569752
-43.478085
-43.432755
-43.442863
-43.470158
-43.422131
-43.277824
-43.405880
-43.321217
-43.365589
-43.302929
-43.360527
-43.344635
-43.163799
-43.222885
-43.198364
-43.039177
-43.287151
-43.099190
-43.163570
-43.098289
-43.156746
-43.160179
-42.854340
-42.984898
-43.033802
-43.271168
-42.975170
-42.948143
-43.076694
-42.939861
-42.851227
-42.761116
-42.798641
-42.828751
-42.743774
-42.755093
-42.675236
-42.748264
-42.660664
-42.457066
-42.617229
-42.546177
-42.752048
-42.515259
-42.454601
-42.415901
-42.367409
-42.438255
-42.042656
-42.272114
-42.179535
-42.160362
-42.237419
-42.006462
-41.846539
-41.811119
-42.164261
-41.878880
-41.789429
-42.130547
-41.745911
-41.957634
-41.770691
-41.717293
-41.549885
-41.669815
-41.776325
-41.539112
-41.654186
-41.447308
-41.557606
-41.530964
-41.325424
-41.582771
-41.640018
-41.719723
-41.606110
-41.559845
-41.565514
-41.453606
-41.531078
-41.253258
-41.619183
-41.434532
-41.436375
-41.383034
-41.415089
-41.407539
-41.303024
-41.359577
-41.465221
-41.562180
-41.731365
-41.573875
-41.456406
-41.407890
-41.288559
-41.498890
-41.573811
-41.544785
-41.434364
-41.654758
-41.576607
-41.281742
-41.520947
-41.627621
-41.778370
-41.693398
-41.616699
-41.779129
-41.767334
-41.747658
-41.821262
-41.658955
-41.909950
-41.920399
-41.850700
-41.836365
-41.862507
-41.988037
-42.082977
-42.012455
-42.091007
-42.175392
-42.068722
-42.032017
-42.337482
-42.306576
-42.326054
-42.415138
-42.425804
-42.396175
-42.376335
-42.498646
-42.477127
-42.530109
-42.541519
-42.537041
-42.805561
-42.447670
-42.641129
-42.591999
-42.839191
-42.744949
-42.566570
-42.998135
-43.050472
-43.090160
-43.062035
-43.151989
-43.029591
-43.150520
-43.561630
-43.504513
-43.466080
-43.655010
-43.659874
-44.011787
-43.905952
-43.699291
-43.819416
-44.102932
-44.207283
-44.424408
-44.494698
-44.212345
-44.434414
-44.673870
-44.489567
-44.639473
-44.835163
-44.934525
-45.242279
-45.252609
-45.282784
-45.056953
-45.276127
-45.340145
-45.443966
-45.745701
-45.503288
-45.750202
-45.517784
-45.597305
-46.009434
-45.805664
-45.848412
-45.806911
-45.992371
-46.202095
-46.172386
-46.286007
-46.257023
-46.296101
-46.282116
-46.481838
-46.823986
-46.734478
-46.985134
-47.083439
-47.314049
-47.324509
-47.211193
-47.398518
-47.478039
-47.671047
-47.611752
-47.669220
-47.994373
-48.122913
-48.160084
-48.051823
-48.327862
-48.493904
-48.390888
-48.308960
-48.465424
-48.481953
-48.287754
-48.194252
-48.484447
-48.338181
-48.328308
-48.284626
-48.526505
-48.565536
-48.620945
-48.399239
-48.839939
-48.812332
-49.051411
-48.680279
-48.932373
-49.018238
-48.940296
-48.978645
-48.931511
-49.094578
-48.989994
-49.130661
-49.161972
-49.300137
-49.154858
-49.114494
-49.586147
-49.360809
-49.262600
-49.365993
-49.424610
-49.594070
-49.512203
-49.338673
-49.487556
-49.419716
-49.546398
-49.386330
-49.468491
-49.514126
-49.612541
-49.493481
-49.419296
-49.467213
-49.609947
-49.253502
-49.446316
-49.390224
-49.340607
-49.340149
-49.423500
-49.261433
-49.095573
-49.323193
-49.161961
-49.138481
-49.185726
-49.126694
-49.095810
-49.075218
-49.023251
-49.117466
-48.830120
-49.039829
-48.709011
-49.059887
-48.938305
-48.784344
-48.791557
-48.641853
-48.961388
-48.658325
-48.855968
-48.647888
-48.873219
-48.627472
-48.794033
-48.794483
-48.723770
-48.657440
-48.849514
-48.704067
-48.840420
-48.747776
-48.793053
-48.877102
-48.683838
-48.818062
-49.034897
-49.034843
-48.869827
-49.171101
-49.432953
-49.282879
-49.475582
-49.737476
-49.847923
-50.133842
-50.230824
-50.660690
-50.691566
-50.837593
-51.414360
-51.479382
-51.867962
-51.864803
-52.554779
-52.932568
-53.069050
-53.540348
-53.614090
-54.332523
-54.605759
-54.914364
-55.496468
-55.795353
-56.386524
-56.410675
-57.044445
-57.657688
-57.997673
-58.239147
-58.687943
-59.529976
-59.730312
-59.959278
-60.397106
-60.916592
-61.345547
-61.539505
-61.911465
-62.313602
-62.602177
-62.933537
-63.284580
-63.666271
-63.759731
-63.936081
-64.401970
-64.658737
-64.771400
-64.896309
-65.270340
-65.478096
-65.631607
-65.640091
-65.922020
-66.120529
-66.113167
-66.122749
-66.301971
-66.406563
-66.468887
-66.370300
-66.399384
-66.436157
-66.538185
-66.377182
-66.336357
-66.395752
-66.577576
-66.315796
-66.291275
-66.158669
-66.160515
-66.101799
-65.961006
-66.001740
-65.740326
-65.713600
-65.439659
-65.457512
-65.178505
-64.909340
-64.821243
-64.484596
-64.608116
-64.118347
-63.776371
-63.491184
-63.410950
-63.295967
-62.783813
-62.420853
-62.396492
-62.042339
-61.690857
-61.274460
-61.434380
-60.792271
-60.497852
-60.126556
-60.078285
-59.813656
-59.149849
-58.926716
-58.772915
-58.548115
-58.079552
-57.695602
-57.583920
-57.450298
-57.079865
-56.821556
-56.654812
-56.453056
-56.039845
-55.895397
-56.009964
-55.559807
-55.318722
-55.146400
-55.101265
-54.888725
-54.644386
-54.504845
-54.375782
-54.372169
-54.060249
-54.013306
-53.906528
-53.962879
-53.860714
-53.594421
-53.951225
-53.768272
-53.630657
-53.500179
-53.686127
-53.791225
-53.731739
-53.617496
-53.674351
-53.749035
-53.947819
-53.757992
-53.770199
-53.933056
-54.103386
-54.212143
-53.997417
-54.319870
-54.240883
-54.313862
-54.599319
-54.707870
-54.857830
-54.719498
-55.021393
-55.124683
-55.040665
-55.313454
-55.418530
-55.732170
-55.558125
-55.742702
-55.910580
-55.899803
-56.164597
-56.170803
-56.294418
-56.174679
-56.204681
-56.301746
-56.498989
-56.554001
-56.427238
-56.631142
-56.746326
-56.631771
-56.908325
-56.914364
-56.908928
-56.918655
-56.916359
-57.214642
-57.209263
-56.913113
-56.961090
-57.165863
-57.364582
-57.098354
-57.157173
-57.138645
-57.133827
-57.301174
-57.150181
-57.245003
-57.044296
-57.339249
-57.218056
-57.039948
-57.298466
-57.293678
-57.423294
-57.345024
-57.429638
