Az       (ft/s^2)
-30.122961
-30.171417
-30.284575
-30.104218
-30.013502
-30.255287
-30.258562
-30.007391
-30.000404
-30.186285
-30.135324
-30.118685
-30.059542
-30.017956
-29.862076
-30.396473
-29.952690
-29.947716
-30.091501
-30.218958
-30.041578
-29.963223
-30.208317
-30.057577
-30.025173
-30.010141
-30.271730
-30.181797
-29.924667
-30.056686
-30.219408
-30.085196
-30.210293
-30.110191
-30.233242
-30.145184
-30.178068
-30.298609
-30.247955
-30.237953
-30.254757
-30.211388
-30.379616
-30.520975
-30.287327
-30.312361
-30.198452
-30.536266
-30.419071
-30.506250
-30.386646
-30.522955
-30.664183
-30.481071
-30.577063
-30.789009
-30.617954
-30.580593
-30.725805
-30.806887
-30.729267
-30.735428
-30.919451
-30.778242
-30.879740
-30.855934
-30.888779
-31.053801
-31.017996
-30.974154
-30.934303
-31.147200
-31.045189
-31.023201
-31.067102
-31.078484
-31.015659
-31.223433
-31.059948
-31.063780
-31.016573
-31.320847
-31.334293
-31.079983
-31.400461
-31.242355
-31.326445
-31.322849
-31.335863
-31.462996
-31.348652
-31.652454
-31.353460
-31.529736
-31.497429
-31.238499
-31.476545
-31.475309
-31.586988
-31.392279
-31.606323
-31.367178
-31.352869
-31.679539
-31.380150
-31.471802
-31.652733
-31.643358
-31.371500
-31.371607
-31.652802
-31.619240
-31.437769
-31.437883
-31.567053
-31.615179
-31.476379
-31.443665
-31.721313
-31.441158
-31.409246
-31.574284
-31.464840
-31.645447
-31.465672
-31.462221
-31.477488
-31.485739
-31.578848
-31.405321
-31.487041
-31.464743
-31.639202
-31.449492
-31.309063
-31.632553
-31.358997
-31.280617
-31.301899
-31.692585
-31.469255
-31.171951
-31.340918
-31.436520
-31.341803
-31.234938
-31.257595
-31.351992
-31.388113
-31.263895
-31.244171
-31.435207
-31.347475
-31.206717
-31.410913
-31.359186
-31.397982
-31.583504
-31.347971
-31.550972
-31.462477
-31.409536
-31.505592
-31.352348
-31.596128
-31.486195
-31.503593
-31.543266
-31.596525
-31.639086
-31.507313
-31.603449
-31.644411
-31.689463
-31.751808
-31.698214
-31.817905
-31.780144
-31.776714
-31.843161
-31.861322
-31.959311
-31.859907
-31.859715
-31.824219
-31.957449
-32.122181
-31.915886
-31.900448
-31.984232
-31.844006
-31.946165
-31.877216
-32.120014
-31.727619
-31.886229
-31.964598
-31.919245
-31.837223
-31.715630
-32.108639
-31.887569
-31.919827
-31.883524
-32.101372
-32.175369
-31.882919
-32.067417
-31.892590
-32.081169
-31.930752
-31.750713
-31.881493
-32.030262
-31.692705
-31.943316
-32.007511
-31.993191
-31.784998
-31.852997
-31.838234
-31.878084
-31.818684
-32.051121
-31.947508
-31.822477
-31.719414
-31.989571
-31.971703
-31.826481
-31.735378
-31.662611
-31.877409
-31.733599
-31.906137
-31.937283
-31.672451
-31.805105
-31.650616
-31.864555
-31.820656
-31.802620
-31.810003
-31.729477
-32.021778
-31.847689
-31.862198
-31.679745
-31.813173
-31.954754
-31.844481
-31.983480
-31.847296
-31.931299
-31.820871
-32.049992
-32.003441
-32.025028
-31.904381
-32.056606
-32.060238
-32.069984
-32.048386
-31.715263
-32.077248
-31.902319
-31.929840
-31.924063
-31.916689
-31.982325
-31.874094
-32.111912
-31.888132
-31.986954
-32.013912
-31.892862
-32.027580
-31.952723
-32.146008
-31.814306
-31.915636
-32.108795
-31.953903
-31.895731
-31.964657
-32.085705
-31.942215
-31.900511
-32.111645
-32.019619
-32.103912
-32.057434
-32.042202
-32.110695
-31.921860
-32.054386
-32.009220
-31.898354
-32.014111
-32.154640
-31.972982
-32.114285
-31.876137
-32.163898
-32.105721
-32.151028
-32.003765
-32.434380
-32.408913
-32.229614
-32.327740
-32.176083
-32.309338
-32.221378
-32.204132
-32.286148
-32.388924
-32.607479
-32.130314
-32.407333
-32.262520
-32.461639
-32.660061
-32.733498
-32.982136
-33.007721
-32.796337
-32.549267
-32.534195
-32.581020
-32.698326
-32.535221
-32.649609
-32.270786
-32.480133
-32.249943
-32.176273
-32.174557
-32.014004
-32.123093
-32.219864
-32.191124
-31.972507
-31.888508
-32.020176
-32.081955
-32.041485
-31.987869
-31.956886
-32.071064
-31.774340
-31.785202
-31.743305
-32.221386
-31.936979
-31.844751
-31.945810
-32.073978
-32.134361
-32.019531
-32.081562
-32.127640
-32.255608
-32.036556
-32.117130
-32.281227
-32.330677
-31.976553
-31.980686
-32.262295
-31.979815
-32.256371
-32.088921
-31.882593
-31.981939
-31.834019
-32.152157
-31.958204
-32.207783
-31.980804
-32.244335
-32.453587
-32.302341
-32.623791
-32.535091
-32.677509
-32.720982
-32.939682
-32.740997
-32.643517
-32.981560
-32.718426
-32.437561
-32.515156
-32.995914
-32.664143
-32.458420
-32.669647
-32.762074
-32.508854
-32.441433
-32.636581
-32.443012
-32.675266
-32.586349
-32.817410
-33.193645
-32.695107
-32.528248
-32.322639
-32.890820
-33.054451
-32.665131
-32.632107
-32.497089
-32.660397
-32.584015
-32.440628
-32.242451
-32.214191
-32.175312
-32.298534
-32.570049
-32.404453
-32.060917
-32.212688
-32.321793
-32.905247
-32.884819
-32.312096
-32.247070
-32.520077
-32.730453
-32.967064
-33.119099
-33.372387
-33.191856
-33.155949
-33.512333
-33.679482
-33.694172
-33.574917
-33.828255
-33.965965
-34.015396
-33.894833
-33.647404
-33.688816
-33.503414
-33.679340
-33.934380
-34.336407
-34.357750
-33.875557
-34.065628
-33.774940
-33.966877
-34.058922
-34.129910
-34.227959
-34.337101
-34.207844
-34.544945
-34.454304
-34.145844
-34.176388
-34.390816
-34.756462
-34.787373
-35.112774
-34.778664
-34.877762
-34.939358
-34.795521
-35.046402
-34.870052
-34.977253
-34.682877
-35.125660
-35.056973
-34.944160
-35.039902
-34.871277
-35.190090
-34.955513
-34.894424
-34.978073
-35.225441
-35.736923
-35.304008
-35.107162
-35.277317
-35.220955
-35.627144
-35.558197
-35.777615
-35.629314
-35.748814
-35.956287
-36.037674
-36.503487
-36.440987
-36.247482
-36.331562
-36.630367
-36.983967
-37.161697
-37.420582
-37.365082
-37.339542
-37.492718
-37.793087
-38.034637
-38.082081
-38.090115
-38.377075
-38.612213
-38.771816
-38.820023
-39.010395
-38.865665
-39.169140
-39.248455
-39.320023
-39.868366
-39.798676
-39.796627
-39.902832
-40.144806
-40.176842
-40.368774
-40.556606
-40.538895
-40.663445
-41.041718
-41.024212
-41.010765
-41.044445
-41.185886
-41.481785
-41.428593
-41.680775
-41.815346
-41.636513
-41.906029
-42.199863
-42.209251
-41.997948
-42.345669
-42.591648
-42.606903
-42.496746
-42.811172
-42.918758
-42.815655
-43.016697
-43.206535
-43.177307
-43.245922
-43.464172
-43.455326
-43.353275
-43.671787
-43.752399
-43.863438
-43.724602
-43.993343
-44.048290
-44.123623
-44.250259
-44.071159
-44.542225
-44.441711
-44.504696
-44.493324
-44.708309
-44.783932
-44.739258
-44.873058
-44.752098
-45.059292
-45.000732
-45.049660
-45.210674
-45.271507
-45.284069
-45.511898
-45.445042
-45.596710
-45.508430
-45.784302
-45.794739
-45.938808
-45.908371
-46.028938
-46.097481
-46.095894
-46.383133
-46.322845
-46.465061
-46.494923
-46.635822
-46.783066
-46.926155
-46.883217
-46.941841
-47.268894
-47.296577
-47.251972
-47.439018
-47.684280
-47.656567
-47.690556
-47.853981
-48.090652
-48.133831
-48.082264
-48.170162
-48.383198
-48.547001
-48.720600
-48.600727
-48.757000
-48.900639
-49.110893
-49.153908
-49.120972
-49.321278
-49.426907
-49.481628
-49.547424
-49.913891
-49.752552
-49.858181
-49.887772
-50.185459
-50.314247
-50.196781
-50.316158
-50.485729
-50.706455
-50.820690
-50.505203
-50.775356
-50.786659
-51.211246
-51.055317
-51.128265
-51.203655
-51.292599
-51.353271
-51.492607
-51.741245
-51.646645
-51.646446
-51.795902
-51.883564
-52.166439
-52.039047
-52.217014
-52.227646
-52.413006
-52.399796
-52.518829
-52.654259
-52.681686
-52.871510
-52.896374
-53.009979
-53.023018
-53.276459
-53.427094
-53.303894
-53.665058
-53.614441
-53.846279
-53.849838
-53.808216
-54.162182
-54.204845
-54.473518
-54.293018
-54.375050
-54.710636
-54.743561
-54.892529
-54.719151
-55.223076
-55.079334
-55.329529
-55.528610
-55.539906
-55.582355
-55.461273
-56.099689
-56.078449
-56.035023
-56.079266
-56.353642
-56.514545
-56.369095
-56.601349
-56.687237
-56.935558
-56.965370
-56.925678
-57.195511
-57.148613
-57.460918
-57.347279
-57.499901
-57.644356
-57.652790
-57.782700
-57.824112
-58.104599
-58.018047
-58.046585
-58.048851
-58.398678
-58.471416
-58.241158
-58.512325
-58.638748
-58.701469
-58.533539
-58.792732
-58.917931
-58.822639
-58.958668
-59.107979
-59.108223
-59.155930
-59.275978
-59.330284
-59.272430
-59.443317
-59.434696
-59.552750
-59.643124
-59.552837
-59.640614
-59.860512
-59.860699
-59.743443
-59.878841
-60.051060
-60.134193
-60.088348
-60.131306
-60.269028
-60.265652
-60.307590
-60.402134
-60.457481
-60.425396
-60.554527
-60.674713
-60.705551
-60.623486
-60.791035
-60.751484
-61.032803
-61.055748
-60.978115
-61.086651
-61.037853
-61.267570
-61.151325
-61.274273
-61.438011
-61.406231
-61.448959
-61.589264
-61.650700
-61.506210
-61.582767
-61.725086
-61.735172
-61.907967
-61.899384
-62.074745
-61.843929
-62.086792
-62.127628
-62.010307
-62.123547
-62.225201
-62.478443
-62.282059
-62.305367
-62.434418
-62.593002
-62.512508
-62.466122
-62.668461
-62.710712
-62.800144
-62.668919
-62.862679
-62.919346
-62.945034
-62.909760
-63.006287
-63.099041
-62.946415
-63.156853
-63.312702
-63.281548
-63.164890
-63.222195
-63.477707
-63.371254
-63.449722
-63.277031
-63.572884
-63.541405
-63.469906
-63.525291
-63.735031
-63.684910
-63.507233
-63.732388
-63.716003
-63.643051
-63.586769
-63.763004
-63.708759
-63.813492
-63.697170
-63.756702
-63.781548
-63.865501
-63.553612
-63.776218
-63.986519
-63.744297
-63.682194
-63.915695
-63.985382
-63.610222
-63.722214
-63.803257
-63.670078
-63.859032
-63.636257
-63.804726
-63.695415
-63.781006
-63.533104
-63.664967
-63.852474
-63.566280
-63.648876
-63.635109
-63.681953
-63.642731
-63.678833
-63.619984
-63.537682
-63.499687
-63.556232
-63.510025
-63.616558
-63.428322
-63.605728
-63.393978
-63.520638
-63.478378
-63.455650
-63.541241
-63.335644
-63.454159
-63.411678
-63.582836
-63.318516
-63.388245
-63.486519
-63.425358
-63.427452
-63.285824
-63.562553
-63.501480
-63.465027
-63.334866
-63.274178
-63.536472
-63.501446
-63.376076
-63.385689
-63.645599
-63.477062
-63.377598
-63.509365
-63.449280
-63.475662
-63.621014
-63.511646
-63.486572
-63.608189
-63.558491
-63.615826
-63.452248
-63.563702
-63.560944
-63.715546
-63.601685
-63.645855
-63.725105
-63.603653
-63.695538
-63.620621
-63.762138
-63.555576
-63.752430
-63.818939
-63.715988
-63.754917
-63.718887
-63.912235
-63.617149
-63.635128
-63.941734
-63.856339
-63.826027
-63.711750
-63.839531
-63.805069
-63.827675
-63.897350
-63.671726
-63.969955
-63.782784
-63.995262
-63.841770
-63.849949
-63.795197
-63.735950
-64.025414
-63.841152
-63.980980
-63.857910
-63.871750
-63.847435
-63.976822
-63.973431
-63.817245
-63.898262
-64.095535
-63.911110
-63.920826
-63.809078
-63.999310
-63.816811
-63.969017
-64.103760
-63.871033
-63.866299
-64.032387
-64.075348
-63.849953
-63.902287
-64.078537
-63.860054
-63.994965
-63.813805
-64.084373
-63.963020
-64.035721
-63.866734
-63.916714
-64.087257
-64.017754
-63.971657
-63.913212
-64.048119
-63.989784
-63.989254
-64.004784
-64.039078
-64.013245
-64.078621
-63.909931
-64.003403
-63.953514
-64.107285
-64.100647
-63.944851
-64.067162
-63.926598
-64.130814
-63.998714
-64.000603
-64.025040
-64.049011
-64.141663
-64.043182
-64.147278
-63.945488
-64.148415
-64.109581
-64.030632
-64.226143
-63.979698
-64.198906
-64.147987
-64.024094
-64.227753
-64.171112
-64.231201
-63.957413
-64.165703
-64.266647
-64.128281
-64.259583
-64.039108
-64.346695
-64.177940
-64.272430
-64.083420
-64.125793
-64.257355
-64.244698
-64.330460
-64.179482
-64.132439
-64.134949
-64.284256
-64.491562
-64.163460
-64.189224
-64.212288
-64.259621
-64.316185
-64.176765
-64.386650
-64.263687
-64.314972
-64.263641
-64.323303
-64.408829
-64.240234
-64.333397
-64.360016
-64.382660
-64.385201
-64.300247
-64.549469
-64.342438
-64.381653
-64.514191
-64.423012
-64.295074
-64.353271
-64.712181
-64.499413
-64.427437
-64.532417
-64.549278
-64.451309
-64.373428
-64.605492
-64.614746
-64.437988
-64.420929
-64.564774
-64.586334
-64.428955
-64.474800
-64.611870
-64.350700
-64.478790
-64.640869
-64.591240
-64.523224
-64.459259
-64.567284
-64.537392
-64.629562
-64.543373
-64.469231
-64.451927
-64.630554
-64.714760
-64.457512
-64.501610
-64.610718
-64.621490
-64.507629
-64.345734
-64.639816
-64.657310
-64.588333
-64.445969
-64.622208
-64.769104
-64.616249
-64.492470
-64.562370
-64.635246
-64.684105
-64.582230
-64.721191
-64.670967
-64.702332
-64.706421
-64.536072
-64.670227
-64.669548
-64.665260
-64.750198
-64.724922
-64.810791
-64.566872
-64.816086
-64.779922
-64.751747
-64.689545
-64.707321
-64.854889
-64.845306
-64.994324
-64.752701
-64.785522
-64.726273
-64.872093
-64.937340
-64.805519
-64.909897
-64.777809
-64.944382
-64.869453
-64.860085
-64.914879
-64.801659
-64.813416
-64.859192
-64.986000
-64.944046
-64.809982
-65.101585
-64.889755
-64.907249
-64.859909
-65.030258
-65.086395
-64.889923
-65.077194
-65.061478
-65.111610
-64.931557
-65.033539
-65.151054
-65.105316
-65.064812
-65.146561
-65.136101
-65.142708
-65.119865
-65.212120
-65.155472
-65.278824
-65.105019
-65.163490
-65.320152
-65.314629
-65.229591
-65.184181
-65.280144
-65.338867
-65.281151
-65.351662
-65.285683
-65.331505
-65.338478
-65.371254
-65.473450
-65.417084
-65.486603
-65.213089
-65.502548
-65.522148
-65.524750
-65.437538
-65.440559
-65.703667
-65.365059
-65.660568
-65.563667
-65.654053
-65.588699
-65.650604
-65.704819
-65.598351
-65.639320
-65.759430
-65.826653
-65.750740
-65.600975
-65.812775
-65.771408
-65.750183
-65.845177
-65.807632
-65.920090
-65.780220
-65.809174
-65.804565
-65.952736
-65.962204
-65.754280
-65.885445
-65.894485
-66.085655
-65.878456
-65.978096
-65.931473
-65.958519
-65.951393
-65.945709
-66.091324
-66.052689
-66.000282
-65.988960
-66.056625
-66.008369
-66.077759
-66.076591
-66.022385
-65.966766
-66.039528
-66.130287
-66.089478
-66.083595
-65.929802
-66.003937
-66.053604
-66.003662
-66.080849
-66.059113
-66.128746
-66.038986
-65.963448
-66.033356
-66.038689
-66.098785
-65.984024
-66.144844
-66.051163
-65.943207
-66.102806
-66.010849
-66.102875
-65.909317
-66.012741
-66.044151
-65.912773
-66.132515
-65.935417
-66.130737
-65.887283
-66.021835
-65.889938
-65.963242
-65.941238
-65.907219
-65.893143
-65.939651
-66.008133
-65.823509
-65.720345
-65.781281
-65.805412
-65.844063
-65.668716
-65.564308
-65.859314
-65.611153
-65.586861
-65.695366
-65.624359
-65.565094
-65.695419
-65.683456
-65.588120
-65.450424
-65.587227
-65.583282
-65.594704
-65.480301
-65.406837
-65.438980
-65.431847
-65.420753
-65.306030
-65.420471
-65.401695
-65.203697
-65.471176
-65.244019
-65.402153
-65.221397
-65.319427
-65.502754
-65.282524
-65.277672
-65.058281
-65.397499
-65.274620
-65.173752
-65.329933
-65.316467
-65.208107
-65.032036
-65.421135
-65.266998
-65.068207
-65.329498
-65.151985
-65.173836
-65.022888
-65.177406
-65.059074
-65.103340
-65.372231
-65.171196
-65.105255
-65.177238
-65.308899
-65.204460
-65.291595
-65.349945
-65.141594
-65.279037
-65.225952
-65.195778
-65.263832
-65.161537
-64.994202
-65.070511
-65.276535
-65.195251
-65.110512
-65.077065
-65.329239
-65.134171
-65.133835
-65.131310
-65.153084
-65.124748
-65.105797
-65.265114
-64.998878
-64.955643
-65.044518
-65.045761
-64.941444
-64.820900
-64.975098
-64.893707
-64.901505
-64.987190
-64.829308
-64.769379
-64.622047
-64.862183
-64.739326
-64.698135
-64.692390
-64.628021
-64.644455
-64.667229
-64.593369
-64.469650
-64.433273
-64.751862
-64.446060
-64.400887
-64.558723
-64.509544
-64.371513
-64.381729
-64.521339
-64.493210
-64.405350
-64.278297
-64.232964
-64.547409
-64.250046
-64.277176
-64.321510
-64.392136
-64.249748
-64.192528
-64.335457
-64.381027
-64.337227
-64.296776
-64.304390
-64.321236
-64.238556
-64.335472
-64.274155
-64.416306
-64.388702
-64.091003
-64.280930
-64.358421
-64.335136
-64.084091
-64.230705
-64.344276
-64.118530
-64.097717
-64.080757
-64.161613
-64.062096
-64.097511
-64.201530
-64.068321
-64.060638
-63.933746
-63.999897
-64.118034
-64.144516
-64.075241
-63.864563
-64.044144
-64.158707
-64.024231
-64.075485
-63.979404
-64.103882
-63.867039
-64.124336
-64.263786
-64.108063
-64.187874
-64.120544
-64.308708
-64.046562
-64.095673
-64.076332
-64.147644
-64.079170
-63.965248
-63.865669
-63.983528
-63.897594
-63.874203
-64.031288
-63.832355
-63.943718
-63.678307
-63.854900
-63.881496
-64.028091
-63.741554
-63.595192
-64.021980
-63.880634
-63.875202
-63.749035
-64.009956
-63.719738
-64.119408
-64.063423
-63.765621
-63.813885
-63.779892
-63.715649
-63.813084
-63.838638
-63.777256
-63.556725
-63.662991
-63.624290
-63.510277
-63.690044
-63.579357
-63.622143
-63.572536
-63.913353
-63.619411
-63.653561
-63.761063
-63.623959
-63.645195
-63.553020
-63.895782
-63.560097
-63.605133
-63.563366
-63.546173
-63.673431
-63.521793
-63.585522
-63.313511
-63.431660
-63.370342
-63.308132
-63.324574
-63.270077
-63.205128
-63.388248
-63.493610
-63.718090
-63.473789
-63.536667
-63.628368
-63.610649
-63.418060
-63.455284
-63.777977
-63.478390
-63.395908
-63.142921
-63.046581
-62.784168
-62.867496
-63.258018
-63.013477
-62.788124
-62.810081
-62.998516
-62.852962
-63.055496
-63.175327
-62.988876
-62.994377
-63.269169
-63.175140
-63.209282
-63.090347
-63.137733
-62.907032
-62.792034
-62.815685
-62.690750
-62.840111
-62.635376
-62.613689
-62.755077
-62.686310
-62.781765
-62.584923
-62.564594
-62.671463
-62.612797
-62.553543
-62.711071
-62.987034
-62.637711
-62.463787
-62.631973
-62.601894
-62.696312
-62.695526
-62.527889
-62.707996
-62.647346
-62.876568
-62.882450
-62.914101
-62.650600
-62.775944
-62.762173
-62.791039
-62.762341
-62.785233
-62.998428
-62.830257
-62.720638
-62.573315
-62.567642
-62.667175
-62.597450
-62.585583
-62.570847
-62.601780
-62.544304
-62.349632
-62.553699
-62.734245
-62.509773
-62.527733
-62.411480
-62.660187
-62.781765
-62.967369
-62.747635
-62.704094
-62.884346
-62.717281
-62.823486
-62.895737
-62.852940
-62.780125
-62.764889
-62.823204
-62.783344
-62.922134
-62.789387
-62.620594
-62.737907
-62.813347
-62.917301
-62.711067
-62.864544
-62.710506
-62.823540
-62.846119
-62.773624
-62.736835
-62.783318
-62.822517
-62.595905
-62.376762
-62.471397
-62.454102
-62.512875
-62.473068
-62.390583
-62.283226
-62.444588
-62.539635
-62.431915
-62.267265
-62.273693
-62.471893
-62.234413
-62.211201
-62.275009
-62.313835
-62.151848
-62.100845
-62.126461
-61.804325
-61.886742
-61.945305
-62.150635
-61.781528
-61.906200
-62.031029
-61.912731
-62.049709
-62.092030
-62.131016
-61.997532
-62.370163
-62.260803
-62.254650
-62.360195
-62.286964
-62.336864
-62.174576
-62.353485
-62.216770
-62.282829
-62.398510
-62.343960
-62.334015
-62.425556
-62.437794
-62.410156
-62.447376
-62.599102
-62.598564
-62.433079
-62.601761
-62.629215
-62.739689
-62.468800
-62.629044
-62.476212
-62.506001
-62.455585
-62.454903
-62.677883
-62.663372
-62.637516
-62.393780
-62.551323
-62.581493
-62.512104
-62.554401
-62.612896
-62.601746
-62.529873
-62.557922
-62.541306
-62.444183
-62.439522
-62.374477
-62.275013
-62.454109
-62.329220
-62.418667
-62.343693
-62.369217
-62.397255
-62.230953
-62.208893
-62.389118
-62.352188
-62.356907
-62.148079
-62.269299
-62.278198
-62.232712
-62.091232
-62.014938
-62.201473
-62.036968
-62.049534
-62.085438
-62.061298
-62.055088
-61.947075
-61.986633
-62.021942
-61.918350
-61.860859
-61.811298
-61.988693
-61.906506
-61.796196
-61.713367
-61.883606
-61.797272
-61.793369
-61.698051
-61.820370
-61.902378
-61.960735
-61.906731
-61.899246
-62.135670
-61.946583
-61.874844
-62.052139
-62.003357
-61.987011
-61.872395
-62.081444
-62.038116
-61.899868
-61.890388
-61.907852
-62.011898
-61.850544
-61.924950
-62.051163
-61.909359
-61.830692
-61.903458
-61.881958
-61.892902
-61.927406
-61.910862
-61.902493
-61.959850
-61.921528
-61.946537
-62.009995
-62.101265
-62.076694
-62.129601
-62.160347
-62.302959
-62.205406
-62.290993
-62.255390
-62.362469
-62.351902
-62.346073
-62.253223
-62.302792
-62.288132
-62.289646
-62.319469
-62.352589
-62.393711
-62.265877
-62.430458
-62.410984
-62.371651
-62.452915
-62.510101
-62.411434
-62.523083
-62.544724
-62.454506
-62.416080
-62.579475
-62.507629
-62.529354
-62.485165
-62.508102
-62.581669
-62.604675
-62.620396
-62.616779
-62.761955
-62.642883
-62.676437
-62.737400
-62.758041
-62.843426
-62.720772
-62.831669
-62.860493
-62.829159
-62.785488
-62.951096
-62.958549
-62.832981
-62.875126
-62.975376
-62.976410
-62.871372
-63.053398
-62.946514
-62.972385
-62.984715
-63.153316
-63.069050
-62.964855
-63.037720
-63.089577
-63.087151
-63.084339
-63.079147
-63.119499
-63.060780
-63.076015
-63.106190
-62.985516
-63.131496
-63.112926
-63.120541
-63.080303
-63.196838
-63.183880
-63.042919
-63.210869
-63.265385
-63.302536
-63.088715
-63.325863
-63.309757
-63.358257
-63.267071
-63.269878
-63.109673
-63.245739
-63.236122
-63.321991
-63.260769
-63.299484
-63.334137
-63.462955
-63.484077
-63.526588
-63.415020
-63.579498
-63.580658
-63.624050
-63.823757
-63.738144
-63.726173
-63.627403
-63.714275
-63.841763
-63.728390
-63.700298
-63.676090
-63.701244
-63.563862
-63.650990
-63.544449
-63.561417
-63.508450
-63.526672
-63.427635
-63.394421
-63.331955
-63.366684
-63.326847
-63.248470
-63.197502
-63.228241
-63.262955
-63.032566
-63.116737
-63.173004
-63.089947
-63.076984
-63.055649
-63.248650
-63.156769
-63.115265
-63.329113
-63.253525
-63.255405
-63.376568
-63.449390
-63.523308
-63.530502
-63.569866
-63.578949
-63.651833
-63.590961
-63.722313
-63.705666
-63.733517
-63.806782
-63.846176
-63.953262
-63.932438
-64.017418
-64.131859
-64.076820
-64.144783
-64.333603
-64.521416
-64.549133
-64.581596
-64.690155
-64.819260
-64.786377
-64.842987
-64.827728
-65.075989
-65.083038
-65.153107
-65.203705
-65.111870
-65.152725
-65.134499
-65.149117
-65.072456
-65.111198
-65.076782
-65.146309
-65.146782
-64.985733
-64.912971
-64.950729
-65.135269
-64.872726
-64.989250
-64.773247
-64.859291
-64.915932
-64.876526
-64.671234
-64.443390
-64.647636
-64.763168
-64.683197
-64.785057
-64.378838
-64.393593
-64.699303
-64.844193
-64.426102
-64.293373
-64.264267
-64.459282
-64.536499
-64.321747
-64.166214
-64.142792
-64.158150
-64.086929
-64.108734
-64.194206
-64.112808
-64.131775
-64.288254
-64.454666
-64.449188
-64.395897
-64.280464
-64.187340
-64.389435
-64.450172
-64.300301
-64.010193
-64.173637
-64.401131
-64.194519
-64.131378
-64.294174
-64.405457
-64.389435
-64.442680
-64.437210
-64.484329
-64.544296
-64.609055
-64.590096
-64.423019
-64.666290
-64.666847
-64.602638
-64.448479
-64.460663
-64.546967
-64.587997
-64.459366
-64.405815
-64.414139
-64.431488
-64.231041
-64.261551
-64.333214
-64.179527
-64.240280
-64.139374
-64.207153
-64.147614
-64.087120
-64.032547
-64.024155
-64.190079
-64.068184
-63.964176
-63.886810
-64.036682
-63.850918
-63.983932
-63.777424
-63.774837
-63.596355
-63.706432
-63.699780
-63.691395
-63.400009
-63.391815
-63.472271
-63.493252
-63.278797
-63.199722
-63.164097
-63.267593
-63.058498
-62.878223
-62.968891
-62.909996
-62.596725
-62.596119
-62.718269
-62.587254
-62.366604
-62.352131
-62.303055
-62.224628
-62.244812
-62.104946
-62.151772
-62.153133
-62.155457
-62.123260
-62.170471
-62.189617
-62.052246
-62.217026
-62.155872
-62.239052
-62.140572
-62.139870
-62.151047
-62.268318
-62.212543
-62.135426
-62.196918
-62.305058
-62.320335
-62.312698
-62.381039
-62.437485
-62.527447
-62.625832
-62.800648
-62.929409
-63.258533
-63.126095
-63.295097
-63.508942
-63.776909
-63.701477
-63.928062
-64.168930
-64.174614
-64.091110
-64.375702
-64.536560
-64.459015
-64.537918
-64.639069
-64.807327
-64.847298
-64.838409
-64.722290
-65.089203
-65.183540
-64.983307
-64.860680
-65.029106
-65.030983
-65.087822
-65.120644
-64.849808
-64.895622
-64.818359
-64.801743
-64.836090
-64.636604
-64.486008
-64.301697
-64.399330
-64.216240
-63.881512
-63.941387
-63.845207
-63.712967
-63.383072
-63.439388
-63.190704
-63.007851
-62.846619
-62.821243
-62.761551
-62.621872
-62.481346
-62.506115
-62.475281
-62.311272
-62.062160
-62.071472
-62.019638
-61.921688
-61.837463
-61.721298
-61.467434
-61.377491
-61.334328
-61.203075
-61.036213
-60.974308
-60.933559
-60.880852
-60.693062
-60.653152
-60.684086
-60.486809
-60.471931
-60.315063
-60.296188
-60.203426
-60.200684
-60.089218
-60.019135
-59.883640
-59.859959
-59.750015
-59.789547
-59.817581
-59.772900
-59.750397
-59.723091
-59.862801
-59.818134
-59.675533
-59.676575
-59.815720
-59.736843
-59.692455
-59.630371
-59.608875
-59.640083
-59.635174
-59.513000
-59.572815
-59.580139
-59.746861
-59.654892
-59.692841
-59.703896
-59.742126
-59.670612
-59.581173
-59.695412
-59.629406
-59.447598
-59.383343
-59.482769
-59.338749
-59.123844
-59.180950
-59.214279
-59.085205
-59.136860
-59.041847
-59.175568
-59.287937
-59.225510
-59.203197
-59.331108
-59.399048
-59.359612
-59.593262
-59.555614
-59.530746
-59.509762
-59.652397
-59.604122
-59.589806
-59.614750
-59.557198
-59.604557
-59.569168
-59.565052
-59.598713
-59.570362
-59.612392
-59.696266
-59.486469
-59.542847
-59.407639
-59.314453
-59.494652
-59.596821
-59.244930
-59.282108
-59.433975
-59.329445
-59.238899
-59.243366
-59.165699
-59.196312
-59.266518
-59.187386
-59.086910
-59.096436
-58.999470
-59.028530
-59.075867
-58.969696
-58.910637
-58.871323
-58.963493
-58.879318
-58.930523
-58.747227
-58.859318
-58.857487
-58.865425
-58.904137
-58.870953
-58.796406
-58.748623
-58.914036
-58.760094
-58.841057
-58.641750
-58.739258
-58.635410
-58.658005
-58.686760
-58.492043
-58.550220
-58.477757
-58.510937
-58.415112
-58.442322
-58.379963
-58.361301
-58.449451
-58.435638
-58.219601
-58.203274
-58.263260
-58.328514
-58.132488
-58.103458
-58.080936
-57.968315
-57.964371
-57.996719
-57.863216
-57.870365
-57.799278
-57.616631
-57.461407
-57.479870
-57.454983
-57.204655
-57.081627
-57.053200
-57.063675
-56.954182
-56.748161
-56.735744
-56.759724
-56.696114
-56.505344
-56.492863
-56.652100
-56.467731
-56.259373
-56.351776
-56.385036
-56.163025
-56.122116
-56.348099
-56.161694
-56.025799
-56.028290
-56.269066
-56.198154
-56.115242
-56.231747
-56.273613
-56.183289
-56.221321
-56.166950
-56.247879
-56.206497
-56.296726
-56.107780
-56.120441
-56.062275
-56.047222
-55.966709
-55.949127
-55.969368
-55.962666
-55.952869
-55.915546
-56.025124
-55.946854
-55.985363
-56.050125
-55.924023
-55.927055
-56.095734
-56.108597
-55.919781
-55.831028
-55.961502
-55.976307
-55.990017
-55.982975
-56.130096
-56.115372
-56.140705
-56.135391
-56.250107
-56.292667
-56.430702
-56.567345
-56.457058
-56.425999
-56.560455
-56.459236
-56.552895
-56.404156
-56.435123
-56.205711
-56.229527
-56.195259
-56.102112
-56.116425
-55.875137
-56.082775
-55.988033
-56.052940
-56.010460
-56.054081
-56.161613
-56.049820
-56.089027
-56.024506
-55.991150
-55.887177
-55.785538
-55.856728
-55.787876
-55.775688
-55.558720
-55.578842
-55.503353
-55.565376
-55.510731
-55.322876
-55.465908
-55.479221
-55.535652
-55.352551
-55.354401
-55.310127
-55.243015
-55.403206
-55.192398
-55.282806
-55.090126
-55.208687
-55.271469
-55.115280
-55.154549
-55.188530
-55.240932
-55.249378
-55.182358
-55.166378
-55.205128
-55.155758
-55.168468
-55.163956
-55.071747
-54.973171
-54.921722
-54.895000
-54.854858
-54.820992
-54.837727
-54.840927
-54.857689
-54.863426
-54.900711
-54.958736
-54.909245
-55.118336
-55.218952
-55.156944
-55.307911
-55.316540
-55.461601
-55.414043
-55.537106
-55.444824
-55.395779
-55.466133
-55.522003
-55.497665
-55.455967
-55.425423
-55.387550
-55.298271
-55.448990
-55.387123
-55.439976
-55.293465
-55.431736
-55.484409
-55.511330
-55.479366
-55.557838
-55.613255
-55.506596
-55.660519
-55.671455
-55.792782
-55.654900
-55.647274
-55.613102
-55.554420
-55.639072
-55.438450
-55.465202
-55.415909
-55.316525
-55.244934
-55.220009
-55.196499
-55.085850
-55.088806
-54.976242
-54.955235
-54.909927
-54.987240
-54.838585
-54.717232
-54.718655
-54.619362
-54.545265
-54.457138
-54.500969
-54.345242
-54.256790
-54.229473
-54.296925
-54.165314
-54.009453
-54.046780
-54.077106
-54.016705
-54.096924
-53.946087
-53.890331
-54.009197
-53.923908
-53.873421
-53.706669
-53.778816
-53.611465
-53.612762
-53.500984
-53.426266
-53.251400
-53.277431
-53.301125
-53.139538
-53.055424
-52.943634
-53.045219
-52.983860
-52.945065
-52.794197
-52.717491
-52.716366
-52.749306
-52.711380
-52.687443
-52.566425
-52.387211
-52.413986
-52.422371
-52.554611
-52.441868
-52.314163
-52.133602
-52.202568
-52.096352
-52.223091
-52.230030
-52.296509
-52.287872
-52.274796
-52.525589
-52.568031
-52.516495
-52.590923
-52.791386
-52.752914
-52.858948
-53.120358
-53.111328
-53.118484
-53.094868
-53.231079
-53.159100
-53.056534
-53.246826
-53.240582
-53.427143
-53.314877
-53.185768
-53.149010
-53.214272
-53.260242
-53.151863
-53.234608
-53.057655
-53.109798
-53.211761
-53.147942
-53.032291
-52.896866
-52.863541
-52.822617
-52.876446
-52.674397
-52.692280
-52.542248
-52.398422
-52.377274
-52.317249
-52.388206
-52.272335
-52.173458
-52.102177
-52.029110
-52.084209
-51.907082
-51.895710
-51.720161
-51.695301
-51.594490
-51.447502
-51.365940
-51.127148
-51.142246
-50.875839
-50.738876
-50.553047
-50.581299
-50.484707
-50.421417
-50.318745
-50.209278
-50.137001
-50.000923
-50.143810
-50.034447
-49.946693
-49.823334
-49.747513
-49.760590
-49.618813
-49.504398
-49.297073
-49.093239
-48.988651
-48.920132
-48.666679
-48.437325
-48.345528
-48.030075
-47.699135
-47.709644
-47.532421
-47.243320
-46.921391
-46.863480
-46.536026
-46.229412
-46.031513
-45.764778
-45.545925
-45.211105
-44.997959
-44.645046
-44.387608
-44.153477
-43.743927
-43.417236
-43.126335
-42.943474
-42.521336
-42.178902
-41.997292
-41.617500
-41.292179
-41.005856
-40.792641
-40.364368
-39.992161
-39.839783
-39.524860
-39.263462
-38.836563
-38.575497
-38.344036
-37.928856
-37.630756
-37.318001
-37.021317
-36.664959
-36.524895
-36.108303
-35.925453
-35.585060
-35.210293
-35.026978
-34.795334
-34.563168
-34.274368
-34.095081
-33.901619
-33.527786
-33.263050
-33.149029
-33.008884
-32.739361
-32.333126
-32.233334
-32.069550
-31.841478
-31.495790
-31.377275
-31.107609
-30.884718
-30.599760
-30.362808
-30.130018
-29.750504
-29.534309
-29.296173
-29.148085
-28.843670
-28.574581
-28.305849
-28.076483
-27.862791
-27.605431
-27.456608
-27.192034
-26.902697
-26.701885
-26.513960
-26.271288
-25.994036
-25.766790
-25.457138
-25.205242
-24.981071
-24.824850
-24.567022
-24.269634
-24.078781
-23.694496
-23.602894
-23.332598
-23.069660
-22.772818
-22.560019
-22.323837
-22.116808
-21.877441
-21.628849
-21.296650
-21.067072
-20.849525
-20.621576
-20.390648
-20.112770
-19.804806
-19.653978
-19.509983
-19.222132
-18.886044
-18.709822
-18.408337
-18.271021
-18.053263
-17.906004
-17.483511
-17.255783
-17.078480
-16.894728
-16.641016
-16.369907
-16.245081
-15.974486
-15.764715
-15.531723
-15.413352
-15.160882
-14.856437
-14.713921
-14.556369
-14.392909
-14.059312
-13.942902
-13.818075
-13.502999
-13.281569
-13.190590
-13.025377
-12.747524
-12.574708
-12.424497
-12.291537
-12.114202
-11.844558
-11.649453
-11.533777
-11.407546
-11.264591
-11.164292
-10.927142
-10.854531
-10.734941
-10.704342
-10.441559
-10.340653
-10.294109
-10.165075
-10.013637
-9.910355
-9.752321
-9.635321
-9.495693
-9.407427
-9.399487
-9.254062
-9.087011
-9.031241
-9.012674
-8.897538
-8.866483
-8.716434
-8.665349
-8.585524
-8.506412
-8.467667
-8.340573
-8.248053
-8.191245
-8.059085
-8.022478
-7.977095
-7.989398
-7.785983
-7.664097
-7.722909
-7.675525
-7.594872
-7.562359
-7.516933
-7.501278
-7.383221
-7.274396
-7.379106
-7.242467
-7.131917
-7.109957
-7.134702
-7.102975
-6.975312
-7.061977
-7.072866
-6.919266
-6.816548
-6.924342
-6.948709
-6.817387
-6.916963
-6.836884
-6.839486
-6.734000
-6.798736
-6.699862
-6.664015
-6.637125
-6.569112
-6.590011
-6.581237
-6.548024
-6.414827
-6.475819
-6.530309
-6.325975
-6.298640
-6.333549
-6.333912
-6.205731
-6.097118
-6.113194
-6.025356
-5.969082
-5.858013
-5.895828
-5.733851
-5.651710
-5.743835
-5.716171
-5.685451
-5.566130
-5.580617
-5.592505
-5.543069
-5.581375
-5.508408
-5.494025
-5.399182
-5.362568
-5.240198
-5.303998
-5.125290
-5.090614
-4.978612
-4.958352
-4.981154
-4.779670
-4.693124
-4.624522
-4.674109
-4.570207
-4.483905
-4.503208
-4.547240
-4.344448
-4.255767
-4.395180
-4.330313
-4.242241
-4.101232
-4.164852
-4.087182
-4.035024
-3.888111
-3.838142
-3.865361
-3.731256
-3.637724
-3.590453
-3.558345
-3.415735
-3.317854
-3.350568
-3.223416
-3.139090
-2.939800
-2.955366
-2.897590
-2.705395
-2.623998
-2.564289
-2.413172
-2.291118
-2.207599
-2.163815
-2.083497
-2.029880
-1.974751
-1.881307
-1.782582
-1.802483
-1.751613
-1.628561
-1.662129
-1.590896
-1.593387
-1.449679
-1.360374
-1.347223
-1.474103
-1.238644
-1.198704
-1.241700
-1.234545
-1.041215
-0.979907
-1.148738
-1.026853
-0.812988
-0.787303
-0.780499
-0.811517
-0.620409
-0.586304
-0.517951
-0.510147
-0.481679
-0.385079
-0.324284
-0.380186
-0.198709
-0.191527
-0.219965
-0.363549
-0.153519
-0.154988
-0.121301
-0.185814
-0.020808
-0.024720
-0.081237
-0.024325
0.049732
0.031191
-0.034024
0.003436
0.097231
0.041967
0.089033
0.006678
0.074077
0.060031
-0.028892
0.075938
0.130853
0.190157
0.005298
0.078951
0.192157
0.256415
0.144343
0.185677
0.163613
0.199098
0.145550
0.116574
0.207884
0.080928
0.088917
0.098123
0.284955
0.177963
0.061809
-0.000360
0.142019
0.170349
0.186543
0.174931
0.146665
0.092610
0.055149
0.034216
0.113919
0.056324
-0.043647
-0.122190
-0.090356
-0.082649
-0.087526
-0.121090
-0.140356
-0.154611
-0.120394
-0.009846
-0.063523
-0.138327
-0.102360
-0.099994
-0.056261
-0.108663
-0.189523
-0.262430
-0.219476
-0.339339
-0.289596
-0.265693
-0.291103
-0.446061
-0.412986
-0.420029
-0.331568
-0.366586
-0.418419
-0.354061
-0.499684
-0.350128
-0.285638
-0.358763
-0.483273
-0.467274
-0.492467
-0.505119
-0.554085
-0.518492
-0.459004
-0.620091
-0.619442
-0.594472
-0.551886
-0.576857
-0.648391
-0.572787
-0.555013
-0.486066
-0.605387
-0.517865
-0.501892
-0.556985
-0.536964
-0.489755
-0.479521
-0.361791
-0.441139
-0.513760
-0.454529
-0.367238
-0.329118
-0.406333
-0.345706
-0.381574
-0.441594
-0.350382
-0.279929
-0.264622
-0.271938
-0.305991
-0.292919
-0.158034
-0.161521
-0.196451
-0.227325
-0.099476
-0.093614
-0.012183
-0.026875
-0.077639
-0.119837
-0.125795
-0.112713
-0.090983
-0.074840
-0.151169
-0.191733
-0.113691
-0.145912
-0.171370
-0.154501
-0.152964
-0.152394
-0.133743
-0.106290
-0.131998
-0.122388
-0.116123
-0.114243
-0.168645
-0.142348
-0.143366
-0.116493
-0.082463
-0.124179
-0.120459
-0.219864
-0.131846
-0.109036
-0.092227
-0.226355
-0.149226
-0.119182
-0.108894
-0.137851
-0.140232
-0.146182
-0.216164
-0.118621
-0.140279
-0.120477
-0.153383
-0.185322
-0.170074
-0.114378
-0.084529
-0.166618
-0.171406
-0.207173
-0.196207
-0.184360
-0.233619
-0.224583
-0.314757
-0.262672
-0.404706
-0.312835
-0.386424
-0.404564
-0.454809
-0.413052
-0.442916
-0.536750
-0.461126
-0.441389
-0.381124
-0.427526
-0.365297
-0.401092
-0.380334
-0.323741
-0.294779
-0.260087
-0.262958
-0.248086
-0.208214
-0.117214
-0.217626
-0.216020
-0.154763
-0.094862
-0.154546
-0.109509
-0.121594
-0.067929
-0.134259
-0.186580
-0.135786
-0.054492
-0.054982
-0.067458
0.054715
0.008459
-0.105159
-0.067174
0.081181
0.032948
0.059973
0.031945
0.092405
0.130804
0.084681
0.035218
0.049000
0.031529
-0.102658
-0.004572
0.006468
-0.029492
-0.098900
-0.053622
-0.017930
-0.078462
-0.049712
-0.093877
-0.085215
-0.072799
0.017467
0.006040
-0.024745
0.004989
-0.057455
0.032862
0.044377
0.033155
-0.061853
-0.017374
0.114241
0.180435
0.043128
0.082890
0.219382
0.166993
0.172531
0.247818
0.220644
0.123310
0.137111
0.245244
0.253615
0.184124
0.124044
0.213474
0.252876
0.229700
0.270273
0.330575
0.336665
0.329129
0.512977
0.587922
0.570226
0.576973
0.587608
0.714888
0.710174
0.844105
0.657806
0.792524
0.735122
0.784397
0.738674
0.659714
0.689256
0.725367
0.819018
0.770155
0.859370
0.785761
0.819484
0.863289
0.792186
0.887376
0.867476
0.906687
0.814970
0.873758
0.800309
0.821217
0.713950
0.864384
0.848406
0.794691
0.793181
0.805997
0.781931
0.850128
0.884215
0.872765
0.843594
0.743912
0.823753
0.872073
0.898408
0.821390
0.738317
0.741577
0.830313
0.833021
0.770533
0.823234
0.775869
0.716871
0.773778
0.891396
0.823727
0.725475
0.703856
0.797202
0.871157
0.753079
0.696799
0.732978
0.656031
0.726391
0.798151
0.784819
0.736974
0.734287
0.732465
0.792860
0.866697
0.798044
0.763151
0.794277
0.866971
0.774168
0.818284
0.809291
0.723188
0.746486
0.709705
0.714832
0.742183
0.655399
0.705912
0.628336
0.661272
0.659071
0.708800
0.629973
0.703409
0.710852
0.558987
0.527689
0.563845
0.513089
0.550541
0.514653
0.405432
0.334421
0.326062
0.363612
0.355490
0.296301
0.278047
0.290441
0.325029
0.212426
0.183757
0.154598
0.221097
0.165774
0.088996
0.063902
0.020598
-0.009304
-0.042344
-0.026827
-0.007398
-0.142964
-0.163755
-0.102446
-0.138224
-0.165213
-0.161770
-0.211204
-0.172049
-0.234249
-0.206070
-0.220658
-0.234945
-0.333011
-0.273175
-0.269437
-0.332119
-0.413605
-0.305354
-0.340308
-0.327172
-0.328666
-0.317326
-0.414845
-0.407982
-0.340372
-0.391725
-0.492769
-0.485563
-0.413960
-0.506722
-0.499108
-0.559667
-0.576500
-0.606293
-0.598854
-0.531925
-0.566174
-0.567015
-0.629980
-0.639256
-0.602981
-0.593663
-0.673763
-0.587358
-0.630146
-0.599759
-0.642384
-0.693658
-0.661063
-0.675751
-0.708065
-0.717182
-0.657465
-0.685428
-0.720102
-0.660151
-0.677914
-0.805265
-0.752258
-0.659093
-0.608488
-0.723026
-0.746552
-0.710588
-0.735775
-0.683899
-0.706857
-0.794774
-0.767302
-0.760676
-0.825942
-0.797704
-0.788313
-0.838040
-0.823468
-0.728561
-0.841151
-0.870098
-0.866631
-0.827106
-0.900509
-0.863861
-0.884537
-0.868161
-0.928960
-0.843101
-0.825833
-0.870618
-0.955686
-0.946091
-0.849287
-0.857851
-0.924822
-0.965254
-0.849857
-0.836995
-0.886888
-0.906594
-0.866657
-0.933868
-0.925086
-0.878903
-0.818578
-0.904387
-0.908517
-0.870351
-0.778178
-0.900767
-0.903914
-0.816095
-0.787950
-0.843863
-0.804832
-0.792783
-0.838091
-0.812529
-0.843839
-0.813567
-0.771148
-0.890043
-0.799342
-0.717294
-0.778774
-0.886198
-0.829596
-0.726823
-0.809034
-0.810004
-0.780640
-0.830996
-0.731917
-0.695444
-0.773069
-0.830904
-0.731140
-0.793594
-0.701689
-0.748423
-0.799401
-0.724562
-0.650348
-0.717153
-0.712375
-0.790836
-0.714266
-0.634075
-0.653217
-0.735037
-0.699149
-0.631054
-0.670657
-0.641034
-0.700628
-0.667221
-0.677361
-0.651383
-0.614203
-0.668298
-0.657532
-0.669828
-0.617959
-0.652828
-0.672772
-0.627855
-0.654021
-0.621247
-0.630672
-0.644974
-0.706787
-0.601322
-0.594137
-0.643740
-0.674669
-0.637276
-0.558359
-0.631624
-0.618040
-0.637246
-0.641421
-0.579611
-0.561828
-0.589569
-0.623379
-0.574697
-0.538187
-0.605287
-0.607195
-0.558663
-0.559313
-0.653393
-0.614268
-0.496514
-0.497298
-0.574453
-0.652450
-0.561993
-0.489713
-0.531377
-0.574270
-0.487978
-0.520735
-0.546149
-0.464356
-0.526473
-0.588524
-0.599013
-0.500960
-0.471610
-0.487239
-0.601189
-0.490575
-0.398712
-0.557948
-0.589491
-0.495759
-0.441110
-0.459615
-0.515533
-0.598036
-0.440233
-0.518924
-0.527411
-0.568459
-0.507508
-0.531011
-0.460244
-0.509304
-0.574293
-0.577699
-0.485822
-0.478076
-0.564191
-0.536012
-0.500844
-0.530926
-0.494716
-0.525550
-0.533467
-0.539109
-0.464231
-0.540443
-0.614173
-0.444187
-0.525505
-0.495057
-0.627995
-0.455957
-0.496127
-0.464195
-0.626905
-0.567332
-0.511763
-0.442972
-0.559847
-0.651936
-0.552616
-0.467868
-0.506874
-0.576441
-0.633886
-0.566287
-0.528531
-0.507932
-0.585297
-0.543262
-0.564524
-0.504142
-0.608054
-0.549255
-0.568477
-0.546766
-0.614094
-0.574098
-0.564264
-0.489316
-0.547267
-0.631887
-0.623733
-0.515338
-0.492982
-0.614863
-0.617794
-0.543765
-0.485544
-0.609643
-0.645303
-0.525424
-0.486525
-0.536882
-0.631779
-0.575747
-0.533080
-0.480873
-0.587104
-0.581540
-0.561714
-0.548842
-0.520519
-0.523823
-0.502983
-0.550973
-0.541421
-0.562628
-0.545290
-0.456888
-0.444576
-0.577522
-0.554779
-0.518352
-0.528179
-0.521577
-0.559171
-0.557661
-0.530918
-0.523148
-0.490252
-0.578482
-0.540411
-0.478681
-0.529707
-0.528368
-0.582878
-0.476302
-0.481153
-0.572724
-0.603211
-0.482722
-0.507817
-0.612676
-0.609888
-0.501389
-0.465004
-0.559339
-0.626879
-0.552175
-0.556710
-0.522276
-0.612611
-0.557392
-0.616883
-0.528621
-0.600736
-0.601740
-0.565699
-0.604284
-0.574407
-0.679729
-0.611144
-0.625805
-0.550905
-0.590405
-0.675436
-0.693740
-0.596654
-0.530182
-0.703908
-0.655021
-0.638314
-0.595084
-0.710419
-0.663627
-0.588019
-0.663374
-0.752860
-0.745703
-0.673773
-0.635199
-0.692667
-0.753883
-0.695850
-0.622856
-0.762801
-0.721109
-0.737873
-0.666400
-0.723889
-0.714799
-0.739877
-0.724208
-0.700878
-0.751895
-0.780853
-0.816645
-0.759167
-0.687237
-0.777499
-0.763289
-0.773636
-0.728942
-0.812880
-0.748125
-0.775472
-0.738215
-0.757758
-0.832071
-0.761029
-0.793268
-0.767103
-0.836650
-0.825940
-0.832965
-0.780924
-0.776006
-0.841629
-0.828285
-0.840375
-0.765974
-0.804596
-0.888436
-0.819729
-0.759966
-0.832803
-0.910388
-0.892575
-0.771542
-0.770948
-0.881080
-0.948718
-0.867956
-0.821401
-0.824408
-0.876368
-0.889003
-0.845304
-0.862185
-0.871266
-0.849626
-0.795037
-0.829668
-0.967210
-0.846639
-0.843910
-0.854177
-0.920190
-0.917803
-0.921657
-0.811057
-0.902882
-0.943442
-0.892983
-0.831492
-0.884152
-0.972484
-0.876346
-0.871557
-0.906694
-0.919488
-0.896315
-0.936045
-0.899458
-0.893284
-0.937953
-0.997623
-0.889267
-0.875052
-0.908869
-0.970352
-0.905416
-0.898772
-0.970863
-0.935105
-0.932218
-0.876065
-0.872282
-0.955528
-0.944487
-0.881628
-0.913506
-0.975308
-0.958162
-0.827367
-0.911337
-0.995403
-0.973919
-0.906693
-0.893858
-0.983681
-0.973855
-0.973623
-0.799102
-0.920040
-0.888419
-1.018934
-0.864342
-0.835245
-0.930261
-0.946670
-0.873108
-0.809083
-0.897550
-0.889193
-0.859122
-0.805719
-0.875968
-0.885557
-0.807075
-0.803907
-0.842595
-0.874653
-0.847317
-0.805743
-0.801152
-0.769502
-0.843859
-0.785844
-0.761760
-0.778250
-0.783488
-0.816009
-0.749250
-0.756186
-0.791140
-0.767776
-0.778188
-0.660849
-0.711921
-0.739566
-0.845866
-0.654601
-0.670522
-0.687627
-0.770663
-0.629418
-0.662979
-0.771180
-0.684742
-0.622118
-0.642269
-0.696821
-0.675455
-0.640497
-0.642085
-0.580194
-0.612793
-0.588042
-0.626165
-0.591718
-0.595314
-0.558525
-0.543336
-0.579419
-0.506889
-0.569908
-0.541252
-0.545293
-0.500147
-0.592694
-0.557334
-0.497045
-0.536634
-0.488184
-0.555954
-0.532785
-0.461192
-0.490451
-0.492633
-0.392836
-0.479655
-0.552949
-0.449391
-0.404407
-0.409752
-0.449436
-0.435015
-0.498202
-0.435525
-0.351485
-0.375458
-0.426724
-0.451885
-0.426734
-0.400830
-0.351797
-0.338708
-0.364154
-0.437541
-0.368284
-0.339692
-0.370712
-0.308929
-0.253304
-0.397872
-0.363791
-0.202271
-0.225282
-0.352085
-0.330366
-0.264031
-0.227088
-0.266081
-0.236695
-0.216152
-0.213495
-0.222411
-0.167802
-0.223672
-0.162725
-0.189576
-0.163397
-0.230167
-0.117362
-0.108875
-0.192090
-0.212946
-0.165746
-0.130476
-0.178660
-0.178413
-0.136175
-0.119009
-0.168559
-0.164561
-0.139331
-0.101109
-0.188589
-0.149798
-0.118000
-0.072412
-0.151177
-0.135523
-0.152155
-0.125471
-0.139228
-0.131900
-0.182066
-0.136255
-0.120563
-0.115266
-0.116837
-0.134137
-0.166733
-0.096198
-0.123537
-0.180486
-0.106284
-0.074640
-0.081774
-0.168921
-0.093733
-0.100064
-0.076144
-0.129965
-0.116897
-0.049758
-0.134091
-0.154519
-0.122460
-0.081901
-0.068344
-0.134399
-0.171828
-0.022352
-0.093195
-0.143532
-0.138721
-0.080882
-0.129822
-0.118612
-0.140304
-0.109685
-0.010807
-0.155098
-0.127986
-0.155940
-0.109977
-0.103747
-0.099685
-0.176697
-0.152118
-0.094057
-0.121103
-0.164631
-0.186635
-0.104214
-0.108428
-0.154533
-0.184926
-0.143544
-0.105145
-0.193827
-0.170660
-0.163350
-0.108145
-0.170856
-0.217941
-0.187977
-0.100454
-0.197263
-0.227193
-0.180463
-0.135727
-0.142667
-0.227509
-0.255801
-0.179665
-0.123619
-0.251691
-0.248099
-0.211374
-0.149286
-0.199442
-0.283775
-0.173459
-0.149146
-0.221008
-0.308567
-0.215831
-0.201050
-0.184078
-0.264507
-0.252062
-0.219978
-0.207741
-0.198321
-0.335414
-0.183687
-0.245773
-0.226747
-0.270380
-0.234432
-0.205952
-0.242195
-0.235983
-0.312078
-0.236364
-0.180263
-0.236378
-0.374160
-0.233806
-0.163000
-0.258401
-0.332146
-0.294213
-0.162130
-0.241795
-0.298291
-0.298332
-0.194232
-0.236181
-0.328414
-0.311739
-0.196563
-0.192843
-0.314198
-0.320600
-0.220398
-0.238506
-0.263938
-0.328966
-0.227621
-0.237878
-0.257923
-0.289386
-0.214382
-0.193679
-0.191755
-0.307781
-0.256627
-0.219079
-0.185662
-0.295152
-0.319501
-0.250556
-0.198291
-0.242724
-0.328608
-0.231324
-0.248525
-0.205557
-0.349831
-0.210435
-0.174188
-0.251406
-0.308301
-0.294304
-0.169917
-0.182261
-0.258017
-0.353627
-0.191918
-0.186019
-0.250800
-0.283415
-0.279600
-0.187611
-0.235943
-0.287296
-0.270082
-0.175000
-0.217588
-0.250486
-0.287598
-0.221377
-0.157197
-0.253184
-0.251976
-0.254032
-0.165100
-0.244491
-0.322880
-0.243766
-0.111986
-0.256944
-0.284662
-0.205157
-0.120607
-0.173950
-0.283346
-0.216826
-0.124360
-0.161560
-0.274914
-0.187586
-0.145741
-0.124498
-0.218741
-0.304982
-0.099838
-0.129819
-0.201352
-0.241107
-0.153325
-0.134035
-0.147600
-0.174385
-0.192670
-0.132886
-0.149272
-0.170022
-0.139546
-0.066088
-0.187190
-0.180160
-0.215192
-0.069575
-0.045806
-0.161799
-0.209588
-0.109969
-0.082788
-0.053932
-0.193817
-0.133792
-0.075953
-0.072925
-0.174003
-0.080538
-0.054588
-0.045860
-0.102717
-0.158365
0.005415
-0.029448
-0.144808
-0.114908
-0.016436
-0.027350
-0.151223
-0.106360
-0.061162
0.010202
-0.137513
-0.074227
-0.135468
-0.029644
-0.031575
-0.082104
-0.017759
-0.019397
-0.063346
-0.134228
-0.004684
0.016340
-0.038947
-0.123445
-0.124755
-0.000430
0.000517
-0.065116
-0.103636
-0.049546
0.055241
-0.080713
-0.018069
-0.064551
0.044415
-0.021547
-0.019892
0.009026
0.027129
0.061083
-0.103960
0.022907
0.010768
0.060818
-0.008624
-0.040158
0.094668
0.041366
0.045457
-0.046036
0.134098
0.061028
0.064535
0.037260
0.117056
0.086189
0.088534
0.067986
0.101810
0.163879
0.107436
0.030589
0.182094
0.138525
0.173875
0.095017
0.126025
0.176065
0.140611
0.211360
0.167274
0.224513
0.227631
0.245490
0.130041
0.204006
0.288721
0.285901
0.226770
0.199558
0.345897
0.332621
0.248411
0.250976
0.324467
0.320879
0.269966
0.265499
0.393700
0.409360
0.193770
0.308081
0.328792
0.402290
0.306619
0.340282
0.330528
0.437130
0.343364
0.360190
0.371308
0.411817
0.347999
0.414856
0.340601
0.419903
0.397535
0.364372
0.295452
0.460690
0.412469
0.312738
0.305626
0.329338
0.457802
0.320281
0.293053
0.374491
0.404648
0.313914
0.315355
0.363506
0.399528
0.347423
0.275129
0.343570
0.409772
0.356756
0.340691
0.248707
0.392470
0.348549
0.291230
0.259320
0.401490
0.296105
0.251503
0.258673
0.341952
0.326882
0.306632
0.277866
0.265137
0.339952
0.331057
0.227037
0.206759
0.335789
0.261300
0.224221
0.272337
0.268622
0.262658
0.193912
0.221566
0.262667
0.270750
0.237945
0.186001
0.267821
0.297918
0.285534
0.188337
0.283034
0.263554
0.270367
0.150342
0.321012
0.292609
0.234647
0.163611
0.269942
0.292782
0.226325
0.149413
0.211051
0.214741
0.259265
0.195428
0.115445
0.171891
0.239352
0.092244
0.109294
0.239652
0.198902
0.072051
0.084113
0.163264
0.218079
0.097986
0.063477
0.031014
0.131687
0.106748
0.054369
0.024953
0.093494
-0.015129
0.002260
0.000475
0.077978
0.000969
0.026921
-0.119915
0.009278
0.012471
-0.018178
-0.094845
-0.037339
-0.032178
-0.075675
-0.090377
-0.074999
-0.071955
-0.026389
-0.095139
-0.155885
-0.077254
-0.123350
-0.133343
-0.096766
0.002937
-0.095910
-0.067194
-0.171880
-0.150803
-0.093404
-0.120246
-0.189814
-0.157884
-0.106825
-0.185431
-0.134416
-0.129363
-0.073005
-0.178245
-0.118262
-0.201581
-0.054737
-0.113478
-0.143294
-0.093488
-0.140713
-0.162923
-0.095566
-0.048125
-0.156202
-0.151547
-0.038213
-0.123288
-0.117063
-0.174144
-0.041163
-0.055813
-0.153467
-0.169498
-0.041147
-0.011369
-0.135547
-0.162072
-0.097281
-0.032303
-0.128618
-0.101429
-0.105899
-0.142998
-0.110826
-0.063797
-0.095884
-0.074313
-0.163795
-0.098007
0.000901
-0.070277
-0.073448
-0.043880
-0.052993
-0.024669
-0.019468
-0.042384
-0.029901
0.003972
-0.052160
-0.041078
-0.054935
0.019060
-0.020688
0.002829
-0.034088
-0.073442
0.015051
0.050481
0.075860
0.012247
-0.004191
-0.031241
0.121577
0.026411
-0.007413
0.020505
-0.024761
0.010136
0.021839
0.028309
-0.065525
-0.065658
0.000573
0.009737
0.006725
-0.025380
0.016424
-0.059860
-0.008053
0.034909
-0.022882
0.041816
0.005534
0.010851
-0.062564
0.064655
-0.061945
0.014224
-0.048196
0.027551
0.051298
-0.037864
-0.064471
-0.025099
-0.009895
-0.036410
-0.012771
0.039389
-0.021938
-0.040140
-0.068617
-0.008485
0.047348
-0.053344
-0.051319
-0.039321
-0.004788
-0.032126
0.002979
-0.033547
-0.058826
-0.128824
-0.140893
-0.035849
-0.082307
-0.111574
-0.228817
-0.199874
-0.188649
-0.279937
-0.209721
-0.316578
-0.299126
-0.316676
-0.274112
-0.304536
-0.398940
-0.377362
-0.368112
-0.342252
-0.419642
-0.365429
-0.384194
-0.352327
-0.403891
-0.394417
-0.363028
-0.421192
-0.426357
-0.436249
-0.405483
-0.401110
-0.464165
-0.414526
-0.495779
-0.503266
-0.551455
-0.443100
-0.530369
-0.472103
-0.557364
-0.599096
-0.577828
-0.512953
-0.581043
-0.614462
-0.590765
-0.621709
-0.586234
-0.614941
-0.633993
-0.628229
-0.610489
-0.655492
-0.634209
-0.650474
-0.590086
-0.721540
-0.679758
-0.673879
-0.641907
-0.608656
-0.696345
-0.627720
-0.652350
-0.594340
-0.715217
-0.573952
-0.649008
-0.586158
-0.712436
-0.656618
-0.640298
-0.761185
-0.740951
-0.752493
-0.746408
-0.815382
-0.858545
-0.865603
-0.795968
-0.819759
-0.874703
-0.859849
-0.892804
-0.789343
-0.813127
-0.847162
-0.925560
-0.813178
-0.919737
-0.940180
-0.897127
-0.938642
-0.931089
-1.028732
-1.019012
-1.089261
-1.090621
-1.053409
-1.032714
-1.193367
-1.115303
-1.158221
-1.145588
-1.151420
-1.144769
-1.226111
-1.224345
-1.241541
-1.216906
-1.286287
-1.240957
-1.334603
-1.248998
-1.285959
-1.280679
-1.276643
-1.305314
-1.269469
-1.285309
-1.313697
-1.404256
-1.311119
-1.309738
-1.414860
-1.469417
-1.466565
-1.475070
-1.565620
-1.566245
-1.548860
-1.625755
-1.638571
-1.681346
-1.670924
-1.667224
-1.585178
-1.628532
-1.732767
-1.673115
-1.614063
-1.636920
-1.641287
-1.705114
-1.770528
-1.844772
-1.735529
-1.858793
-1.954654
-1.945692
-1.985743
-1.923958
-2.094347
-1.997713
-2.027368
-1.939756
-2.115869
-1.995600
-2.000836
-2.025821
-1.979540
-2.080153
-1.941762
-2.090150
-2.053160
-2.183961
-2.049261
-2.189024
-2.288762
-2.297312
-2.312025
-2.357155
-2.449226
-2.434117
-2.471771
-2.531724
-2.660156
-2.612136
-2.599920
-2.743042
-2.875340
-2.847670
-2.961925
-2.998574
-3.108731
-3.121662
-3.205502
-3.282503
-3.382710
-3.421414
-3.489339
-3.668502
-3.731614
-3.796535
-3.776068
-3.992448
-4.010327
-4.164147
-4.245081
-4.434351
-4.450222
-4.531470
-4.743762
-4.851590
-4.864699
-4.872431
-4.959548
-5.120374
-5.258476
-5.391629
-5.414298
-5.380944
-5.518254
-5.733936
-5.761954
-5.896844
-5.965991
-6.064456
-6.157470
-6.275825
-6.390319
-6.370034
-6.420247
-6.494890
-6.688097
-6.683761
-6.846602
-6.829476
-6.799031
-6.874973
-6.962023
-7.168577
-7.246394
-7.269384
-7.327212
-7.555168
-7.755138
-7.805114
-7.921064
-8.027446
-8.119278
-8.235168
-8.365360
-8.472482
-8.538493
-8.585584
-8.738255
-8.854680
-8.970381
-9.057126
-9.236008
-9.344604
-9.437104
-9.645475
-9.718279
-9.690802
-9.986676
-10.201995
-10.300897
-10.403873
-10.651524
-10.727684
-10.845125
-11.183107
-11.385528
-11.354570
-11.486527
-11.511687
-11.898864
-12.063239
-12.050132
-12.039414
-12.289255
-12.385445
-12.546272
-12.839196
-12.924065
-12.937036
-12.853733
-13.253272
-13.503088
-13.597420
-13.639926
-13.615609
-13.907790
-13.964189
-14.093870
-14.275216
-14.343287
-14.285726
-14.456304
-14.710291
-14.951556
-15.103761
-15.064200
-15.193107
-15.351848
-15.616270
-15.717648
-15.883852
-15.965969
-16.004530
-16.083134
-16.366892
-16.513048
-16.626747
-16.524118
-16.718876
-16.830322
-17.076626
-17.139114
-17.214308
-17.354727
-17.462509
-17.679317
-17.894302
-17.919420
-18.020084
-18.175978
-18.345396
-18.436600
-18.544466
-18.603334
-18.730291
-18.858027
-18.930922
-19.112305
-19.274315
-19.370977
-19.370777
-19.523430
-19.683077
-19.859152
-19.912661
-20.203192
-20.217800
-20.338152
-20.468580
-20.604673
-20.801018
-20.822414
-20.938183
-21.164133
-21.331537
-21.330513
-21.497118
-21.586967
-21.766991
-21.885338
-22.055140
-22.099537
-22.298439
-22.473518
-22.610628
-22.685614
-22.953762
-23.020935
-23.191799
-23.280668
-23.409014
-23.579645
-23.682880
-23.914770
-23.872047
-24.129749
-24.228983
-24.351419
-24.384851
-24.683277
-24.646009
-24.873970
-25.048550
-25.160080
-25.239376
-25.385941
-25.597006
-25.651011
-25.889124
-25.844755
-26.147470
-26.232803
-26.400694
-26.455767
-26.668024
-26.757175
-26.802109
-26.981876
-27.163931
-27.202280
-27.413843
-27.570866
-27.614285
-27.761200
-27.895023
-28.100618
-28.076435
-28.285826
-28.378609
-28.550615
-28.594454
-28.676155
-28.845989
-28.941116
-29.017786
-29.138136
-29.223637
-29.361193
-29.362520
-29.541346
-29.610136
-29.762026
-29.844852
-29.906008
-29.993223
-30.144869
-30.231277
-30.286396
-30.429834
-30.547235
-30.688784
-30.709230
-30.778744
-30.975805
-31.048435
-31.112694
-31.170486
-31.258755
-31.381498
-31.424351
-31.587862
-31.582045
-31.764965
-31.800915
-31.841436
-32.027252
-32.111229
-32.143669
-32.179817
-32.364307
-32.400555
-32.472778
-32.511692
-32.650723
-32.629898
-32.670795
-32.757515
-32.841240
-32.917324
-32.906887
-33.021935
-33.094364
-33.113434
-33.205631
-33.321911
-33.362564
-33.444305
-33.472809
-33.604038
-33.517101
-33.649269
-33.791019
-33.771255
-33.781883
-33.852924
-33.904644
-33.943298
-34.020718
-34.026573
-34.065319
-34.169472
-34.193096
-34.276253
-34.308361
-34.478935
-34.455681
-34.543644
-34.570564
-34.689297
-34.694611
-34.682007
-34.875645
-34.852615
-35.002743
-35.057243
-35.055264
-34.959808
-35.062851
-35.316872
-35.245823
-35.312202
-35.321461
-35.488247
-35.465248
-35.693008
-35.710682
-35.766079
-35.808720
-35.823147
-35.922958
-35.995148
-36.096016
-36.116623
-36.128944
-36.235722
-36.402115
-36.458649
-36.442383
-36.470490
-36.600861
-36.654678
-36.768612
-37.002964
-36.983734
-37.024776
-37.071190
-37.218960
-37.388817
-37.387871
-37.421307
-37.632992
-37.818832
-37.867092
-37.968121
-38.056637
-38.129612
-38.256638
-38.390507
-38.583317
-38.648239
-38.746216
-38.912258
-39.069733
-39.216068
-39.180557
-39.271790
-39.557892
-39.664768
-39.749035
-39.793354
-40.056129
-40.206413
-40.302795
-40.455147
-40.629826
-40.737091
-40.825089
-40.941750
-41.179050
-41.197948
-41.349751
-41.437115
-41.516087
-41.655060
-41.749817
-41.904488
-41.946495
-42.128555
-42.184273
-42.230419
-42.470093
-42.621403
-42.680542
-42.747311
-42.880123
-43.122639
-43.179901
-43.212315
-43.358932
-43.472115
-43.561890
-43.663914
-43.845493
-43.836868
-43.925220
-44.044838
-44.178604
-44.217903
-44.267899
-44.387505
-44.425575
-44.541645
-44.597618
-44.649139
-44.676304
-44.812805
-44.850430
-44.927490
-45.034794
-45.164063
-45.088547
-45.115906
-45.270973
-45.385059
-45.396214
-45.413128
-45.496555
-45.617729
-45.610065
-45.748222
-45.802597
-45.868984
-45.936527
-45.876041
-46.024105
-46.202156
-46.092854
-46.183887
-46.277714
-46.348869
-46.231579
-46.412785
-46.387012
-46.462341
-46.454029
-46.496944
-46.560707
-46.648357
-46.638321
-46.620926
-46.689072
-46.695972
-46.790455
-46.815331
-46.837349
-46.905079
-46.988644
-46.940990
-47.036777
-47.036137
-47.117420
-47.102859
-47.128551
-47.126507
-47.179405
-47.207718
-47.246628
-47.425468
-47.303463
-47.406147
-47.290386
-47.448090
-47.348721
-47.457626
-47.464935
-47.570366
-47.547783
-47.532238
-47.549084
-47.620602
-47.648617
-47.517788
-47.659199
-47.752819
-47.687382
-47.677052
-47.743675
-47.791344
-47.783234
-47.927795
-47.826107
-47.838013
-47.929131
-47.922577
-48.022026
-47.958080
-47.996468
-47.948853
-48.082073
-48.046406
-48.092899
-48.073307
-48.112495
-48.227905
-48.128582
-48.142933
-48.300884
-48.318840
-48.181721
-48.280670
-48.456665
-48.379539
-48.441280
-48.384987
-48.447681
-48.460365
-48.488716
-48.521515
-48.571201
-48.577854
-48.532875
-48.639225
-48.682545
-48.713383
-48.626045
-48.762604
-48.784477
-48.786556
-48.873577
-48.902531
-48.937283
-48.952732
-48.901207
-49.013885
-49.034157
-48.990894
-48.996487
-49.027836
-49.117142
-49.133896
-49.154480
-49.144524
-49.146675
-49.264050
-49.174309
-49.283249
-49.255890
-49.253101
-49.319210
-49.407158
-49.370201
-49.331303
-49.450600
-49.423557
-49.452690
-49.422722
-49.493942
-49.485569
-49.489147
-49.576939
-49.613930
-49.610634
-49.535721
-49.700150
-49.773659
-49.791115
-49.664463
-49.760910
-49.841713
-49.821739
-49.756618
-49.944981
-49.937077
-49.868965
-49.874527
-50.057312
-49.967308
-49.953827
-50.039528
-50.045002
-50.084198
-50.134182
-50.211327
-50.157688
-50.329361
-50.261307
-50.283092
-50.300583
-50.387699
-50.500324
-50.376968
-50.473663
-50.496700
-50.595592
-50.466671
-50.555363
-50.645107
-50.583351
-50.618713
-50.740063
-50.787415
-50.744823
-50.774586
-50.877644
-50.846649
-50.787525
-50.913467
-51.059284
-50.898830
-50.959213
-51.109245
-51.234924
-51.099781
-51.099228
-51.260036
-51.210903
-51.259293
-51.302563
-51.320229
-51.303429
-51.396881
-51.378204
-51.388523
-51.515633
-51.430420
-51.491634
-51.535549
-51.561119
-51.587917
-51.657082
-51.627876
-51.767181
-51.812611
-51.822079
-51.864685
-51.839886
-51.914753
-51.983356
-51.949299
-51.978409
-52.007660
-52.055733
-52.119740
-52.164501
-52.170727
-52.215019
-52.303101
-52.336517
-52.341255
-52.464260
-52.519451
-52.474899
-52.451653
-52.500648
-52.607422
-52.627552
-52.547016
-52.644096
-52.741589
-52.723419
-52.614662
-52.799229
-52.893253
-52.743595
-52.876511
-52.896408
-52.972927
-52.898724
-52.957382
-52.949528
-52.914864
-52.988903
-53.119843
-53.129162
-53.015789
-53.199188
-53.236019
-53.219044
-53.213146
-53.317051
-53.317898
-53.335590
-53.436420
-53.410625
-53.410717
-53.424049
-53.466663
-53.478672
-53.447807
-53.551678
-53.474873
-53.526764
-53.599056
-53.620457
-53.560863
-53.597317
-53.676498
-53.631664
-53.674755
-53.706707
-53.711628
-53.738979
-53.751011
-53.768234
-53.852238
-53.805286
-53.864223
-53.818275
-53.868889
-53.936531
-53.846664
-53.899731
-53.942848
-53.949165
-53.861019
-53.978939
-54.058708
-54.059673
-53.954033
-54.054688
-54.173058
-54.208324
-54.170139
-54.170696
-54.336636
-54.394432
-54.328529
-54.390415
-54.545311
-54.627071
-54.631401
-54.734112
-54.756973
-54.793362
-54.831116
-54.888123
-54.873497
-54.965294
-54.983482
-55.038025
-55.135868
-55.143738
-55.095886
-55.201000
-55.336124
-55.321232
-55.348866
-55.393425
-55.441639
-55.381664
-55.503441
-55.506371
-55.466557
-55.462833
-55.482170
-55.592037
-55.503136
-55.455688
-55.557644
-55.569683
-55.472534
-55.559277
-55.630135
-55.552631
-55.571434
-55.637535
-55.648613
-55.696201
-55.660564
-55.727470
-55.686306
-55.674759
-55.642086
-55.678646
-55.649532
-55.590195
-55.543068
-55.716724
-55.687901
-55.644882
-55.667141
-55.644009
-55.660503
-55.686134
-55.856174
-55.724369
-55.714024
-55.614292
-55.834003
-55.811550
-55.696739
-55.737549
-55.772118
-55.724941
-55.678616
-55.709682
-55.641853
-55.725632
-55.677971
-55.683132
-55.740143
-55.677094
-55.679268
-55.714653
-55.745167
-55.733665
-55.707321
-55.673183
-55.737080
-55.669895
-55.781754
-55.702293
-55.611866
-55.575008
-55.665195
-55.645641
-55.552681
-55.672752
-55.723778
-55.584789
-55.720741
-55.738205
-55.722492
-55.750114
-55.820160
-55.802265
-55.865032
-55.882225
-55.791676
-55.890137
-55.977642
-56.016521
-55.958309
-55.890182
-56.075001
-56.081047
-55.950207
-56.030941
-56.023300
-56.022369
-55.913242
-56.169628
-56.139019
-56.050110
-56.031918
-56.118729
-56.110847
-56.147152
-56.229229
-56.114540
-56.194805
-56.358875
-56.260429
-56.305305
-56.333817
-56.385010
-56.344769
-56.348804
-56.510189
-56.439510
-56.347626
-56.379108
-56.472359
-56.476048
-56.419636
-56.400211
-56.427620
-56.506779
-56.530304
-56.459805
-56.556942
-56.499420
-56.458038
-56.479019
-56.608398
-56.584534
-56.612114
-56.469765
-56.492706
-56.596054
-56.509129
-56.569969
-56.504189
-56.591827
-56.509773
-56.586132
-56.534252
-56.482742
-56.617004
-56.528179
-56.561623
-56.458313
-56.620575
-56.501465
-56.530548
-56.580219
-56.596413
-56.612061
-56.612293
-56.597858
-56.531418
-56.625069
-56.585117
-56.644150
-56.634350
-56.558270
-56.553272
-56.551868
-56.517738
-56.589073
-56.539371
-56.479820
-56.540905
-56.448544
-56.601955
-56.562313
-56.526619
-56.479046
-56.532345
-56.656681
-56.582047
-56.600197
-56.584435
-56.637287
-56.661324
-56.656986
-56.724236
-56.609028
-56.623726
-56.768688
-56.757915
-56.786850
-56.861526
-56.782009
-56.873043
-56.925182
-56.950214
-56.862419
-56.897095
-57.101898
-56.994396
-57.029503
-57.073574
-57.052647
-56.954609
-57.111000
-57.096634
-57.012775
-57.071697
-57.152050
-57.164482
-57.048046
-57.124710
-57.110085
-57.059185
-56.993378
-57.052601
-57.096371
-56.979160
-57.057320
-57.047375
-56.942112
-56.884338
-56.989647
-57.045460
-56.917858
-56.939770
-56.937763
-57.009937
-56.924496
-56.944889
-56.971420
-56.915443
-56.930710
-56.760960
-56.692654
-56.789455
-56.800674
-56.873505
-56.558056
-56.688629
-56.724133
-56.709251
-56.497902
-56.679939
-56.815876
-56.692951
-56.505131
-56.630581
-56.613293
-56.628487
-56.597397
-56.473568
-56.548847
-56.533268
-56.475151
-56.459301
-56.466049
-56.322979
-56.291546
-56.233749
-56.379509
-56.339554
-56.253468
-56.234409
-56.321518
-56.179291
-56.219437
-56.111317
-56.142220
-56.133026
-56.190128
-56.060196
-56.007694
-55.961349
-56.019043
-55.956585
-55.791779
-55.961784
-55.879715
-55.814445
-55.775551
-55.818314
-55.688667
-55.555012
-55.695877
-55.675484
-55.508533
-55.427170
-55.537281
-55.415539
-55.448349
-55.297947
-55.302605
-55.331608
-55.288662
-55.171139
-55.182018
-55.275585
-55.205795
-55.203026
-55.147411
-55.161098
-55.142830
-55.038074
-55.106232
-55.082523
-55.028717
-54.935730
-54.994976
-54.935585
-54.963329
-54.813362
-54.893963
-54.952965
-54.802540
-54.747952
-54.797199
-54.819466
-54.689396
-54.693455
-54.687222
-54.726528
-54.613533
-54.685844
-54.624325
-54.572662
-54.498192
-54.542862
-54.655304
-54.616222
-54.493771
-54.524540
-54.573540
-54.565437
-54.489796
-54.410034
-54.452118
-54.484573
-54.460472
-54.484203
-54.409401
-54.488132
-54.484978
-54.386211
-54.430813
-54.348320
-54.431286
-54.315456
-54.501877
-54.522091
-54.283264
-54.183224
-54.402119
-54.504196
-54.178883
-54.459400
-54.430805
-54.356403
-54.396893
-54.450695
-54.436253
-54.362003
-54.482765
-54.461555
-54.543903
-54.559147
-54.660908
-54.566452
-54.485783
-54.703568
-54.646557
-54.649986
-54.651260
-54.760708
-54.737976
-54.678093
-54.723537
-54.815338
-54.837372
-54.874779
-54.736637
-54.875889
-54.916321
-54.990616
-54.926682
-55.004581
-55.070053
-54.938290
-55.082539
-55.185226
-55.096985
-55.140022
-55.106930
-55.242046
-55.196545
-55.228695
-55.114170
-55.226234
-55.283512
-55.369690
-55.301113
-55.280323
-55.379425
-55.361881
-55.350101
-55.399956
-55.469822
-55.335880
-55.419537
-55.573677
-55.394039
-55.418079
-55.384277
-55.504463
-55.601696
-55.482265
-55.523643
-55.493290
-55.524197
-55.580528
-55.619473
-55.578156
-55.599815
-55.605129
-55.625298
-55.706963
-55.675594
-55.612255
-55.698250
-55.715302
-55.688568
-55.678928
-55.829876
-55.715351
-55.827747
-55.710758
-55.780178
-55.815964
-55.819164
-55.803585
-55.857578
-55.908688
-55.898006
-55.925072
-55.929680
-56.009926
-56.051155
-55.993855
-55.999271
-56.122612
-56.151516
-56.094131
-56.181797
-56.293015
-56.225929
-56.161587
-56.233875
-56.365330
-56.281960
-56.350052
-56.377285
-56.396141
-56.357262
-56.478645
-56.472706
-56.518425
-56.420876
-56.424992
-56.575497
-56.573521
-56.721340
-56.539974
-56.630013
-56.551121
-56.684132
-56.674141
-56.740162
-56.833977
-56.657841
-56.856537
-56.862179
-56.930801
-56.807140
-56.970005
-56.875488
-56.888973
-56.968586
-57.046265
-56.990726
-57.054226
-57.111725
-57.035934
-57.066349
-57.252892
-57.072422
-57.079456
-57.236855
-57.309814
-57.145813
-57.328457
-57.312756
-57.221439
-57.346680
-57.376408
-57.395103
-57.369980
-57.472317
-57.346626
-57.500713
-57.509575
-57.469841
-57.395409
-57.545979
-57.652115
-57.536503
-57.430508
-57.622181
-57.581421
-57.657982
-57.558853
-57.748192
-57.581692
-57.668602
-57.558586
-57.764797
-57.748058
-57.674839
-57.658237
-57.667549
-57.839127
-57.711601
-57.819256
-57.816154
-57.768478
-57.814266
-57.772308
-57.927670
-57.824219
-57.865318
-57.850342
-57.975342
-57.917149
-57.866364
-57.900146
-57.982857
-57.994324
-57.873753
-58.013634
-58.023849
-57.924271
-57.957111
-57.998055
-58.040817
-57.981152
-58.116982
-58.090805
-58.003376
-58.076916
-58.189091
-58.081234
-58.031876
-58.214466
-58.102264
-58.129749
-58.121822
-58.192631
-58.251667
-58.098080
-58.208611
-58.205906
-58.202358
-58.173420
-58.178802
-58.313419
-58.188473
-58.207489
-58.257370
-58.292244
-58.232174
-58.309776
-58.358490
-58.248592
-58.283279
-58.341076
-58.333000
-58.323315
-58.348503
-58.318718
-58.351448
-58.268589
-58.333683
-58.398693
-58.332657
-58.327133
-58.344620
-58.389359
-58.300861
-58.326870
-58.273094
-58.451237
-58.347599
-58.253452
-58.282558
-58.418186
-58.345398
-58.236671
-58.307083
-58.428078
-58.267666
-58.262875
-58.318878
-58.257549
-58.223171
-58.239597
-58.271885
-58.277935
-58.170261
-58.145245
-58.188759
-58.260872
-58.126640
-58.168106
-58.181057
-58.187328
-58.155754
-58.140053
-58.164410
-58.113636
-58.063808
-58.042835
-58.098885
-58.006378
-58.011200
-58.150715
-58.037102
-58.021599
-57.826927
-58.066597
-57.890011
-57.938568
-57.967751
-57.987789
-57.873878
-57.815430
-57.975365
-57.821716
-57.843479
-57.780914
-57.911877
-57.776886
-57.764561
-57.737259
-57.752399
-57.783955
-57.608307
-57.729622
-57.717403
-57.692680
-57.680344
-57.605148
-57.663372
-57.641144
-57.588856
-57.512081
-57.628448
-57.659977
-57.489872
-57.566441
-57.513382
-57.578617
-57.539917
-57.456806
-57.514404
-57.514233
-57.636341
-57.405819
-57.478088
-57.474045
-57.510059
-57.459309
-57.566067
-57.557827
-57.451340
-57.478203
-57.514774
-57.470711
-57.549053
-57.471169
-57.522934
-57.468311
-57.579243
-57.497650
-57.484097
-57.500854
-57.488144
-57.615604
-57.365078
-57.568268
-57.542126
-57.574554
-57.436054
-57.538658
-57.542217
-57.434784
-57.380520
-57.540207
-57.662148
-57.502666
-57.393970
-57.504330
-57.535103
-57.478279
-57.453968
-57.492363
-57.569317
-57.473351
-57.535809
-57.450195
-57.570007
-57.439472
-57.436062
-57.433372
-57.477039
-57.449329
-57.497597
-57.484734
-57.458321
-57.435768
-57.367725
-57.373638
-57.468102
-57.468132
-57.333256
-57.431622
-57.360363
-57.399117
-57.344727
-57.331120
-57.285313
-57.338966
-57.369072
-57.252354
-57.334068
-57.362537
-57.216202
-57.223324
-57.232765
-57.225296
-57.189468
-57.230133
-57.109581
-57.266094
-57.170231
-57.095509
-57.002899
-57.067173
-57.091984
-57.043179
-57.072788
-56.992249
-57.040321
-56.952625
-56.879639
-56.937702
-56.914875
-56.891483
-56.692146
-56.859371
-56.832729
-56.728077
-56.653320
-56.840633
-56.656109
-56.513668
-56.634026
-56.600571
-56.578613
-56.416283
-56.520588
-56.449608
-56.271492
-56.410503
-56.308048
-56.294777
-56.174923
-56.175842
-56.162308
-56.052433
-56.102177
-56.101734
-55.946007
-55.872704
-55.897408
-55.859898
-55.651115
-55.758980
-55.671413
-55.667542
-55.414856
-55.617031
-55.516232
-55.245247
-55.231640
-55.229439
-55.354359
-55.064259
-55.068214
-55.029625
-54.931686
-54.811348
-54.757591
-54.752228
-54.630970
-54.560246
-54.535530
-54.398106
-54.434265
-54.166294
-54.271492
-54.154579
-54.126930
-53.960930
-53.919266
-53.895382
-53.761673
-53.779495
-53.571331
-53.590290
-53.437119
-53.442905
-53.329693
-53.421284
-53.311146
-53.007175
-53.042461
-53.051834
-53.018398
-52.921425
-52.830376
-52.776817
-52.744293
-52.689709
-52.588123
-52.609299
-52.540512
-52.448902
-52.341404
-52.426514
-52.320541
-52.240788
-52.234810
-52.147396
-52.118656
-52.171288
-52.020813
-51.922874
-52.023376
-51.920418
-51.825256
-51.913406
-51.873978
-51.723644
-51.739647
-51.801891
-51.779160
-51.632275
-51.583832
-51.691769
-51.614662
-51.639668
-51.469219
-51.490311
-51.616505
-51.394814
-51.502995
-51.454914
-51.432320
-51.286907
-51.420483
-51.419579
-51.425327
-51.416805
-51.282326
-51.309677
-51.235897
-51.394699
-51.285770
-51.283455
-51.343185
-51.235970
-51.224709
-51.283970
-51.276688
-51.241188
-51.201984
-51.294720
-51.202164
-51.250679
-51.222351
-51.205242
-51.179279
-51.092056
-51.220474
-51.217251
-51.230701
-51.057087
-51.158249
-51.241535
-51.126827
-51.201027
-50.999798
-51.162998
-51.220219
-51.072918
-51.063354
-51.089943
-51.182438
-51.086975
-51.095566
-51.228031
-51.071663
-51.101917
-51.103291
-51.124981
-51.116226
-51.098339
-51.157349
-51.125004
-51.169514
-50.996834
-51.166058
-51.180782
-51.093399
-51.052517
-51.086262
-51.180275
-51.047981
-51.125591
-51.087681
-51.064472
-51.148960
-51.147564
-51.099888
-51.143288
-51.139645
-51.153397
-51.085247
-51.093143
-51.144360
-51.130013
-51.119644
-51.086212
-51.206161
-51.140430
-51.174397
-51.139652
-51.304565
-51.078480
-51.188953
-51.267311
-51.172150
-51.260174
-51.214546
-51.335598
-51.141846
-51.367912
-51.153507
-51.299263
-51.286808
-51.276615
-51.299522
-51.264824
-51.413338
-51.347954
-51.332958
-51.358074
-51.274769
-51.451195
-51.370392
-51.413063
-51.393341
-51.439678
-51.481327
-51.427620
-51.435528
-51.398003
-51.480595
-51.422241
-51.556309
-51.509903
-51.598125
-51.540901
-51.440651
-51.599892
-51.555077
-51.578026
-51.608932
-51.587814
-51.683407
-51.545506
-51.676373
-51.596912
-51.731949
-51.595921
-51.585365
-51.634140
-51.689629
-51.670162
-51.672264
-51.720814
-51.619484
-51.723339
-51.747818
-51.672794
-51.694225
-51.604774
-51.869335
-51.634083
-51.675877
-51.803947
-51.791073
-51.749569
-51.692196
-51.744602
-51.742481
-51.816193
-51.649914
-51.765923
-51.802181
-51.797760
-51.697449
-51.611450
-51.871895
-51.772892
-51.777088
-51.744049
-51.807190
-51.824783
-51.768162
-51.715912
-51.773758
-51.958755
-51.716812
-51.759495
-51.793602
-51.865452
-51.792545
-51.738392
-51.840275
-51.697048
-51.880714
-51.844906
-51.832249
-51.709347
-51.800007
-51.842659
-51.734241
-51.874779
-51.783707
-51.793411
-51.894684
-51.811207
-51.763744
-51.709511
-51.740688
-51.807228
-51.843208
-51.768799
-51.731655
-51.820313
-51.820145
-51.739899
-51.700138
-51.797428
-51.710094
-51.753632
-51.817280
-51.630642
-51.741714
-51.690468
-51.808643
-51.683907
-51.730713
-51.735466
-51.720615
-51.695446
-51.692333
-51.819736
-51.666695
-51.691601
-51.679375
-51.684956
-51.708260
-51.645599
-51.701115
-51.716213
-51.645569
-51.618515
-51.589756
-51.698784
-51.666218
-51.666348
-51.536530
-51.634876
-51.644413
-51.510735
-51.563274
-51.588997
-51.594402
-51.498310
-51.507748
-51.517578
-51.537579
-51.589462
-51.516838
-51.421909
-51.432163
-51.570724
-51.485886
-51.405563
-51.505459
-51.461754
-51.467865
-51.445694
-51.386948
-51.504276
-51.470379
-51.524490
-51.242977
-51.517952
-51.526634
-51.447643
-51.317116
-51.390282
-51.599586
-51.405956
-51.361710
-51.344246
-51.613815
-51.456589
-51.334614
-51.451481
-51.530846
-51.431705
-51.366692
-51.481964
-51.420845
-51.366581
-51.461819
-51.512341
-51.497921
-51.425777
-51.428230
-51.487823
-51.597565
-51.413830
-51.486679
-51.505947
-51.465893
-51.489243
-51.510410
-51.544590
-51.450359
-51.514816
-51.458706
-51.453259
-51.581264
-51.589458
-51.497635
-51.427910
-51.608284
-51.529720
-51.492455
-51.514572
-51.555046
-51.564518
-51.534142
-51.648846
-51.565582
-51.472546
-51.470722
-51.575459
-51.643562
-51.596603
-51.545185
-51.573090
-51.664120
-51.612896
-51.537743
-51.585835
-51.562298
-51.622433
-51.610622
-51.686062
-51.721172
-51.638695
-51.490417
-51.581882
-51.810608
-51.639351
-51.649647
-51.631962
-51.706902
-51.755272
-51.567772
-51.665009
-51.657467
-51.681107
-51.683071
-51.705692
-51.815292
-51.695747
-51.756325
-51.644493
-51.804565
-51.719940
-51.702492
-51.798767
-51.704754
-51.918957
-51.731987
-51.769508
-51.808334
-51.736797
-51.669903
-51.720947
-51.888870
-51.760506
-51.706158
-51.798962
-51.919827
-51.814457
-51.727509
-51.824688
-51.815311
-51.801956
-51.798405
-51.836288
-51.844025
-51.739372
-51.810867
-51.769764
-51.938305
-51.772472
-51.751705
-51.839016
-51.919460
-51.810467
-51.669819
-51.863312
-51.874100
-51.911953
-51.856983
-51.683678
-51.822258
-51.860195
-51.872814
-51.821606
-51.899330
-51.805611
-51.822235
-51.927185
-51.869675
-51.910679
-51.767120
-51.775970
-51.857239
-51.941517
-51.807274
-51.857613
-51.968864
-51.918060
-51.808105
-51.939323
-51.781189
-52.013485
-51.875740
-51.901711
-51.846298
-51.956047
-51.896713
-51.844433
-51.941593
-51.896637
-51.905437
-51.852245
-51.962025
-51.998875
-51.862228
-51.864456
-51.889854
-51.977558
-51.862789
-51.951923
-51.955872
-51.951664
-51.819458
-51.854382
-52.090706
-51.958717
-51.895550
-51.845150
-52.006054
-51.902321
-51.876049
-51.962410
-51.804787
-51.922031
-51.952431
-51.916767
-51.843777
-51.909302
-51.872242
-51.883858
-51.961113
-51.847527
-51.975208
-51.887577
-51.918320
-51.897160
-51.923531
-51.891869
-51.778992
-51.987595
-51.904236
-51.901909
-51.833748
-51.816681
-52.025204
-51.848400
-51.878429
-51.922546
-51.862705
-51.852436
-51.923668
-51.875359
-51.769272
-51.872208
-51.941635
-51.880203
-51.794693
-51.862278
-51.930592
-51.776535
-51.808376
-51.802601
-51.892143
-51.841534
-51.712368
-51.873661
-51.872440
-51.833538
-51.732426
-51.803997
-51.847492
-51.729275
-51.737309
-51.823971
-51.819126
-51.633858
-51.756039
-51.806335
-51.715836
-51.732727
-51.726055
-51.686302
-51.721535
-51.716228
-51.670906
-51.726044
-51.747555
-51.507717
-51.540936
-51.630596
-51.641846
-51.497002
-51.553516
-51.536282
-51.518921
-51.351604
-51.373734
-51.445461
-51.378761
-51.348873
-51.337856
-51.225601
-51.302177
-51.141762
-51.220825
-51.107124
-51.127571
-50.977341
-50.995193
-51.075897
-50.930714
-50.871498
-50.776875
-50.870770
-50.710686
-50.677464
-50.688221
-50.569328
-50.509102
-50.428360
-50.451900
-50.366402
-50.340267
-50.278763
-50.247192
-50.220581
-49.961803
-49.937679
-50.040169
-49.960667
-49.747971
-49.712532
-49.768353
-49.596592
-49.572945
-49.424507
-49.518440
-49.394958
-49.244804
-49.102882
-49.264210
-49.134907
-48.900513
-48.859859
-48.783161
-48.839790
-48.893223
-48.623840
-48.612106
-48.546841
-48.414818
-48.299206
-48.397945
-48.263229
-48.207458
-48.216930
-48.002247
-48.085075
-47.948257
-47.873871
-47.787029
-47.800613
-47.719959
-47.571594
-47.550892
-47.486698
-47.539276
-47.393482
-47.285728
-47.167835
-47.258579
-47.170948
-47.098309
-47.058029
-47.044491
-47.019978
-46.801785
-46.791492
-46.824646
-46.756466
-46.653465
-46.498390
-46.592461
-46.616547
-46.499924
-46.304016
-46.443039
-46.351215
-46.238457
-46.246243
-46.210434
-46.241138
-46.098984
-46.095367
-46.067699
-45.993160
-45.996929
-45.842655
-46.064178
-45.898445
-45.814152
-45.768677
-45.814960
-45.814495
-45.756271
-45.663712
-45.695694
-45.689129
-45.637436
-45.594105
-45.696095
-45.556877
-45.531559
-45.452930
-45.534000
-45.528740
-45.441422
-45.490219
-45.406429
-45.387615
-45.325134
-45.395302
-45.292709
-45.380615
-45.383183
-45.196850
-45.251228
-45.376434
-45.224018
-45.066433
-45.229908
-45.187359
-45.174301
-45.136227
-45.101650
-45.069637
-45.002178
-45.088028
-44.971870
-44.975185
-44.982395
-44.868210
-44.893406
-44.843266
-44.850124
-44.765285
-44.744034
-44.605995
-44.686546
-44.698429
-44.604477
-44.533321
-44.441509
-44.453182
-44.515865
-44.431664
-44.353386
-44.229485
-44.212433
-44.234398
-44.140568
-44.135380
-44.123749
-43.984921
-43.885532
-43.805832
-43.951237
-43.808346
-43.672169
-43.525852
-43.648575
-43.644875
-43.374470
-43.409710
-43.292915
-43.299881
-43.163017
-43.072178
-43.193165
-42.987892
-42.957977
-42.893967
-42.878895
-42.655533
-42.664604
-42.732075
-42.590340
-42.411621
-42.414799
-42.360630
-42.345341
-42.285122
-42.183010
-42.000996
-42.102768
-42.060303
-41.992702
-41.907612
-41.882248
-41.785992
-41.725899
-41.721947
-41.714096
-41.672844
-41.513596
-41.410503
-41.451385
-41.507694
-41.422344
-41.142025
-41.233246
-41.272263
-41.340332
-41.058895
-41.212700
-40.993237
-41.072807
-41.022888
-40.880539
-40.998371
-40.906216
-40.888680
-40.737789
-40.860413
-40.837463
-40.731083
-40.655174
-40.676388
-40.779419
-40.552719
-40.539532
-40.629826
-40.702915
-40.511097
-40.414650
-40.565903
-40.342133
-40.405239
-40.377022
-40.480175
-40.231903
-40.279602
-40.312290
-40.265743
-40.293594
-40.145599
-40.256840
-40.212700
-40.146759
-40.116192
-40.115364
-40.289658
-40.102242
-40.064430
-40.093433
-40.125835
-40.033066
-39.999435
-40.109318
-39.988846
-40.049374
-39.876884
-39.992020
-39.991493
-39.895802
-39.888191
-39.823383
-40.030025
-39.805958
-39.815647
-39.758404
-39.849365
-39.847755
-39.696861
-39.726448
-39.711365
-39.756222
-39.610813
-39.709198
-39.709633
-39.653934
-39.620049
-39.559155
-39.594669
-39.641026
-39.543167
-39.535267
-39.529270
-39.591618
-39.484787
-39.518761
-39.437511
-39.427074
-39.413895
-39.420338
-39.429062
-39.329384
-39.297573
-39.457642
-39.411484
-39.264694
-39.241714
-39.250862
-39.254822
-39.299583
-39.282288
-39.261963
-39.121418
-39.156868
-39.183273
-39.266968
-38.987099
-39.113857
-39.079792
-39.101192
-39.089649
-39.000580
-38.998528
-38.901691
-39.118801
-38.857624
-39.114086
-38.884315
-38.967892
-38.843624
-38.931385
-38.886612
-38.824512
-38.726540
-38.874508
-38.810162
-38.804531
-38.819374
-38.694412
-38.699085
-38.762901
-38.757221
-38.708763
-38.749630
-38.574577
-38.706726
-38.676907
-38.752922
-38.719975
-38.607635
-38.698460
-38.590290
-38.744743
-38.583836
-38.616516
-38.667339
-38.719337
-38.637207
-38.630756
-38.651413
-38.659077
-38.575729
-38.592319
-38.693455
-38.730003
-38.616920
-38.741272
-38.694729
-38.662384
-38.596130
-38.656765
-38.764854
-38.708412
-38.632816
-38.712143
-38.750069
-38.719269
-38.704243
-38.797306
-38.646969
-38.770493
-38.655037
-38.761257
-38.755596
-38.782013
-38.679913
-38.735725
-38.770767
-38.785618
-38.693943
-38.717747
-38.777603
-38.796810
-38.682838
-38.739803
-38.777706
-38.805893
-38.787888
-38.895905
-38.739731
-38.683029
-38.753757
-38.748470
-38.838272
-38.756325
-38.715309
-38.637783
-38.717289
-38.760155
-38.749592
-38.600765
-38.536148
-38.643551
-38.684151
-38.548374
-38.571789
-38.549915
-38.486801
-38.481495
-38.482746
-38.495377
-38.352097
-38.331203
-38.379105
-38.365738
-38.235493
-38.226440
-38.169186
-38.169247
-38.126759
-38.057823
-38.140198
-38.027248
-37.999142
-37.818806
-37.942368
-37.960098
-37.787369
-37.707108
-37.618477
-37.751808
-37.708088
-37.558029
-37.473347
-37.518848
-37.448956
-37.357483
-37.448250
-37.327690
-37.308777
-37.154881
-37.124176
-37.200310
-37.190945
-37.030422
-36.856396
-36.994987
-36.981487
-36.824173
-36.796658
-36.763275
-36.817078
-36.651695
-36.626308
-36.581131
-36.568378
-36.422016
-36.487064
-36.397736
-36.402733
-36.347321
-36.286232
-36.241104
-36.288700
-36.288555
-36.052635
-36.105370
-36.094933
-35.992851
-35.941261
-36.012863
-36.043144
-35.933258
-35.813435
-35.797901
-35.906750
-35.794041
-35.644051
-35.785988
-35.821018
-35.654942
-35.598217
-35.720169
-35.698795
-35.487793
-35.520130
-35.593487
-35.578671
-35.493282
-35.563496
-35.470898
-35.475998
-35.435604
-35.526115
-35.441826
-35.406265
-35.492752
-35.485371
-35.377861
-35.438610
-35.603310
-35.427189
-35.335468
-35.377892
-35.520466
-35.369156
-35.464890
-35.415180
-35.442825
-35.423347
-35.465286
-35.410793
-35.503582
-35.494118
-35.413128
-35.448105
-35.534489
-35.467846
-35.427994
-35.520145
-35.521652
-35.407879
-35.593201
-35.552177
-35.479649
-35.563316
-35.541759
-35.525768
-35.532841
-35.606365
-35.527256
-35.595650
-35.531563
-35.618061
-35.678123
-35.640495
-35.500992
-35.545109
-35.657207
-35.646908
-35.558643
-35.630432
-35.578262
-35.641281
-35.643173
-35.643661
-35.657539
-35.529030
-35.604664
-35.704174
-35.786011
-35.593281
-35.482822
-35.739407
-35.776142
-35.536537
-35.623177
-35.734600
-35.671650
-35.631020
-35.647972
-35.618664
-35.565121
-35.751263
-35.542866
-35.535225
-35.602615
-35.614548
-35.601089
-35.572601
-35.519745
-35.450981
-35.532452
-35.516624
-35.414959
-35.556530
-35.446911
-35.397659
-35.414303
-35.398716
-35.375004
-35.363270
-35.318985
-35.329189
-35.358006
-35.327801
-35.223278
-35.130077
-35.260540
-35.310810
-35.106915
-35.105782
-35.068081
-35.083290
-34.939247
-35.101818
-35.104897
-34.854675
-34.779011
-34.861889
-34.860882
-34.788536
-34.798950
-34.807373
-34.790272
-34.660595
-34.657784
-34.610870
-34.648212
-34.440643
-34.513748
-34.573734
-34.488251
-34.333508
-34.317261
-34.352486
-34.347919
-34.268867
-34.167850
-34.244080
-34.140789
-34.094406
-34.109474
-34.192726
-34.108059
-33.900333
-33.908588
-33.966679
-33.949688
-33.782520
-33.769684
-33.890301
-33.798607
-33.658653
-33.586765
-33.766350
-33.603687
-33.520302
-33.614143
-33.559750
-33.486923
-33.439804
-33.428085
-33.455959
-33.479908
-33.332436
-33.264969
-33.378582
-33.371616
-33.215569
-33.202583
-33.316654
-33.291412
-33.165676
-33.224911
-33.199715
-33.182350
-33.201042
-33.132771
-33.123672
-33.171753
-33.123474
-33.089024
-33.209915
-33.145363
-33.104614
-33.216236
-33.115215
-33.179947
-33.148369
-33.235870
-33.149551
-33.221741
-33.198475
-33.135632
-33.205311
-33.261257
-33.435059
-33.188469
-33.236950
-33.322205
-33.335636
-33.400410
-33.374386
-33.442612
-33.310013
-33.414986
-33.520569
-33.568653
-33.413090
-33.530750
-33.625706
-33.529640
-33.580215
-33.561306
-33.700855
-33.641346
-33.762726
-33.796314
-33.731239
-33.673454
-33.771927
-33.882618
-33.865864
-33.845291
-33.917255
-33.979504
-33.906330
-33.875038
-34.019665
-33.936592
-34.141647
-34.079727
-34.012249
-34.129093
-34.109119
-34.220001
-34.140106
-34.080456
-34.269150
-34.248318
-34.336117
-34.185524
-34.311363
-34.249306
-34.383900
-34.432949
-34.342461
-34.455544
-34.341011
-34.495674
-34.454830
-34.627823
-34.385094
-34.451763
-34.534828
-34.601097
-34.520451
-34.515079
-34.523216
-34.574245
-34.672325
-34.451519
-34.632339
-34.569973
-34.575031
-34.455620
-34.722729
-34.631454
-34.650391
-34.492920
-34.657944
-34.645962
-34.605766
-34.637501
-34.594467
-34.639008
-34.633545
-34.699829
-34.613815
-34.670532
-34.679935
-34.650608
-34.652813
-34.688747
-34.747471
-34.693146
-34.688938
-34.779751
-34.759369
-34.692501
-34.750069
-34.913197
-34.809261
-34.750381
-34.818733
-34.927090
-34.915718
-34.866215
-34.765568
-34.919685
-34.878155
-34.906902
-34.814903
-34.901134
-34.894943
-34.817272
-34.771465
-34.837662
-34.875385
-34.821991
-34.897396
-34.894424
-34.803391
-34.861000
-34.846283
-34.873108
-34.872063
-34.901333
-34.812344
-34.804981
-34.900982
-34.798836
-34.867908
-34.896633
-34.922260
-34.741848
-34.792965
-34.857948
-34.859665
-34.930313
-34.788322
-34.842159
-34.877285
-34.801647
-34.733227
-34.738689
-34.947308
-34.852638
-34.770676
-34.776573
-34.861984
-34.795826
-34.729450
-34.711411
-34.841049
-34.819546
-34.672791
-34.760639
-34.832405
-34.745415
-34.580807
-34.764832
-34.739796
-34.655235
-34.610764
-34.807415
-34.739521
-34.589138
-34.634811
-34.673752
-34.597519
-34.525032
-34.753330
-34.661095
-34.656555
-34.498535
-34.566528
-34.666046
-34.631447
-34.544235
-34.508739
-34.657265
-34.615913
-34.553326
-34.458012
-34.473228
-34.466953
-34.527821
-34.538376
-34.506027
-34.445374
-34.424294
-34.441326
-34.441689
-34.491863
-34.398048
-34.410122
-34.415398
-34.438717
-34.467228
-34.364613
-34.363556
-34.450947
-34.370117
-34.377460
-34.423092
-34.414318
-34.353840
-34.366371
-34.347626
-34.393356
-34.352573
-34.325012
-34.296215
-34.313351
-34.449566
-34.409481
-34.347507
-34.301540
-34.361000
-34.352776
-34.377724
-34.452606
-34.366154
-34.308094
-34.309448
-34.456398
-34.441044
-34.390934
-34.365334
-34.446217
-34.387753
-34.497665
-34.505737
-34.464222
-34.340950
-34.446289
-34.496223
-34.611496
-34.555557
-34.438721
-34.473721
-34.555229
-34.573364
-34.584263
-34.670200
-34.605057
-34.547493
-34.670971
-34.753918
-34.688931
-34.605358
-34.651302
-34.599197
-34.842865
-34.715252
-34.699387
-34.624969
-34.766212
-34.777039
-34.686447
-34.777428
-34.766289
-34.800625
-34.746216
-34.808006
-34.818062
-34.802120
-34.812840
-34.798553
-34.841267
-34.847610
-34.860188
-34.807415
-34.817341
-34.866291
-34.914913
-34.833073
-34.877621
-34.808964
-34.779888
-34.875050
-34.946941
-34.922062
-34.809315
-34.912678
-34.908852
-34.920406
-34.870872
-34.846569
-34.858879
-34.909321
-34.865311
-34.830627
-34.918308
-34.882107
-34.891598
-34.870712
-34.932320
-34.925957
-34.810440
-34.825848
-34.960693
-34.992374
-34.832935
-34.945808
-34.817688
-35.003391
-34.869320
-34.947994
-34.852753
-34.952126
-34.916088
-34.902065
-35.015812
-34.955757
-34.905975
-34.903214
-35.014286
-34.986404
-34.954868
-34.960041
-35.021824
-35.074081
-34.963089
-34.935081
-35.035053
-35.025871
-34.965012
-35.033260
-35.123890
-35.016708
-34.949692
-35.001049
-35.181496
-35.164749
-34.912472
-35.040794
-35.162754
-35.132496
-34.957893
-35.119377
-35.139122
-35.113213
-35.062378
-35.094482
-35.094639
-35.127953
-35.096230
-35.062431
-35.143818
-35.096642
-35.192112
-35.109013
-35.215366
-35.125389
-35.125980
-35.105381
-35.145321
-35.267742
-35.102669
-35.205555
-35.218525
-35.250038
-35.138138
-35.100891
-35.175400
-35.221958
-35.242790
-35.189693
-35.181259
-35.144810
-35.211212
-35.242725
-35.288166
-35.229233
-35.230843
-35.226437
-35.240429
-35.364483
-35.229034
-35.323978
-35.205299
-35.290718
-35.260818
-35.353527
-35.363010
-35.368198
-35.307446
-35.252850
-35.374397
-35.313316
-35.329700
-35.332809
-35.360683
-35.357140
-35.343773
-35.330273
-35.493992
-35.352634
-35.252842
-35.371231
-35.415714
-35.349297
-35.331638
-35.263615
-35.287971
-35.350666
-35.370628
-35.339626
-35.331192
-35.306519
-35.254459
-35.320080
-35.391945
-35.224907
-35.226326
-35.317257
-35.215973
-35.273594
-35.237465
-35.205647
-35.317173
-35.310242
-35.046692
-35.209976
-35.318367
-35.183681
-35.195137
-35.189896
-35.283909
-35.151455
-35.206318
-35.161247
-35.117073
-35.245789
-35.219280
-35.057808
-35.173775
-35.165668
-35.140076
-35.014252
-35.166946
-35.104439
-35.044601
-35.030380
-35.149704
-35.164371
-35.062325
-34.976788
-35.056145
-35.057549
-35.007259
-35.044678
-35.013996
-35.004982
-34.938450
-35.010437
-35.008892
-34.961632
-34.974689
-34.900009
-34.965755
-34.971149
-34.917496
-34.825661
-35.020329
-34.985222
-34.877079
-34.928944
-34.970234
-34.905624
-34.880955
-34.953503
-34.950222
-34.975479
-34.877811
-34.855873
-34.845596
-34.979408
-34.896900
-34.849442
-34.773335
-34.881016
-34.838352
-34.854481
-34.826443
-34.868526
-34.798973
-34.836563
-34.873379
-34.855740
-34.817192
-34.726143
-34.805012
-34.935322
-34.886433
-34.715271
-34.753757
-34.866173
-34.785103
-34.731552
-34.823090
-34.746712
-34.793194
-34.733669
-34.805840
-34.692112
-34.834274
-34.704502
-34.659943
-34.704350
-34.787048
-34.786640
-34.690086
-34.724396
-34.740582
-34.705841
-34.669601
-34.751419
-34.644623
-34.675892
-34.619358
-34.819977
-34.756092
-34.704845
-34.610748
-34.642105
-34.691677
-34.721924
-34.728172
-34.577057
-34.690277
-34.732487
-34.665016
-34.672005
-34.728199
-34.576679
-34.538925
-34.658524
-34.657501
-34.581959
