Az       (ft/s^2)
-31.293264
-31.371227
-31.254524
-31.254049
-31.315432
-31.179079
-31.276426
-31.361095
-31.239763
-30.965893
-31.185781
-31.131294
-31.069485
-31.090282
-31.024073
-30.987797
-30.937048
-31.021822
-30.966866
-30.905785
-30.881134
-30.878038
-30.843678
-30.866562
-30.889189
-30.830559
-30.645720
-30.676842
-30.639362
-30.704891
-30.626781
-30.631121
-30.634901
-30.524998
-30.403534
-30.436028
-30.529718
-30.438148
-30.401054
-30.427240
-30.440203
-30.230354
-30.301777
-30.241623
-30.227911
-30.170324
-30.220119
-30.109015
-30.160849
-30.001423
-29.924532
-30.068428
-30.001274
-29.895782
-29.795126
-29.989395
-29.861355
-29.927877
-29.657276
-29.826248
-29.628635
-29.662613
-29.500937
-29.772469
-29.594631
-29.498960
-29.482132
-29.631044
-29.273201
-29.338299
-29.558167
-29.386534
-29.280918
-29.319473
-29.387123
-29.165285
-29.217571
-29.129770
-29.283127
-29.173765
-29.174042
-29.022146
-29.283472
-29.011332
-29.078657
-29.038534
-29.159626
-28.902563
-29.004475
-28.937626
-29.083939
-28.828655
-28.851524
-28.750990
-29.028126
-28.866615
-28.950092
-28.650995
-28.773766
-28.762007
-28.907528
-28.604675
-28.850121
-28.648445
-28.673487
-28.744898
-28.645615
-28.655846
-28.689003
-28.578192
-28.546019
-28.867420
-28.507404
-28.508480
-28.615444
-28.513409
-28.414970
-28.587896
-28.497679
-28.472044
-28.413263
-28.488096
-28.506624
-28.531067
-28.418812
-28.285933
-28.297817
-28.680056
-28.507803
-28.427931
-28.307095
-28.478930
-28.437941
-28.392128
-28.344997
-28.411882
-28.517534
-28.359941
-28.471161
-28.305061
-28.458248
-28.368402
-28.444929
-28.327326
-28.412954
-28.445402
-28.418869
-28.342133
-28.329453
-28.271749
-28.563822
-28.277933
-28.322311
-28.355457
-28.531269
-28.281559
-28.320585
-28.413826
-28.417665
-28.437357
-28.219540
-28.509359
-28.464018
-28.524580
-28.204746
-28.480644
-28.424431
-28.488258
-28.262154
-28.355021
-28.614290
-28.468813
-28.174770
-28.388531
-28.529234
-28.391096
-28.270531
-28.471535
-28.500273
-28.248671
-28.688236
-28.379110
-28.400642
-28.445280
-28.614927
-28.279984
-28.535965
-28.538216
-28.474051
-28.437019
-28.515732
-28.656786
-28.516598
-28.306990
-28.482601
-28.658905
-28.663647
-28.630442
-28.555620
-28.598227
-28.475428
-28.473738
-28.593863
-28.828224
-28.630657
-28.491175
-28.582546
-28.783346
-28.708723
-28.505053
-28.549021
-28.673220
-28.770191
-28.628527
-28.773745
-28.615824
-28.756781
-28.561199
-28.648130
-28.755476
-28.804657
-28.695604
-28.615818
-28.853083
-28.700884
-28.794018
-28.585888
-28.683418
-28.847513
-28.823235
-28.719240
-28.734665
-28.736227
-28.813959
-28.901186
-28.632477
-28.724422
-28.720675
-28.788235
-28.881407
-28.734165
-28.690145
-28.836267
-28.652695
-28.880991
-29.040577
-28.785879
-28.756769
-28.805119
-28.842098
-28.962223
-28.894388
-28.838533
-28.864344
-28.973795
-28.882101
-28.923220
-29.009048
-28.788448
-28.843245
-29.073709
-28.986183
-28.834740
-28.945814
-28.926905
-28.880730
-29.022577
-28.918219
-29.029345
-28.906708
-29.069448
-28.897923
-29.112179
-28.929508
-29.144855
-28.908150
-29.022831
-29.152391
-29.044956
-28.875216
-29.201389
-29.082170
-28.967314
-29.054705
-29.316374
-29.033636
-28.946180
-29.190666
-29.156649
-29.249767
-28.958189
-29.240604
-29.173965
-29.264400
-29.063189
-29.184885
-29.055546
-29.346790
-29.198889
-29.094942
-29.113304
-29.256983
-29.292875
-29.070408
-29.248360
-29.331778
-29.092558
-29.177052
-29.173321
-29.330708
-29.219759
-29.208826
-29.186747
-29.387506
-29.312050
-29.053675
-29.366966
-29.141827
-29.207705
-29.408619
-29.216368
-29.222883
-29.276371
-29.347471
-29.226788
-29.564266
-29.191906
-29.145695
-29.246143
-29.342306
-29.433887
-29.424715
-29.387194
-29.093866
-29.421665
-29.408533
-29.276701
-29.452724
-29.427259
-29.501228
-29.408215
-29.581770
-29.531420
-29.602823
-29.515537
-29.218143
-29.547073
-29.794170
-29.564556
-29.537148
-29.628260
-29.647564
-29.541691
-29.748068
-29.642139
-29.601515
-29.662062
-29.672342
-29.712191
-29.773844
-29.672678
-29.682266
-29.702065
-29.666597
-29.780180
-29.893934
-29.768852
-29.705162
-29.864855
-29.874943
-29.691523
-29.760445
-29.827316
-29.819942
-29.876234
-29.835140
-29.740685
-29.803190
-29.856037
-29.949125
-29.845444
-29.633034
-29.959188
-29.874565
-29.746021
-29.781487
-30.030981
-29.881056
-29.597494
-30.015951
-29.884771
-29.823324
-29.765326
-29.685843
-30.011410
-29.991833
-29.829479
-29.760489
-29.814886
-29.723005
-29.851877
-29.826462
-29.905205
-29.913836
-29.661032
-29.648048
-29.926468
-29.984474
-29.576740
-29.701277
-29.649208
-30.015924
-29.909346
-29.597958
-29.567751
-29.801037
-29.693684
-29.768761
-29.739237
-29.804314
-29.608952
-29.655352
-29.676847
-29.699619
-29.879240
-29.621223
-29.639626
-29.992922
-29.718239
-29.776459
-29.624697
-29.835814
-29.851412
-29.985922
-29.773333
-29.990250
-29.806009
-29.930250
-29.918001
-30.094183
-29.865940
-30.078712
-29.939407
-29.916401
-30.007164
-29.970970
-29.892666
-30.057434
-29.829769
-30.200253
-30.051460
-29.948156
-29.986731
-30.124945
-30.262266
-29.929623
-30.122463
-29.960562
-30.430525
-30.363188
-30.067404
-30.247278
-30.213615
-30.092644
-30.138874
-30.343197
-30.241686
-30.123669
-30.115137
-30.225769
-30.098091
-30.101816
-30.021551
-30.348625
-30.255074
-30.136631
-30.281471
-30.109093
-30.071102
-30.044149
-30.189190
-30.233704
-30.205978
-30.089918
-29.861387
-30.316078
-30.134632
-29.854490
-30.065104
-29.959850
-30.020756
-30.067846
-30.042629
-29.958563
-29.980223
-30.093479
-29.820337
-30.131889
-30.087326
-29.917200
-30.107262
-30.217691
-29.975458
-29.905895
-30.091812
-30.147928
-29.935640
-30.145189
-30.018137
-30.105696
-30.044060
-29.960905
-30.229225
-29.807680
-30.101326
-30.052950
-30.032484
-29.950922
-30.183405
-30.027775
-30.008430
-29.983768
-30.022545
-30.042854
-30.235651
-29.983284
-30.108850
-30.137724
-29.858805
-30.126167
-30.047993
-30.227243
-29.991308
-30.100769
-30.238010
-30.047043
-30.077354
-30.170004
-30.124290
-30.276081
-29.855682
-30.204332
-30.238598
-30.138418
-30.168278
-30.022331
-30.122232
-30.000526
-30.281990
-30.210140
-30.265751
-30.148676
-30.103691
-30.262255
-30.332277
-30.090549
-30.034288
-30.231632
-30.292591
-30.178505
-30.221321
-30.255976
-30.064659
-30.203173
-30.334549
-30.475359
-30.549246
-30.353207
-30.677773
-30.608690
-30.745708
-30.786070
-30.676207
-30.836739
-30.937651
-31.013184
-30.975147
-30.908489
-31.014383
-30.883543
-30.984720
-31.016275
-31.204542
-31.302723
-31.136290
-31.426319
-31.199961
-31.378145
-31.754423
-31.839619
-31.736166
-31.921627
-32.129623
-32.534660
-32.231319
-32.203659
-32.504986
-32.739277
-32.809631
-32.819569
-33.225735
-33.178062
-33.310856
-33.211395
-33.410519
-33.922939
-33.798218
-33.988438
-34.280327
-34.431534
-34.332966
-34.661583
-34.958061
-35.011662
-35.127106
-35.465851
-35.548164
-35.696495
-35.844513
-35.992985
-36.215324
-36.381771
-36.502884
-36.812641
-36.946301
-37.340614
-37.096840
-37.620625
-37.674896
-38.092243
-38.219978
-38.320824
-38.675217
-38.589413
-38.852879
-39.106396
-39.494797
-39.473389
-39.719753
-39.885788
-40.108814
-40.328594
-40.493904
-40.475658
-40.929695
-41.098248
-41.272602
-41.398693
-41.511314
-41.905952
-42.027733
-41.959492
-42.438225
-42.523037
-42.651081
-42.778202
-43.210636
-43.292145
-43.266365
-43.564651
-43.774796
-43.940067
-44.039345
-44.079510
-44.512371
-44.715633
-44.701118
-44.962116
-44.972202
-45.306469
-45.307514
-45.543930
-45.706387
-45.898613
-46.030998
-46.174751
-46.389725
-46.365738
-46.579533
-46.774021
-46.704750
-47.041687
-47.116173
-47.156933
-47.336693
-47.553764
-47.565399
-47.515472
-47.748192
-47.912407
-47.957462
-48.149479
-48.155411
-48.341728
-48.438515
-48.631824
-48.728325
-48.763622
-48.951710
-49.095604
-49.239372
-49.200504
-49.590889
-49.745346
-49.653736
-49.787182
-49.920956
-50.161102
-50.167366
-50.356754
-50.641312
-50.549347
-50.816868
-50.891876
-50.959179
-51.181717
-51.374352
-51.349804
-51.533821
-51.587021
-51.897003
-51.913105
-52.002014
-52.091949
-52.599907
-52.281185
-52.448219
-52.705769
-52.854343
-52.891586
-53.134762
-53.395756
-53.353954
-53.684048
-53.717522
-53.925735
-54.254890
-54.391514
-54.536243
-54.711597
-55.058701
-55.070572
-55.231178
-55.349964
-55.601257
-55.717716
-55.738838
-56.146248
-56.133682
-56.264942
-56.585674
-56.431908
-56.746666
-56.896179
-57.222977
-57.022060
-57.369370
-57.562210
-57.701759
-57.714931
-57.913349
-58.105469
-58.234737
-58.244663
-58.360874
-58.694794
-58.791649
-58.853081
-58.925972
-59.055428
-59.226360
-59.403393
-59.531944
-59.639603
-59.779373
-59.872585
-60.100422
-60.152122
-60.293114
-60.327465
-60.322475
-60.601406
-60.673691
-60.794308
-60.744556
-60.979515
-61.102528
-61.138653
-61.143276
-61.195644
-61.471107
-61.567593
-61.355259
-61.493912
-61.751431
-61.815842
-61.683689
-61.863644
-62.013851
-61.964279
-61.852779
-61.964458
-62.222012
-62.268696
-62.075424
-62.067684
-62.384499
-62.296638
-62.189903
-62.344574
-62.490612
-62.466400
-62.399517
-62.445904
-62.632492
-62.527630
-62.389137
-62.433056
-62.621780
-62.693943
-62.626648
-62.427372
-62.597599
-62.682472
-62.654858
-62.555092
-62.668167
-62.670452
-62.739017
-62.601444
-62.685917
-62.828598
-62.721859
-62.714592
-62.737537
-62.939526
-62.814728
-62.797733
-62.795647
-62.852272
-62.903500
-62.971806
-62.882259
-62.971508
-62.987316
-62.930206
-63.060886
-63.259209
-62.893055
-63.101391
-63.165325
-63.171650
-63.212719
-63.325172
-63.165234
-63.311169
-63.466183
-63.232140
-63.291119
-63.410316
-63.454502
-63.473682
-63.328175
-63.593399
-63.501751
-63.461433
-63.415752
-63.444878
-63.667370
-63.485195
-63.562248
-63.556690
-63.703606
-63.497433
-63.624432
-63.651546
-63.594688
-63.639397
-63.629322
-63.732033
-63.644386
-63.695717
-63.689915
-63.563110
-63.706886
-63.643177
-63.726231
-63.624882
-63.762638
-63.796474
-63.605087
-63.804867
-63.766895
-63.772060
-63.646286
-63.822014
-63.922607
-63.753803
-63.629055
-63.750107
-63.977707
-63.835148
-63.598568
-63.897881
-63.922928
-63.653553
-63.741821
-63.888954
-63.883442
-63.763332
-63.746811
-63.795521
-63.887211
-63.835068
-63.757545
-63.890659
-63.909679
-63.727875
-63.771622
-63.730770
-63.918125
-63.906765
-63.967911
-63.611275
-63.940018
-63.997036
-63.813148
-63.802521
-63.814400
-63.987396
-63.854176
-63.882477
-64.023918
-63.842033
-63.956642
-63.565754
-63.916901
-63.960388
-63.889626
-63.926525
-63.836544
-63.954300
-63.820065
-63.855690
-63.749332
-63.867470
-63.954655
-63.687275
-63.968922
-63.901993
-63.889088
-63.714466
-63.790012
-64.020142
-63.775627
-63.947803
-63.605995
-64.021278
-63.881832
-63.815392
-63.750450
-63.931511
-63.824585
-63.719955
-63.904850
-63.895359
-63.782314
-63.761841
-63.784504
-63.772091
-63.814091
-63.799587
-63.868980
-63.877075
-63.668697
-63.810970
-63.879349
-63.856647
-63.816196
-63.749363
-63.810326
-63.883213
-63.837467
-63.786579
-63.824768
-63.774990
-63.916882
-63.752579
-63.883186
-63.900360
-63.831284
-63.781166
-63.780285
-63.972664
-63.685654
-63.887207
-63.965599
-63.849491
-63.781864
-63.829807
-63.944126
-63.956619
-63.736534
-63.745541
-63.934929
-64.026237
-63.862518
-63.783173
-63.707771
-64.056511
-63.916039
-63.864002
-63.789646
-63.762711
-63.954185
-63.741253
-63.966358
-63.735580
-63.838470
-63.740761
-63.835739
-63.893978
-63.737625
-63.864017
-63.727295
-63.917103
-63.716488
-63.847549
-63.693966
-63.797497
-63.856068
-63.747574
-63.723148
-63.601372
-63.783867
-63.761745
-63.821350
-63.491882
-63.662704
-63.804752
-63.712521
-63.539028
-63.583580
-63.686390
-63.530025
-63.653458
-63.758984
-63.497879
-63.604969
-63.410583
-63.614307
-63.483807
-63.568291
-63.360111
-63.588089
-63.636208
-63.530819
-63.421680
-63.271717
-63.591644
-63.496601
-63.614128
-63.382874
-63.497704
-63.576603
-63.353031
-63.535332
-63.373463
-63.507957
-63.443707
-63.477203
-63.539780
-63.586132
-63.337055
-63.344967
-63.501297
-63.498631
-63.417130
-63.433678
-63.544029
-63.587349
-63.420139
-63.484779
-63.404655
-63.485619
-63.568058
-63.520107
-63.554939
-63.537140
-63.511158
-63.389851
-63.630894
-63.579193
-63.465885
-63.556038
-63.631821
-63.485657
-63.600559
-63.606968
-63.620113
-63.505077
-63.657677
-63.628014
-63.817593
-63.721161
-63.535564
-63.678104
-63.769497
-63.728226
-63.538303
-63.680618
-63.876801
-63.860146
-63.822998
-63.501827
-63.836315
-63.772869
-63.817883
-63.683498
-63.839317
-63.912930
-63.755493
-63.935341
-63.716015
-63.833977
-63.728775
-63.884102
-63.837242
-63.904411
-63.975857
-63.685173
-63.940357
-63.815289
-63.777615
-63.918762
-63.769619
-63.962093
-63.794846
-63.918713
-63.960430
-63.872021
-63.801105
-63.713554
-64.129433
-63.786152
-63.832558
-63.813416
-63.968441
-64.007561
-63.831612
-63.872452
-63.811317
-64.075874
-63.923779
-63.783192
-63.953915
-63.893475
-63.915958
-63.877041
-63.889069
-63.966454
-63.920956
-64.044106
-63.758640
-64.050995
-63.990463
-63.820202
-63.950005
-64.101585
-63.930965
-63.919575
-63.930691
-64.125839
-63.807049
-63.965370
-63.994850
-64.020256
-63.879456
-63.921974
-64.184258
-63.800804
-63.901119
-63.990715
-64.160667
-63.990452
-63.907818
-63.989674
-63.919018
-64.070724
-63.895718
-64.118553
-64.012138
-63.882225
-64.049294
-64.089142
-64.011536
-64.006424
-63.986897
-64.107101
-63.965523
-64.045876
-64.052589
-64.184807
-63.999599
-64.052750
-63.976883
-64.132561
-64.211662
-64.023628
-63.919064
-64.221878
-64.176529
-64.131523
-64.013405
-64.239349
-64.126823
-64.027718
-64.160530
-64.234901
-64.155220
-64.215904
-64.131638
-64.215858
-64.082687
-64.256416
-64.143929
-64.245857
-64.345184
-64.100319
-64.135948
-64.308380
-64.290680
-64.129105
-64.221420
-64.289627
-64.129395
-64.382652
-64.032555
-64.285576
-64.110207
-64.248123
-64.296379
-64.197342
-64.112564
-64.217239
-64.396271
-64.011375
-64.051895
-64.341408
-64.148239
-64.153870
-64.046539
-64.288292
-64.157738
-64.094452
-64.111885
-64.044350
-64.240288
-64.095406
-64.033249
-64.081909
-64.141426
-64.050255
-63.887650
-64.204178
-64.137779
-63.915966
-64.025871
-63.966793
-64.130447
-64.013359
-64.041862
-63.946854
-63.913040
-64.050270
-63.832394
-64.104317
-63.850273
-63.838673
-64.042099
-63.931637
-63.904305
-63.806053
-63.945713
-63.834663
-63.807858
-63.858181
-63.908623
-63.918877
-63.513191
-63.927902
-63.951267
-63.895699
-63.644138
-63.716301
-64.005295
-63.572575
-63.794781
-63.707283
-63.896793
-63.640289
-63.749496
-63.756283
-63.703941
-63.900078
-63.597343
-63.719040
-63.666847
-63.701870
-63.790005
-63.645588
-63.731697
-63.674297
-63.671631
-63.669418
-63.687515
-63.669544
-63.575436
-63.657188
-63.716827
-63.573441
-63.574921
-63.664978
-63.712944
-63.441704
-63.678959
-63.492683
-63.641205
-63.590656
-63.431393
-63.529392
-63.556046
-63.605999
-63.304924
-63.553963
-63.583721
-63.507202
-63.363834
-63.488823
-63.568443
-63.360641
-63.245472
-63.435959
-63.517300
-63.450428
-63.195095
-63.496902
-63.343578
-63.424004
-63.318676
-63.282909
-63.324085
-63.237045
-63.426407
-63.335533
-63.311817
-63.213253
-63.201942
-63.158371
-63.286831
-63.364906
-63.128723
-63.145229
-63.191738
-63.249855
-63.276768
-63.111149
-63.099174
-63.020111
-63.226109
-63.222172
-62.996296
-63.234417
-63.065983
-63.162743
-62.922066
-63.143337
-63.172958
-63.132771
-62.890034
-63.132782
-63.167194
-63.038239
-62.830009
-63.119434
-63.090244
-63.130081
-62.977432
-63.121464
-63.099403
-62.867958
-63.042362
-62.973568
-63.124500
-62.928268
-62.978855
-63.056145
-62.887383
-62.959488
-62.908604
-63.036915
-62.887573
-62.803230
-63.004562
-62.892811
-63.004669
-62.668625
-62.950447
-62.911964
-62.650898
-62.827732
-62.837898
-62.993965
-62.640240
-62.785652
-62.777573
-62.759697
-62.741013
-62.467312
-62.904625
-62.648685
-62.826653
-62.407360
-62.783096
-62.771141
-62.614361
-62.551651
-62.604939
-62.802765
-62.571785
-62.355343
-62.755650
-62.690258
-62.493931
-62.385361
-62.692184
-62.642300
-62.481842
-62.369789
-62.401684
-62.727005
-62.666752
-62.386501
-62.371269
-62.531933
-62.539757
-62.314293
-62.523621
-62.370373
-62.417648
-62.496246
-62.308784
-62.499203
-62.322788
-62.375694
-62.255856
-62.453495
-62.513470
-62.328007
-62.268757
-62.238689
-62.460651
-62.438675
-62.312977
-62.193829
-62.252037
-62.466469
-62.230751
-62.258919
-62.354374
-62.294128
-62.323566
-62.275665
-62.360973
-62.109013
-62.299309
-62.231926
-62.297787
-62.276016
-62.239277
-62.261475
-62.218281
-62.188660
-62.236118
-62.177570
-62.287090
-62.194054
-62.089817
-62.192753
-62.247120
-62.248577
-62.111187
-62.252144
-62.103706
-62.300571
-62.140083
-62.063309
-62.284351
-62.092266
-62.148834
-62.046574
-62.213982
-62.140625
-62.126720
-62.040089
-62.120205
-62.208008
-62.110191
-62.092743
-62.166084
-62.138779
-62.149387
-62.053322
-62.028492
-62.177238
-62.087502
-62.054581
-62.028358
-62.097065
-62.003307
-62.031761
-62.006878
-61.933662
-62.062279
-61.868587
-62.044460
-62.101276
-61.758152
-61.972492
-61.823269
-62.073055
-61.774128
-61.988445
-61.819340
-61.839733
-61.816521
-61.810673
-61.947010
-61.759666
-61.874138
-61.866428
-61.907845
-61.856358
-61.658085
-61.906754
-61.805683
-62.009403
-61.810261
-61.777840
-61.770210
-61.905396
-61.774513
-61.785000
-61.770840
-61.948544
-61.628395
-61.837299
-61.763374
-61.910427
-61.729622
-61.617134
-61.818356
-61.727291
-61.767403
-61.602570
-61.745064
-61.670078
-61.722641
-61.592434
-61.507786
-61.780029
-61.575272
-61.660278
-61.571991
-61.641594
-61.596142
-61.529369
-61.647049
-61.601295
-61.669273
-61.407799
-61.475307
-61.606239
-61.522396
-61.434551
-61.482941
-61.597950
-61.395672
-61.431904
-61.449455
-61.465179
-61.503330
-61.375896
-61.461544
-61.539452
-61.641056
-61.311008
-61.248653
-61.516369
-61.525532
-61.403633
-61.530174
-61.431362
-61.520901
-61.293228
-61.410664
-61.487633
-61.592422
-61.303947
-61.377171
-61.664326
-61.551266
-61.410709
-61.207642
-61.468063
-61.547123
-61.406181
-61.470657
-61.521858
-61.374962
-61.399361
-61.335140
-61.546116
-61.303268
-61.399864
-61.424984
-61.438488
-61.442028
-61.521072
-61.397915
-61.270931
-61.396370
-61.542183
-61.300159
-61.440479
-61.244167
-61.429901
-61.358212
-61.176933
-61.372730
-61.408901
-61.518429
-61.090248
-61.400311
-61.442207
-61.332478
-61.243000
-61.211601
-61.516811
-61.141548
-61.362377
-61.388111
-61.301701
-61.416340
-61.181812
-61.310638
-61.372082
-61.372581
-61.251781
-61.371056
-61.433311
-61.444714
-61.330219
-61.393536
-61.453083
-61.470078
-61.274864
-61.335323
-61.503586
-61.493221
-61.557743
-61.287441
-61.472584
-61.378078
-61.360065
-61.463425
-61.471340
-61.543671
-61.578037
-61.304539
-61.480160
-61.521263
-61.540150
-61.328552
-61.359165
-61.586178
-61.272270
-61.540215
-61.338989
-61.347519
-61.169601
-61.314358
-61.304070
-61.202587
-61.378323
-61.217903
-61.235142
-61.222984
-61.171635
-61.218491
-61.177742
-61.197220
-61.136520
-61.034191
-61.224831
-61.013802
-61.126778
-61.081657
-61.169754
-61.013515
-60.963757
-60.968960
-60.881695
-60.880085
-60.890465
-60.802418
-60.804676
-60.706528
-60.719421
-60.621288
-60.528011
-60.544300
-60.338818
-60.441212
-60.531696
-60.435856
-60.314873
-60.180199
-60.340172
-60.305233
-60.284576
-60.289009
-60.108818
-60.188770
-60.023033
-60.107548
-60.214767
-59.987011
-60.053856
-60.072853
-60.140461
-60.083462
-59.906532
-60.154839
-60.121193
-60.155819
-60.000656
-60.168015
-60.122166
-60.128853
-60.162369
-60.094723
-60.297646
-60.082119
-60.025696
-60.169903
-60.215912
-60.289322
-60.025879
-60.160240
-60.193668
-60.137997
-60.157337
-60.062042
-60.280140
-60.105267
-60.292641
-60.194187
-60.202545
-60.231968
-60.369656
-60.508888
-60.314289
-60.526157
-60.562016
-60.502083
-60.606117
-60.639164
-60.689129
-60.601692
-60.680912
-60.789131
-60.550163
-60.630863
-60.635017
-60.657124
-60.673561
-60.516762
-60.817230
-60.571453
-60.627716
-60.522301
-60.704334
-60.608845
-60.379204
-60.557705
-60.368725
-60.541321
-60.323223
-60.376797
-60.292416
-60.274090
-60.320873
-60.095066
-60.161587
-60.124508
-60.004494
-60.170818
-60.075882
-60.139545
-59.916168
-59.954494
-60.082218
-59.948769
-59.970512
-59.853817
-60.018566
-59.846024
-59.997452
-60.001888
-59.918049
-59.902782
-59.836559
-60.013828
-59.787056
-59.740250
-59.746025
-59.823685
-59.922497
-59.692810
-59.741089
-59.555519
-59.933147
-59.672745
-59.674049
-59.755402
-59.798168
-59.811016
-59.663712
-59.768757
-59.906620
-59.733379
-59.763813
-59.682125
-59.864063
-59.709229
-59.819633
-59.572857
-59.662430
-59.836567
-59.605156
-59.464188
-59.607597
-59.749458
-59.541664
-59.517399
-59.672070
-59.719151
-59.671585
-59.527828
-59.728531
-59.722885
-59.756767
-59.446724
-59.742687
-59.940258
-59.782085
-59.779819
-59.653763
-59.840275
-59.925224
-59.908859
-59.883621
-60.032246
-60.113056
-59.973804
-60.257393
-60.076336
-60.059921
-60.042706
-60.293846
-60.263943
-59.963329
-60.172703
-60.058037
-60.286907
-60.055855
-60.164936
-60.177929
-60.156582
-60.222614
-60.153461
-60.301670
-60.298767
-60.274654
-60.184284
-60.296253
-60.529484
-60.325653
-60.187893
-60.338062
-60.408466
-60.336010
-60.150612
-60.295784
-60.319813
-60.327469
-60.196304
-60.174248
-60.445953
-60.095467
-60.313213
-60.366798
-60.443310
-60.433231
-60.332813
-60.447239
-60.523518
-60.413185
-60.516567
-60.658241
-60.618580
-60.478935
-60.458473
-60.561535
-60.646126
-60.625427
-60.538151
-60.557880
-60.511349
-60.500923
-60.734001
-60.648216
-60.733002
-60.487827
-60.799618
-60.728001
-60.770973
-60.604683
-60.692204
-60.898102
-60.765831
-60.695068
-60.733864
-60.717854
-60.652668
-60.659332
-60.801353
-60.765511
-60.720707
-60.812019
-60.829361
-60.817017
-60.734650
-61.005619
-60.820644
-60.793510
-60.821838
-60.945732
-60.891937
-60.991814
-60.887691
-61.029789
-60.823959
-60.996861
-60.995434
-61.114597
-61.100800
-61.055893
-61.159245
-61.135941
-61.218922
-61.190792
-61.120575
-61.286606
-61.347134
-61.320446
-61.365601
-61.218517
-61.472630
-61.346329
-61.419518
-61.403526
-61.516689
-61.417698
-61.486427
-61.584339
-61.429607
-61.397655
-61.449020
-61.555672
-61.571903
-61.321503
-61.285007
-61.568890
-61.264893
-61.258762
-61.232357
-61.290634
-61.144550
-61.195290
-61.321743
-61.157429
-61.168095
-60.953945
-61.072525
-61.195065
-61.055145
-61.011791
-60.994476
-61.048164
-60.901184
-60.982849
-60.878708
-60.810680
-60.898151
-60.824757
-60.960625
-60.935966
-60.791237
-60.782982
-60.826607
-61.009045
-60.834183
-60.883255
-60.894760
-60.896103
-60.959957
-60.732655
-61.121952
-60.914749
-60.952991
-60.903309
-61.043236
-61.024353
-61.040325
-60.957844
-60.957638
-61.248779
-61.120758
-60.885086
-61.099438
-61.073208
-61.074108
-60.973721
-61.056736
-61.075569
-60.986526
-61.087395
-61.015778
-61.117718
-61.101906
-61.123142
-61.105671
-61.026237
-61.303623
-61.229523
-61.242641
-61.048058
-61.192429
-61.241631
-61.278214
-61.137737
-61.041420
-61.117016
-61.085182
-61.193989
-61.187428
-61.198151
-61.082329
-61.140488
-61.124577
-61.083729
-61.374348
-61.057610
-61.238201
-61.164852
-61.190586
-61.099808
-61.167419
-61.081394
-61.063419
-61.140240
-61.044533
-61.199524
-61.029720
-61.071323
-60.966026
-61.093498
-61.163074
-60.978359
-61.045788
-60.930458
-61.123306
-61.070206
-60.857178
-60.828007
-61.111462
-61.066181
-60.670525
-60.873981
-60.832897
-60.958015
-60.628780
-60.673622
-60.760036
-60.783001
-60.684536
-60.540730
-60.636269
-60.604645
-60.642719
-60.522518
-60.462864
-60.672340
-60.521107
-60.330555
-60.418816
-60.592869
-60.325562
-60.175213
-60.373306
-60.704109
-60.176704
-60.217949
-60.374035
-60.581234
-60.299843
-60.232464
-60.443066
-60.535378
-60.431446
-60.290943
-60.448208
-60.580471
-60.422707
-60.397751
-60.346535
-60.478043
-60.326038
-60.405434
-60.431473
-60.418594
-60.412804
-60.233322
-60.369637
-60.437515
-60.256580
-60.295044
-60.394615
-60.242073
-60.253113
-60.208015
-60.246799
-59.974670
-60.225300
-60.037056
-59.966465
-60.096691
-60.016041
-60.065281
-59.916676
-59.938599
-60.034801
-60.122246
-60.031609
-59.974068
-60.060616
-60.047535
-59.998470
-60.187817
-60.017979
-59.999420
-60.010616
-60.002895
-60.168182
-60.047451
-59.985561
-60.116421
-60.195408
-60.114288
-60.090630
-60.202301
-60.353771
-60.367371
-60.224846
-60.320194
-60.343548
-60.277199
-60.262920
-60.439819
-60.478642
-60.414822
-60.448765
-60.424225
-60.523136
-60.529133
-60.659073
-60.516525
-60.598030
-60.523567
-60.548313
-60.761898
-60.701092
-60.599384
-60.697571
-60.710377
-60.657536
-60.692322
-60.671909
-60.622116
-60.805019
-60.935844
-60.790169
-60.817051
-60.803986
-60.809288
-61.031601
-60.743252
-60.754967
-60.917568
-61.022461
-60.981377
-60.839233
-60.867870
-60.734604
-60.993443
-60.890697
-60.872887
-60.961918
-61.025253
-60.842178
-60.979065
-60.955082
-60.966976
-60.961399
-60.881779
-61.044346
-61.055592
-61.019627
-60.884956
-61.026382
-60.996574
-60.951656
-60.981205
-60.926369
-60.904945
-60.883984
-61.089691
-60.932335
-60.888702
-61.020901
-60.978020
-61.108898
-60.993347
-61.092022
-60.969753
-61.123764
-61.012367
-61.036846
-61.068855
-60.929409
-60.958183
-60.909306
-61.018532
-60.829449
-60.945889
-60.661938
-60.797085
-60.961178
-60.763226
-60.666153
-60.746777
-60.918049
-60.555668
-60.684128
-60.814522
-60.756630
-60.669353
-60.629890
-60.758820
-60.712147
-60.624535
-60.618206
-60.866898
-60.634750
-60.552589
-60.624718
-60.751637
-60.748840
-60.733150
-60.634113
-60.658886
-60.818974
-60.777096
-60.511871
-60.756622
-60.732780
-60.828667
-60.733215
-60.726452
-60.922859
-60.649071
-60.731754
-60.750988
-60.797359
-60.721100
-60.893154
-60.749912
-60.782158
-60.933067
-60.712933
-60.884705
-60.884735
-60.991058
-60.993256
-60.908833
-60.942394
-61.100151
-61.284832
-61.142334
-61.115303
-61.214439
-61.376270
-61.473846
-61.424141
-61.533279
-61.390823
-61.605709
-61.547806
-61.627098
-61.620548
-61.656498
-61.682198
-61.596722
-61.675968
-61.543953
-61.692963
-61.614288
-61.623096
-61.687073
-61.778454
-61.620270
-61.638535
-61.568256
-61.449799
-61.539864
-61.558254
-61.503098
-61.447372
-61.642467
-61.319633
-61.240997
-61.337070
-61.455719
-61.265064
-61.270439
-61.235252
-61.245052
-61.346027
-61.123199
-61.283916
-61.111290
-61.118763
-61.056507
-61.029366
-61.100216
-61.001987
-61.055149
-61.012558
-60.958672
-61.056042
-60.841766
-60.965607
-61.066692
-61.126022
-60.911171
-60.867695
-61.032982
-61.063698
-61.020660
-61.120125
-61.024139
-61.107193
-61.188438
-61.186691
-61.208336
-61.192028
-61.093513
-61.272373
-61.268799
-61.241123
-61.175606
-61.371010
-61.269810
-61.280952
-61.118641
-61.222187
-61.373886
-61.304398
-61.280781
-61.366810
-61.346878
-61.208405
-61.317722
-61.334927
-61.123470
-61.254528
-61.259327
-61.280109
-61.172729
-61.344578
-61.239063
-61.133251
-61.128223
-61.160732
-61.168335
-61.275425
-61.191692
-61.247753
-61.288036
-61.316513
-61.234608
-61.316525
-61.318951
-61.312973
-61.354424
-61.422043
-61.391270
-61.378639
-61.408096
-61.464455
-61.426777
-61.434418
-61.514042
-61.569359
-61.490093
-61.529255
-61.607674
-61.564575
-61.684284
-61.705120
-61.577263
-61.720684
-61.741280
-61.615997
-61.764183
-61.902142
-61.768826
-61.786743
-61.883308
-61.994209
-61.929337
-61.812172
-61.921009
-61.954582
-61.919544
-61.863884
-61.946892
-61.969711
-61.914806
-61.782810
-61.946476
-61.998775
-61.875370
-61.925621
-62.086086
-62.189339
-62.109386
-62.290714
-62.281925
-62.388477
-62.368561
-62.534859
-62.490810
-62.635277
-62.687607
-62.638409
-62.782776
-62.765648
-62.789314
-62.851032
-62.901386
-62.959305
-63.040119
-63.140156
-62.960133
-63.036232
-63.157875
-63.203388
-63.104469
-63.136314
-63.205135
-63.255787
-63.077614
-63.107079
-63.292744
-63.387875
-63.144516
-63.518024
-63.499619
-63.486309
-63.283157
-63.312061
-63.392902
-63.703491
-63.574074
-63.502186
-63.572266
-63.316257
-63.219368
-63.270912
-63.350563
-63.583622
-63.577629
-63.070847
-62.934555
-63.298599
-63.447815
-63.273975
-63.187370
-63.050571
-63.165760
-63.135014
-63.161877
-62.905075
-63.104961
-62.874725
-62.815208
-62.628342
-62.793171
-62.961761
-62.952156
-62.869442
-62.817604
-63.049480
-62.964127
-62.753407
-62.979244
-63.219540
-63.163589
-62.941521
-62.815975
-62.623711
-62.615509
-62.502632
-62.363045
-62.532036
-62.753395
-62.651745
-62.281315
-62.136879
-62.245159
-62.319950
-62.447975
-62.467354
-62.461021
-62.283108
-62.244263
-62.314007
-62.333729
-62.237843
-62.077915
-62.086273
-62.040817
-62.156490
-62.213989
-62.161774
-61.883354
-61.971577
-61.957653
-61.966747
-61.994568
-61.931301
-61.905434
-61.994164
-61.998081
-61.711235
-61.679653
-61.828278
-61.671566
-61.613968
-61.426731
-61.634911
-61.466984
-61.499985
-61.706310
-61.797894
-61.695019
-61.578865
-61.807083
-61.771030
-61.606113
-61.755264
-61.868607
-61.914349
-61.759464
-61.754467
-61.708801
-61.855091
-61.417030
-61.434788
-61.664604
-61.778408
-61.623714
-61.505863
-61.557167
-61.390499
-61.355633
-61.275734
-61.261425
-61.381546
-61.456512
-61.179550
-61.187634
-61.316780
-61.239658
-60.835140
-60.776096
-60.889935
-60.915108
-60.781948
-60.760773
-60.714130
-60.559029
-60.493752
-60.441528
-60.566189
-60.717007
-60.681034
-60.578350
-60.684937
-60.643589
-60.480865
-60.480164
-60.491814
-60.354557
-60.485924
-60.588779
-60.517475
-60.570339
-60.529556
-60.465034
-60.460609
-60.525105
-60.645550
-60.603710
-60.622818
-60.463223
-60.400215
-60.272278
-60.379570
-60.209480
-60.349503
-60.267849
-60.081768
-60.107529
-59.982132
-59.820175
-59.695145
-59.737568
-59.741524
-59.617825
-59.380226
-59.328186
-59.391445
-59.130745
-59.179688
-59.108891
-59.111115
-59.234642
-59.327259
-59.304722
-59.360607
-59.443966
-59.304035
-59.108810
-59.255272
-59.195423
-59.064278
-58.992332
-58.843231
-58.719646
-58.694096
-58.645454
-58.548035
-58.457962
-58.548275
-58.688866
-58.649445
-58.547348
-58.502583
-58.477715
-58.375866
-58.249607
-58.391750
-58.278732
-58.196384
-57.994568
-58.013329
-58.011433
-57.978767
-57.858353
-57.858925
-58.019886
-57.991188
-58.098015
-58.009918
-57.894348
-58.027489
-57.982521
-57.882965
-57.777550
-57.736286
-57.758263
-57.790810
-57.600288
-57.679573
-57.662769
-57.588306
-57.502300
-57.666416
-57.691952
-57.679443
-57.569893
-57.533848
-57.539738
-57.563473
-57.455639
-57.327969
-57.204937
-57.319847
-57.317616
-57.044380
-56.939693
-57.021164
-56.963421
-56.876740
-56.967636
-56.920307
-56.915871
-56.827351
-56.824726
-56.741489
-56.823765
-56.674904
-56.577763
-56.846645
-56.793663
-56.530888
-56.416401
-56.398376
-56.496803
-56.450054
-56.465305
-56.416740
-56.476379
-56.262959
-56.381123
-56.542858
-56.531277
-56.407112
-56.289852
-56.472767
-56.452419
-56.482338
-56.367188
-56.388824
-56.345909
-56.402149
-56.385532
-56.328579
-56.353840
-56.284031
-56.064857
-56.278034
-56.317165
-56.366798
-56.132477
-56.065506
-56.150204
-56.197571
-56.073406
-56.063259
-56.063053
-55.946873
-56.003078
-55.771420
-55.815350
-55.795845
-55.851425
-55.875282
-55.795448
-55.886852
-55.720867
-55.788921
-55.703197
-55.659016
-55.591492
-55.594353
-55.691669
-55.615143
-55.468178
-55.414024
-55.510101
-55.350304
-55.254086
-55.365002
-55.295212
-55.223789
-55.174988
-55.167458
-55.103333
-55.282578
-55.220825
-55.102795
-55.164139
-55.169960
-55.037918
-55.036934
-55.122055
-55.111431
-55.054478
-55.115494
-55.023762
-55.142815
-55.035233
-55.024666
-55.026829
-55.052986
-55.064613
-55.141987
-55.050163
-55.005531
-55.077076
-55.073967
-54.877892
-55.034100
-55.047955
-54.931103
-54.872684
-54.905827
-54.859039
-54.779804
-54.865997
-54.812256
-54.930584
-54.795300
-54.761368
-54.734528
-54.850098
-54.827160
-54.746395
-54.811092
-54.723282
-54.725330
-54.715199
-54.761967
-54.594242
-54.488358
-54.414104
-54.576267
-54.496643
-54.402809
-54.358154
-54.530262
-54.354290
-54.327183
-54.275871
-54.410770
-54.386189
-54.362247
-54.376766
-54.333977
-54.309505
-54.277916
-54.284725
-54.297794
-54.244019
-54.226601
-54.293991
-54.139561
-54.089497
-54.077572
-53.939102
-53.895668
-53.962891
-53.878529
-53.702049
-53.761406
-53.972195
-53.828945
-53.705761
-53.732254
-53.999317
-53.818356
-53.774063
-53.869701
-53.938065
-54.033508
-54.034916
-54.003906
-53.916286
-53.917732
-53.756248
-53.897812
-54.029652
-53.840126
-53.692905
-53.665615
-53.581680
-53.442043
-53.471924
-53.276402
-53.321754
-53.249146
-53.047070
-53.166630
-53.295528
-53.226326
-53.107288
-53.046299
-52.899841
-53.045628
-53.193130
-53.088280
-52.939598
-53.014992
-53.090527
-52.854984
-52.745487
-52.682529
-52.691010
-52.699043
-52.394894
-52.240574
-52.220062
-52.113953
-51.778049
-51.748302
-51.458931
-51.287636
-51.178265
-51.093140
-50.803017
-50.582119
-50.456043
-50.284500
-50.138111
-49.661301
-49.559307
-49.446175
-49.145481
-48.915691
-48.699810
-48.485706
-48.017345
-47.766823
-47.489441
-47.345081
-46.978348
-46.565094
-46.358089
-45.996365
-45.657463
-45.228497
-45.023994
-44.531433
-44.246887
-43.904137
-43.510895
-43.243366
-42.705730
-42.437950
-42.042801
-41.583118
-41.169510
-40.932838
-40.473427
-40.000690
-39.662315
-39.186775
-38.650738
-38.353821
-37.936775
-37.459610
-37.068069
-36.625267
-36.125935
-35.668770
-35.210342
-34.790833
-34.405643
-33.882561
-33.414032
-33.086796
-32.623657
-32.200855
-31.674597
-31.318689
-30.849464
-30.502579
-30.154980
-29.651951
-29.222097
-28.908777
-28.555119
-28.126873
-27.732723
-27.245676
-26.869059
-26.606113
-26.177185
-25.714813
-25.439634
-25.059139
-24.590050
-24.186182
-23.889078
-23.561491
-23.142054
-22.740252
-22.574409
-22.153923
-21.779634
-21.337212
-21.119648
-20.708363
-20.372696
-20.099487
-19.810303
-19.368465
-19.055683
-18.760839
-18.516188
-18.134073
-17.825453
-17.477343
-17.358845
-17.067745
-16.766659
-16.474979
-16.256207
-16.006062
-15.608945
-15.667933
-15.316583
-15.062979
-14.630651
-14.436012
-14.254221
-13.962494
-13.637971
-13.446095
-13.272026
-13.012409
-12.920817
-12.598958
-12.497849
-12.196448
-12.038222
-11.815925
-11.661797
-11.528913
-11.333325
-11.106821
-10.872345
-10.762123
-10.653673
-10.344382
-10.171267
-10.015485
-9.925733
-9.746324
-9.725839
-9.577668
-9.537128
-9.391973
-9.355943
-9.431688
-9.386912
-9.442229
-9.259334
-9.363776
-9.295032
-9.425042
-9.249011
-9.218324
-9.097243
-8.977047
-9.039682
-9.000895
-8.857870
-8.716391
-8.673042
-8.502553
-8.598773
-8.537252
-8.497631
-8.376765
-8.415831
-8.498533
-8.447074
-8.448471
-8.356478
-8.284486
-8.281053
-8.273922
-8.312305
-8.165113
-8.178490
-8.075003
-8.049623
-7.957892
-7.921953
-7.858977
-7.895702
-7.840489
-7.652333
-7.563509
-7.377958
-7.371785
-7.335511
-7.194777
-7.076558
-6.910603
-6.763299
-6.684648
-6.660194
-6.483339
-6.487744
-6.332007
-6.149845
-6.059414
-6.062688
-5.959380
-5.920336
-5.750764
-5.653905
-5.560104
-5.398829
-5.265121
-5.156564
-5.057958
-4.893880
-4.789900
-4.605101
-4.427454
-4.387257
-4.204285
-4.032669
-3.907020
-3.868493
-3.774469
-3.621279
-3.388164
-3.256464
-3.202308
-3.076329
-2.922566
-2.824790
-2.755774
-2.550382
-2.470526
-2.414229
-2.319005
-2.106491
-2.010019
-1.964609
-1.910927
-1.735782
-1.547045
-1.525210
-1.577377
-1.308107
-1.258004
-1.150389
-1.200101
-0.937395
-0.987495
-0.845935
-0.844979
-0.782421
-0.570772
-0.591995
-0.461079
-0.590657
-0.425975
-0.426440
-0.275524
-0.323728
-0.278384
-0.081945
-0.181136
-0.217436
-0.109816
-0.043165
-0.012955
0.027485
0.041535
0.025399
0.208838
0.074290
0.176866
0.055154
0.140839
0.055135
0.249573
0.232364
0.133907
0.142957
0.079634
0.292858
0.212769
0.071192
0.198981
0.315076
0.153984
0.248659
0.227782
0.098500
0.110838
0.111647
0.182199
0.181643
0.058216
-0.112523
-0.159882
0.004500
-0.182038
-0.113750
-0.255341
-0.244098
-0.382422
-0.279454
-0.339400
-0.401940
-0.492437
-0.554647
-0.409256
-0.569709
-0.664357
-0.660376
-0.681800
-0.717516
-0.673250
-0.604407
-0.726982
-0.777022
-0.856544
-0.823726
-0.784772
-0.733927
-0.781873
-0.891097
-0.774846
-0.755830
-0.847032
-0.839399
-0.851191
-0.885234
-0.833744
-0.771882
-0.721642
-0.847399
-0.968488
-0.787712
-0.837676
-0.819354
-0.895156
-0.839962
-0.873120
-0.788282
-0.850547
-0.742804
-0.769984
-0.804495
-0.755974
-0.638981
-0.475980
-0.518459
-0.457466
-0.517176
-0.443365
-0.364384
-0.272320
-0.321922
-0.428699
-0.323266
-0.299266
-0.238637
-0.241062
-0.316641
-0.323901
-0.232570
-0.060979
0.048586
-0.064092
0.000996
0.010995
0.140688
0.227752
0.387272
0.383980
0.297960
0.390616
0.383500
0.649779
0.522616
0.353194
0.504144
0.604960
0.757577
0.652333
0.721224
0.525889
0.690657
0.665205
0.924645
0.802319
0.681166
0.758242
0.882647
0.915197
0.799999
0.751253
0.622395
0.839461
0.757519
0.836917
0.812692
0.723273
0.581237
0.749714
0.814645
0.829546
0.676604
0.717311
0.846837
0.917671
0.774619
0.887758
0.756540
0.834037
0.841127
1.012817
0.850232
0.826563
0.786609
0.840983
0.913216
0.805464
0.798465
0.661077
0.843416
0.782004
0.822477
0.787868
0.660347
0.769204
0.715811
0.910512
0.780926
0.845032
0.762453
0.944634
0.946779
0.852669
0.787244
0.794765
0.932247
0.873288
0.924490
0.849255
0.791013
0.767718
0.814871
0.864163
0.824662
0.833862
0.803033
0.731275
0.883120
0.731552
0.793490
0.679220
0.783218
0.641541
0.681214
0.656772
0.610924
0.547453
0.543113
0.428498
0.480024
0.474674
0.510481
0.363174
0.473389
0.391679
0.359917
0.469076
0.375066
0.408314
0.459380
0.465214
0.436642
0.439514
0.401872
0.418909
0.311023
0.298296
0.365378
0.208469
0.152092
0.183005
0.141778
0.077126
0.191753
-0.002756
0.081178
0.110012
0.082614
0.093657
0.052946
0.080146
0.098185
0.056467
0.069864
0.085557
-0.055813
-0.040790
-0.007721
-0.049469
-0.061995
0.019161
0.115805
-0.008607
-0.014354
0.003894
0.105156
0.038139
-0.048776
0.117158
0.162832
0.030992
0.012052
0.056877
-0.067638
-0.123607
-0.081428
0.046720
-0.092417
-0.137477
-0.014150
0.005231
-0.095044
-0.084050
0.001723
-0.054752
0.071702
0.128222
0.254472
0.012168
0.137997
0.158484
0.213457
0.093518
0.187098
0.236833
0.136265
0.192419
0.200659
0.255701
0.095017
0.253922
0.268518
0.295797
0.226296
0.327663
0.262321
0.296948
0.302692
0.176934
0.313221
0.282117
0.220475
0.199105
0.256940
0.168908
0.239743
0.240740
0.203059
0.125869
0.103967
0.176216
0.174520
0.128080
0.193218
0.214716
0.130493
0.027201
0.204090
0.092825
0.124997
0.066078
0.084545
0.100161
0.122900
0.045791
0.136774
0.131566
0.022403
0.096274
0.110798
0.100661
0.084470
0.086528
0.092665
0.112528
0.096501
0.035790
0.018242
0.055613
0.156498
0.074533
0.060259
0.057899
0.135457
0.099020
0.081983
0.032085
0.066345
0.056958
0.070677
0.083875
0.177150
-0.027655
0.029796
0.097950
0.100064
-0.084732
0.093654
0.046706
0.089533
0.012293
0.108126
0.075539
0.114358
0.048155
0.078358
0.041753
-0.029636
0.066912
0.054085
0.022334
-0.030152
-0.046219
-0.040280
-0.112790
0.081207
-0.088361
-0.041395
-0.049934
0.021545
-0.049010
-0.027795
-0.062487
-0.033045
-0.060529
-0.066243
-0.066137
-0.093711
-0.140554
-0.129940
-0.143905
-0.182517
-0.214657
-0.138638
-0.110511
-0.151401
-0.149749
-0.189818
-0.189718
-0.221447
-0.205806
-0.095075
-0.244561
-0.195653
-0.284137
-0.254089
-0.224587
-0.264879
-0.231910
-0.155067
-0.175903
-0.249664
-0.182259
-0.197220
-0.098466
-0.150536
-0.193854
-0.158691
-0.149226
-0.218618
-0.218346
-0.271905
-0.306093
-0.255910
-0.264075
-0.284854
-0.261532
-0.269407
-0.418925
-0.310687
-0.266690
-0.284511
-0.341509
-0.337632
-0.373661
-0.370456
-0.364810
-0.388422
-0.512281
-0.457999
-0.482913
-0.439310
-0.501192
-0.560775
-0.537682
-0.502430
-0.482336
-0.569854
-0.584406
-0.509896
-0.462709
-0.501387
-0.554197
-0.542086
-0.600840
-0.656559
-0.577305
-0.535627
-0.612447
-0.544192
-0.687775
-0.681502
-0.706673
-0.692948
-0.620899
-0.699382
-0.697392
-0.743693
-0.672235
-0.760503
-0.644330
-0.762312
-0.755801
-0.717650
-0.712230
-0.742377
-0.712609
-0.744731
-0.739243
-0.718690
-0.730976
-0.699718
-0.677205
-0.705856
-0.781917
-0.661458
-0.725634
-0.689493
-0.696248
-0.679447
-0.719741
-0.718451
-0.745312
-0.681015
-0.740578
-0.730361
-0.659505
-0.696443
-0.682020
-0.767492
-0.659545
-0.754052
-0.599064
-0.752569
-0.680367
-0.712061
-0.716345
-0.729614
-0.700346
-0.739334
-0.659963
-0.721602
-0.708743
-0.646222
-0.702126
-0.666890
-0.701528
-0.638771
-0.727982
-0.660327
-0.617317
-0.646774
-0.705459
-0.683404
-0.595989
-0.630559
-0.617531
-0.621547
-0.574638
-0.621955
-0.649350
-0.613769
-0.609133
-0.624178
-0.665495
-0.608012
-0.662855
-0.587676
-0.632095
-0.636896
-0.696860
-0.628399
-0.669305
-0.634549
-0.627846
-0.623739
-0.659263
-0.665274
-0.606166
-0.632326
-0.649145
-0.601160
-0.691600
-0.666405
-0.530519
-0.660089
-0.666328
-0.663585
-0.655665
-0.642448
-0.624070
-0.635073
-0.622392
-0.695699
-0.654829
-0.657601
-0.579173
-0.688948
-0.655822
-0.577349
-0.557250
-0.652144
-0.699698
-0.572593
-0.574899
-0.631392
-0.683185
-0.619171
-0.575318
-0.700091
-0.568173
-0.619425
-0.584721
-0.659871
-0.658042
-0.564083
-0.454190
-0.640867
-0.604536
-0.620261
-0.541522
-0.626644
-0.607593
-0.612796
-0.625934
-0.602037
-0.679724
-0.669468
-0.612342
-0.705718
-0.736579
-0.760853
-0.651282
-0.677084
-0.708771
-0.681028
-0.697171
-0.667090
-0.689016
-0.509276
-0.573971
-0.593342
-0.642349
-0.467847
-0.582731
-0.532454
-0.532357
-0.488158
-0.614227
-0.579672
-0.534444
-0.426646
-0.468893
-0.443112
-0.516213
-0.503940
-0.543556
-0.408452
-0.279714
-0.340800
-0.397171
-0.526925
-0.481394
-0.461986
-0.350324
-0.448683
-0.543393
-0.560625
-0.584184
-0.511611
-0.439909
-0.475837
-0.564022
-0.499348
-0.456611
-0.259663
-0.382400
-0.423618
-0.413041
-0.401476
-0.496096
-0.412908
-0.371661
-0.575877
-0.650121
-0.663347
-0.591059
-0.557945
-0.537536
-0.529531
-0.462361
-0.460470
-0.487348
-0.292232
-0.422461
-0.478532
-0.390496
-0.299071
-0.304448
-0.295069
-0.516020
-0.533183
-0.495630
-0.627087
-0.444232
-0.521269
-0.696606
-0.660867
-0.471440
-0.561409
-0.569881
-0.533139
-0.566131
-0.540118
-0.501590
-0.456971
-0.444481
-0.514683
-0.547558
-0.587112
-0.464474
-0.600926
-0.530410
-0.627637
-0.535900
-0.443990
-0.387380
-0.490836
-0.466683
-0.433550
-0.451653
-0.366848
-0.346741
-0.392396
-0.468484
-0.433203
-0.501154
-0.465075
-0.549193
-0.680540
-0.573161
-0.571639
-0.513776
-0.587007
-0.651400
-0.535516
-0.512594
-0.553127
-0.496762
-0.407933
-0.418415
-0.461613
-0.341834
-0.404348
-0.382672
-0.402153
-0.338773
-0.379130
-0.418724
-0.369287
-0.445283
-0.513376
-0.503797
-0.417146
-0.419800
-0.431988
-0.443758
-0.482485
-0.384892
-0.460574
-0.399573
-0.384633
-0.462630
-0.429877
-0.441260
-0.436106
-0.569992
-0.375499
-0.434106
-0.536333
-0.542092
-0.440010
-0.494099
-0.498152
-0.509790
-0.442082
-0.469432
-0.424078
-0.401129
-0.483899
-0.490948
-0.446944
-0.496795
-0.431634
-0.486579
-0.464804
-0.541385
-0.441226
-0.485880
-0.523637
-0.459246
-0.512017
-0.490440
-0.464233
-0.415040
-0.464629
-0.520222
-0.530014
-0.492114
-0.391981
-0.547110
-0.497481
-0.508019
-0.476710
-0.506994
-0.518349
-0.506023
-0.506101
-0.474814
-0.574639
-0.445630
-0.494678
-0.508467
-0.572047
-0.496091
-0.514538
-0.580574
-0.548506
-0.503997
-0.484079
-0.613380
-0.567671
-0.606699
-0.503211
-0.648389
-0.614585
-0.511045
-0.586938
-0.612245
-0.512350
-0.471227
-0.613074
-0.557066
-0.636642
-0.476987
-0.508356
-0.478030
-0.649723
-0.568931
-0.581775
-0.552015
-0.510782
-0.557400
-0.561330
-0.556792
-0.579938
-0.553738
-0.507790
-0.545946
-0.597446
-0.587950
-0.656557
-0.599589
-0.538354
-0.600163
-0.599690
-0.597287
-0.549911
-0.598923
-0.554641
-0.541911
-0.559297
-0.557490
-0.553096
-0.575070
-0.598731
-0.607599
-0.615059
-0.621090
-0.595169
-0.637870
-0.615507
-0.630225
-0.619433
-0.623843
-0.527683
-0.582251
-0.606428
-0.611547
-0.559925
-0.527855
-0.588245
-0.630487
-0.617756
-0.521584
-0.641865
-0.582646
-0.629611
-0.579808
-0.620265
-0.618488
-0.622697
-0.642589
-0.565500
-0.688486
-0.597115
-0.620998
-0.602353
-0.724372
-0.702366
-0.598074
-0.646783
-0.630370
-0.673423
-0.721556
-0.645194
-0.667101
-0.623107
-0.764607
-0.657659
-0.670966
-0.616968
-0.737082
-0.701318
-0.683448
-0.689022
-0.719143
-0.655425
-0.677463
-0.723107
-0.736447
-0.748243
-0.705478
-0.672446
-0.698373
-0.768531
-0.764870
-0.708197
-0.678379
-0.704860
-0.720673
-0.749851
-0.770087
-0.695386
-0.674376
-0.772420
-0.767086
-0.778866
-0.793494
-0.724080
-0.779514
-0.786851
-0.787846
-0.849406
-0.831049
-0.749325
-0.796779
-0.806235
-0.850379
-0.803964
-0.831892
-0.743841
-0.843756
-0.780054
-0.825153
-0.794699
-0.805262
-0.770563
-0.777222
-0.861785
-0.761261
-0.807773
-0.824828
-0.818374
-0.801910
-0.794575
-0.751773
-0.799795
-0.819378
-0.770694
-0.744021
-0.801769
-0.796710
-0.671491
-0.831026
-0.803275
-0.778835
-0.789106
-0.748698
-0.758734
-0.820249
-0.805442
-0.786310
-0.772296
-0.777407
-0.724415
-0.814399
-0.814237
-0.751278
-0.741616
-0.729136
-0.778964
-0.756851
-0.747958
-0.681667
-0.738688
-0.680909
-0.778668
-0.779616
-0.728165
-0.767183
-0.717964
-0.730958
-0.683690
-0.727561
-0.733363
-0.749964
-0.711217
-0.666033
-0.768077
-0.731742
-0.722324
-0.699184
-0.759876
-0.714244
-0.717689
-0.720416
-0.708360
-0.750581
-0.717781
-0.687457
-0.729003
-0.686660
-0.731528
-0.744089
-0.700849
-0.705735
-0.661875
-0.720990
-0.704877
-0.670484
-0.650151
-0.694547
-0.705783
-0.719828
-0.700801
-0.679280
-0.628112
-0.676487
-0.704051
-0.710851
-0.614836
-0.647845
-0.684269
-0.612978
-0.690094
-0.683647
-0.661883
-0.657089
-0.640346
-0.599821
-0.662893
-0.674015
-0.579811
-0.660110
-0.650578
-0.621189
-0.593602
-0.633787
-0.614940
-0.624038
-0.574801
-0.600973
-0.674138
-0.616542
-0.626465
-0.584874
-0.550085
-0.587287
-0.661994
-0.613321
-0.578223
-0.567971
-0.606524
-0.615906
-0.595394
-0.609364
-0.628038
-0.600369
-0.644703
-0.574405
-0.601772
-0.644062
-0.639347
-0.517283
-0.580526
-0.596057
-0.654540
-0.546724
-0.651087
-0.542444
-0.581632
-0.642198
-0.584420
-0.573874
-0.580949
-0.563456
-0.595479
-0.564361
-0.589854
-0.594623
-0.592877
-0.495556
-0.562077
-0.575232
-0.568969
-0.575947
-0.514321
-0.543351
-0.547420
-0.565412
-0.500586
-0.556557
-0.570192
-0.480784
-0.538397
-0.467015
-0.591679
-0.484052
-0.532572
-0.470111
-0.482936
-0.429700
-0.642321
-0.479823
-0.487167
-0.443477
-0.534318
-0.481267
-0.525341
-0.485964
-0.487468
-0.492287
-0.443686
-0.493943
-0.492103
-0.425016
-0.506619
-0.450422
-0.474604
-0.511636
-0.488913
-0.511844
-0.397529
-0.457609
-0.437150
-0.478065
-0.493948
-0.469138
-0.443296
-0.471640
-0.471323
-0.438739
-0.441733
-0.461644
-0.497086
-0.463885
-0.419216
-0.471824
-0.456689
-0.461888
-0.426281
-0.412990
-0.413869
-0.465193
-0.500825
-0.377584
-0.401307
-0.477106
-0.417630
-0.416351
-0.340022
-0.497588
-0.425735
-0.401210
-0.400380
-0.481066
-0.318525
-0.422546
-0.417190
-0.393241
-0.423772
-0.417131
-0.332684
-0.341664
-0.422273
-0.432859
-0.348029
-0.342182
-0.379830
-0.402426
-0.362828
-0.329745
-0.465002
-0.329544
-0.315769
-0.355331
-0.384727
-0.335294
-0.364787
-0.336883
-0.308919
-0.355297
-0.325718
-0.267143
-0.395163
-0.297449
-0.297979
-0.310847
-0.289799
-0.303270
-0.311109
-0.300327
-0.317016
-0.309398
-0.307085
-0.218397
-0.336647
-0.281756
-0.264866
-0.274297
-0.222979
-0.227130
-0.305108
-0.256778
-0.266551
-0.229283
-0.246848
-0.217239
-0.252851
-0.212842
-0.220299
-0.238647
-0.212892
-0.211400
-0.237474
-0.218192
-0.188311
-0.240899
-0.254658
-0.251955
-0.160802
-0.294046
-0.240777
-0.247421
-0.270191
-0.271085
-0.196377
-0.221044
-0.271454
-0.302743
-0.217503
-0.168767
-0.211518
-0.278460
-0.263244
-0.248919
-0.149059
-0.183900
-0.219094
-0.293548
-0.281511
-0.184701
-0.217811
-0.168557
-0.249976
-0.211016
-0.217529
-0.268800
-0.188810
-0.195006
-0.194481
-0.222191
-0.209215
-0.200852
-0.104284
-0.294808
-0.262496
-0.206721
-0.152011
-0.209417
-0.169596
-0.177105
-0.201425
-0.219920
-0.196357
-0.142775
-0.136585
-0.165470
-0.148862
-0.213920
-0.199208
-0.166200
-0.150332
-0.130020
-0.157933
-0.168862
-0.211412
-0.140876
-0.145061
-0.201396
-0.210673
-0.101400
-0.159456
-0.190271
-0.177783
-0.183476
-0.161749
-0.164028
-0.163021
-0.152452
-0.156594
-0.200113
-0.127351
-0.210305
-0.190215
-0.185879
-0.159008
-0.190817
-0.140993
-0.220413
-0.200639
-0.181701
-0.149312
-0.150519
-0.187022
-0.218867
-0.229589
-0.169541
-0.270912
-0.189891
-0.153762
-0.255466
-0.267263
-0.220747
-0.181309
-0.204242
-0.226144
-0.250566
-0.238964
-0.209455
-0.237707
-0.168080
-0.216173
-0.271122
-0.182820
-0.160200
-0.265155
-0.257442
-0.220084
-0.196749
-0.240719
-0.220181
-0.247962
-0.261600
-0.288008
-0.231976
-0.244910
-0.204581
-0.196607
-0.238313
-0.220172
-0.245396
-0.244004
-0.215363
-0.152228
-0.262951
-0.279503
-0.219030
-0.176160
-0.191635
-0.236818
-0.233206
-0.208757
-0.241639
-0.248977
-0.171584
-0.158379
-0.233456
-0.250772
-0.183021
-0.148055
-0.233811
-0.137025
-0.193902
-0.128548
-0.158320
-0.122364
-0.176160
-0.119826
-0.165914
-0.118608
-0.170851
-0.143728
-0.136509
-0.106334
-0.208158
-0.157760
-0.175139
-0.052140
-0.163162
-0.144075
-0.104779
-0.109844
-0.139193
-0.172110
-0.087575
-0.061726
-0.116659
-0.121845
-0.081188
-0.098250
-0.117065
-0.094690
-0.069851
-0.093581
-0.087211
-0.146145
-0.022201
-0.065604
-0.071495
-0.183892
-0.059876
-0.052379
-0.043134
-0.032361
-0.105617
0.015709
-0.055493
-0.080078
-0.109446
-0.007522
-0.063878
-0.114743
-0.056784
-0.162478
-0.025814
-0.088904
-0.025485
-0.062848
-0.009045
-0.083511
-0.027315
0.048281
-0.062082
-0.027064
-0.067526
-0.018604
-0.020588
-0.030736
-0.048987
0.013562
-0.007406
-0.022081
0.009417
-0.094141
0.044124
-0.062866
-0.071191
0.045740
0.032026
-0.001022
-0.049868
-0.007648
-0.075322
0.034473
0.024391
0.014093
-0.036722
-0.042718
0.013235
-0.058185
0.060606
0.051059
0.037204
-0.078666
0.017057
0.029526
0.090128
0.040032
-0.048532
0.040349
-0.036832
0.022627
0.038227
-0.024076
-0.003147
-0.047161
0.078512
-0.060730
0.062734
-0.057508
-0.009144
-0.030311
0.030107
0.007626
-0.137390
-0.063158
-0.108360
0.015011
-0.024412
-0.015969
-0.116164
-0.033103
-0.033368
-0.146749
0.005480
0.015086
-0.000511
-0.100001
0.024269
-0.043036
-0.014684
-0.004312
-0.034697
-0.053998
0.041661
-0.030462
0.088645
0.041968
-0.031782
-0.077396
0.078159
-0.008324
0.019479
0.057181
0.049504
0.068416
0.110163
0.001451
0.062160
0.058808
0.030272
0.130134
0.106581
0.070339
0.077672
0.109081
0.020784
0.028366
0.007850
0.048167
0.096567
0.090809
0.015598
0.091874
0.057011
0.059053
0.087855
0.081926
0.075743
0.085068
0.098640
0.059247
0.132824
0.081574
0.061204
0.111259
0.108021
-0.025586
0.030199
0.093494
0.075066
0.064792
0.106404
0.013109
0.095780
0.095727
0.109317
0.114997
0.048612
0.077902
0.087131
0.031627
0.051828
0.017927
0.093108
0.017241
0.027099
0.044829
0.052798
0.065809
0.021784
0.067894
0.139068
0.086160
0.102238
0.039843
0.081844
0.059063
0.114319
0.078158
0.103862
0.130089
0.088603
0.184265
0.193112
0.205872
0.193366
0.218966
0.283288
0.290734
0.248829
0.283313
0.295597
0.319499
0.294137
0.252889
0.295820
0.232477
0.335640
0.298064
0.293847
0.281133
0.241172
0.337166
0.222864
0.309392
0.278771
0.260381
0.271235
0.260619
0.233086
0.236249
0.275646
0.220059
0.227637
0.289324
0.184775
0.143436
0.231565
0.303057
0.190878
0.150280
0.119301
0.132497
0.158441
0.188376
0.252896
0.136293
0.098714
0.151052
0.232493
0.073067
0.076708
0.222319
0.220536
0.139670
0.037418
0.187791
0.167203
0.079061
0.075796
0.225043
0.078272
0.110661
0.104947
0.125280
0.137161
0.202442
0.141649
0.177750
0.106709
0.206537
0.243770
0.155093
0.159595
0.225972
0.210856
0.158596
0.238884
0.163552
0.124794
0.183035
0.199356
0.234210
0.237622
0.289577
0.197618
0.294362
0.265143
0.270413
0.309592
0.320599
0.250116
0.335487
0.457950
0.341094
0.436017
0.253961
0.267976
0.420546
0.443211
0.379265
0.477507
0.525967
0.412639
0.453070
0.461136
0.573089
0.422884
0.506274
0.541995
0.584692
0.522134
0.518370
0.629265
0.461305
0.432623
0.315229
0.519658
0.559065
0.645355
0.547075
0.422147
0.498555
0.508959
0.628907
0.710839
0.698274
0.612927
0.667950
0.744622
0.691951
0.767861
0.592626
0.592971
0.673106
0.739768
0.703360
0.693980
0.539701
0.559484
0.634190
0.677106
0.653070
0.601204
0.657960
0.536011
0.609614
0.564282
0.642222
0.655186
0.539310
0.552941
0.565322
0.553039
0.620388
0.587335
0.516949
0.458709
0.576492
0.579201
0.622086
0.529288
0.534990
0.469835
0.538873
0.511589
0.486552
0.497838
0.469204
0.484661
0.414822
0.460376
0.381113
0.389043
0.325825
0.351027
0.348444
0.275004
0.357051
0.313444
0.209209
0.164598
0.219835
0.270806
0.193995
0.122766
0.129268
0.078775
0.010804
0.047455
0.057918
0.008769
-0.051594
-0.077388
-0.052434
-0.084202
-0.175964
-0.123874
-0.128495
-0.180093
-0.191553
-0.317091
-0.220627
-0.289336
-0.418056
-0.471253
-0.383418
-0.390242
-0.462084
-0.503517
-0.593018
-0.623820
-0.629957
-0.608541
-0.625122
-0.610419
-0.788401
-0.763339
-0.630676
-0.813387
-0.787118
-0.862733
-0.833412
-0.862905
-0.839893
-0.866078
-0.858978
-0.962701
-0.909770
-0.953587
-0.942214
-0.963521
-0.990167
-1.011569
-1.119487
-1.042194
-1.148043
-1.107147
-1.167749
-1.224363
-1.129680
-1.086595
-1.160328
-1.161470
-1.150096
-1.070731
-1.119033
-1.152268
-1.119036
-1.010533
-1.045508
-1.162793
-1.189006
-1.214690
-1.142836
-1.210250
-1.298656
-1.295077
-1.291504
-1.370475
-1.314046
-1.327756
-1.416364
-1.448879
-1.366970
-1.481633
-1.423524
-1.508459
-1.623074
-1.634127
-1.565148
-1.631481
-1.691577
-1.775511
-1.805911
-1.722785
-1.948859
-1.960394
-1.874363
-1.872607
-1.937938
-1.991933
-1.958398
-2.002278
-2.058540
-2.157727
-2.034288
-2.152285
-2.204010
-2.182531
-2.219984
-2.253841
-2.363118
-2.344595
-2.420632
-2.427617
-2.426173
-2.476770
-2.440256
-2.594029
-2.609221
-2.662621
-2.661916
-2.743076
-2.788341
-2.893104
-2.814006
-2.912328
-3.131841
-3.095827
-3.170323
-3.141039
-3.328427
-3.318594
-3.369493
-3.432465
-3.496599
-3.492731
-3.486169
-3.596746
-3.727359
-3.629294
-3.716484
-3.789883
-3.799047
-3.842423
-3.898447
-4.020712
-3.958719
-4.054431
-4.059263
-4.220500
-4.103950
-4.300315
-4.217619
-4.237064
-4.343997
-4.367536
-4.318881
-4.282417
-4.571078
-4.430856
-4.436100
-4.487945
-4.662628
-4.631228
-4.617665
-4.775893
-4.833271
-4.867463
-4.904358
-5.029425
-5.082335
-5.130409
-5.204842
-5.236018
-5.337149
-5.312206
-5.455651
-5.485133
-5.626085
-5.669715
-5.698021
-5.812798
-5.880371
-5.884963
-5.978005
-6.078042
-6.081067
-6.154814
-6.199393
-6.346454
-6.238266
-6.342777
-6.459514
-6.535872
-6.532668
-6.573264
-6.667883
-6.636770
-6.750447
-6.725132
-6.840225
-6.869009
-6.934481
-6.986056
-7.037890
-7.013440
-7.129169
-7.173515
-7.185061
-7.326694
-7.215078
-7.336120
-7.354188
-7.462566
-7.407143
-7.504378
-7.591704
-7.582651
-7.560048
-7.659767
-7.748538
-7.722819
-7.714542
-7.844753
-7.970854
-7.914777
-7.979952
-8.088923
-8.090328
-8.190722
-8.266458
-8.261813
-8.392367
-8.397517
-8.452960
-8.595773
-8.604338
-8.556442
-8.623494
-8.815933
-8.818985
-8.792224
-8.864931
-8.952620
-8.918336
-8.886328
-9.025994
-9.069384
-8.872927
-9.047360
-9.044762
-9.153872
-9.098355
-9.237364
-9.173965
-9.362174
-9.343342
-9.430091
-9.577257
-9.547797
-9.577560
-9.649980
-9.786774
-9.866850
-9.832036
-9.914375
-9.933770
-9.977579
-10.063314
-10.192060
-10.297485
-10.319020
-10.407873
-10.418612
-10.541480
-10.699803
-10.824109
-10.901837
-10.987662
-11.043103
-11.265607
-11.328427
-11.447536
-11.517636
-11.717864
-11.757780
-11.945828
-12.046057
-12.102897
-12.250493
-12.386641
-12.453097
-12.689189
-12.846454
-12.901523
-12.951808
-13.228913
-13.369807
-13.476726
-13.617934
-13.838846
-13.882998
-14.123135
-14.265302
-14.487576
-14.541682
-14.791251
-15.009991
-15.020435
-15.190228
-15.496590
-15.573602
-15.737942
-15.943647
-16.152523
-16.298704
-16.528297
-16.674847
-16.878647
-17.053722
-17.331495
-17.405293
-17.711761
-17.783655
-17.978754
-18.228680
-18.421207
-18.675686
-18.789682
-18.941429
-19.113682
-19.318718
-19.508913
-19.691895
-19.768074
-20.004541
-20.121801
-20.238338
-20.420355
-20.596043
-20.702312
-20.889414
-21.067511
-21.288780
-21.334599
-21.627834
-21.736231
-21.978874
-22.016813
-22.194929
-22.355461
-22.536409
-22.710806
-22.865362
-22.997156
-23.190992
-23.322672
-23.501427
-23.726669
-23.852394
-24.110914
-24.345320
-24.502617
-24.633789
-24.838348
-25.198774
-25.301050
-25.554655
-25.781118
-25.928549
-26.134621
-26.422924
-26.540747
-26.676998
-26.892233
-27.138586
-27.176176
-27.380880
-27.636612
-27.711111
-27.879116
-28.012585
-28.102438
-28.231903
-28.413340
-28.552811
-28.756824
-28.848660
-28.965006
-29.131289
-29.291817
-29.486170
-29.643560
-29.770903
-30.069735
-30.199928
-30.372622
-30.487013
-30.828846
-30.890539
-31.102551
-31.241592
-31.289421
-31.569830
-31.666786
-31.917818
-31.956776
-32.161022
-32.339710
-32.459824
-32.664394
-32.819458
-32.989307
-33.046509
-33.225769
-33.449562
-33.590618
-33.681854
-33.778954
-34.065170
-34.256641
-34.296856
-34.458149
-34.545372
-34.767570
-34.854679
-35.037113
-35.254635
-35.312679
-35.362808
-35.557400
-35.726822
-35.832130
-36.099537
-36.107174
-36.347477
-36.533829
-36.676502
-36.743656
-36.925961
-37.039177
-37.170532
-37.294304
-37.448650
-37.580605
-37.674828
-37.785500
-37.948132
-38.127911
-38.098068
-38.221600
-38.350338
-38.517174
-38.667946
-38.897331
-38.909462
-38.978142
-39.107353
-39.208954
-39.470268
-39.523300
-39.593456
-39.698463
-39.846066
-40.036354
-40.003254
-40.164436
-40.318550
-40.273979
-40.453449
-40.631302
-40.694077
-40.769901
-40.913830
-41.034214
-41.176628
-41.328735
-41.274982
-41.482166
-41.571045
-41.712914
-41.712299
-41.870113
-41.914082
-42.000149
-42.102276
-42.247650
-42.407860
-42.422417
-42.459332
-42.622627
-42.847443
-42.859840
-43.060032
-43.097202
-43.315910
-43.326073
-43.463070
-43.594395
-43.746960
-43.764545
-43.877525
-43.895824
-44.136623
-44.072811
-44.136421
-44.376183
-44.471954
-44.466988
-44.577862
-44.802132
-44.836594
-44.887920
-45.007545
-45.171883
-45.320351
-45.296089
-45.409031
-45.533894
-45.568504
-45.680050
-45.848053
-45.940250
-46.007389
-46.057552
-46.109692
-46.214508
-46.258865
-46.392601
-46.431355
-46.516991
-46.594513
-46.840263
-46.730247
-46.763500
-46.825363
-47.067421
-47.126713
-47.163853
-47.238407
-47.409061
-47.477245
-47.637146
-47.790504
-47.946297
-48.113907
-48.264690
-48.424767
-48.697277
-48.672073
-49.041618
-49.228836
-49.334038
-49.454700
-49.483456
-49.755646
-49.966877
-50.259159
-50.321278
-50.478298
-50.462818
-50.589539
-50.514118
-50.670357
-50.977821
-51.036957
-51.022659
-51.071697
-51.158501
-51.303169
-51.383774
-51.707005
-51.914463
-51.949753
-52.075306
-52.220169
-52.241566
-52.325325
-52.439747
-52.476032
-52.686050
-52.833065
-52.686035
-52.962288
-52.958996
-53.027779
-53.188553
-53.164509
-53.230331
-53.605946
-53.770485
-53.746700
-53.914013
-53.856873
-53.776802
-53.885818
-54.113865
-54.132214
-54.150528
-54.112930
-53.921646
-54.194908
-54.398277
-54.345879
-54.228588
-54.496605
-54.573093
-54.631317
-54.751961
-54.677250
-54.479237
-54.491409
-54.275940
-54.368496
-54.737957
-54.686691
-54.544483
-54.534370
-54.611763
-54.398445
-54.739147
-54.978695
-55.253262
-54.877594
-54.963734
-55.181511
-55.326408
-55.351505
-55.397591
-55.357723
-55.387356
-55.420818
-55.427677
-55.526600
-55.570442
-55.449467
-55.558174
-55.697659
-55.882645
-55.943916
-55.926388
-55.986538
-56.065380
-56.032387
-56.131321
-56.194729
-56.377941
-56.217472
-56.205502
-56.194973
-56.256969
-56.352512
-56.332169
-56.626919
-56.803059
-56.692589
-56.643772
-56.714661
-56.916271
-56.855877
-56.858345
-57.072983
-57.178894
-57.103065
-57.143627
-57.300358
-57.217590
-57.115574
-57.212666
-57.313488
-57.392273
-57.424892
-57.546600
-57.558281
-57.676121
-57.391441
-57.581161
-57.693592
-57.721611
-57.915813
-57.845413
-57.925167
-57.884228
-58.006245
-58.045280
-58.068592
-58.096561
-58.080090
-58.220871
-58.308376
-58.386570
-58.374207
-58.336479
-58.508663
-58.544247
-58.617966
-58.606701
-58.638145
-58.760376
-58.836166
-58.801147
-58.864399
-58.985481
-59.027359
-58.947601
-58.985241
-59.295647
-59.174522
-59.127666
-59.222343
-59.381821
-59.379986
-59.423588
-59.439240
-59.543983
-59.470387
-59.595539
-59.654030
-59.594574
-59.663868
-59.780792
-59.886639
-59.790447
-59.949718
-59.966469
-59.981384
-59.952003
-60.047863
-60.185970
-60.232544
-60.168251
-60.300137
-60.375290
-60.338795
-60.405602
-60.557507
-60.569893
-60.504898
-60.671211
-60.790733
-60.663170
-60.855537
-60.739365
-60.930634
-61.091709
-61.050705
-61.098221
-61.187672
-61.266933
-61.249043
-61.271484
-61.432919
-61.543289
-61.478210
-61.492989
-61.577927
-61.633011
-61.577469
-61.725445
-61.670944
-61.660732
-61.831879
-61.902256
-61.916992
-61.952423
-61.863033
-61.980949
-62.030903
-62.139256
-62.054745
-62.170383
-62.167522
-62.233429
-62.128445
-62.204075
-62.238350
-62.189030
-62.215851
-62.284431
-62.320621
-62.093124
-62.298389
-62.388065
-62.264153
-62.296806
-62.419785
-62.283367
-62.436779
-62.441654
-62.410732
-62.334171
-62.492203
-62.480431
-62.413391
-62.332279
-62.436325
-62.473560
-62.429527
-62.392666
-62.371532
-62.447899
-62.335335
-62.300915
-62.378231
-62.293522
-62.271713
-62.273815
-62.365520
-62.297871
-62.216633
-62.197933
-62.270935
-62.215191
-62.158344
-62.226738
-62.167931
-62.276798
-62.182339
-62.264076
-62.270786
-62.277992
-62.216148
-62.090725
-62.097435
-62.082985
-62.122719
-61.932541
-61.914742
-61.876419
-61.911903
-61.752453
-61.688591
-61.805298
-61.803745
-61.780754
-61.613289
-61.850422
-61.873753
-61.793774
-61.814079
-61.756706
-61.849136
-61.835033
-61.716679
-61.638382
-61.808956
-61.734238
-61.591877
-61.743752
-61.655228
-61.631863
-61.618210
-61.670086
-61.718197
-61.703197
-61.693195
-61.782703
-61.806103
-61.637791
-61.655163
-61.823776
-61.716724
-61.630093
-61.523384
-61.648388
-61.488766
-61.324650
-61.300629
-61.299919
-61.412182
-61.221237
-61.231796
-61.305599
-61.181431
-61.183353
-61.236053
-61.213562
-60.996567
-61.112129
-60.967594
-60.964031
-61.030647
-60.734814
-60.754913
-60.931946
-60.896095
-60.608994
-60.626156
-60.567753
-60.722298
-60.754986
-60.608719
-60.530922
-60.509178
-60.572250
-60.462681
-60.287350
-60.223057
-60.242908
-60.146893
-60.096016
-60.175957
-60.081940
-60.015507
-60.037617
-60.190727
-59.978756
-59.971905
-59.972073
-60.057865
-59.902435
-59.846935
-59.623196
-59.569389
-59.622890
-59.607143
-59.630241
-59.403961
-59.292034
-59.116806
-59.144459
-59.060036
-58.898609
-58.709229
-58.690437
-58.541603
-58.431438
-58.180370
-57.968834
-57.847237
-57.637993
-57.614311
-57.447037
-57.024269
-56.818348
-56.654449
-56.588474
-55.998638
-55.977379
-55.833801
-55.893101
-55.661964
-55.491951
-55.375473
-55.348564
-55.519032
-55.360134
-55.300667
-55.195503
-55.358875
-55.309143
-55.164219
-55.153080
-54.974030
-54.814091
-54.812229
-54.820805
-54.420437
-54.329155
-54.225182
-54.224422
-54.091732
-54.096748
-54.084232
-54.198311
-54.062180
-54.224564
-54.265457
-54.160320
-54.032936
-53.869968
-53.930328
-53.984371
-53.869759
-53.564156
-53.633999
-53.531883
-53.431313
-53.268345
-53.242405
-53.407162
-53.419144
-53.413857
-53.343880
-53.416340
-53.336651
-53.250843
-53.364552
-53.445431
-53.339314
-53.287037
-53.337975
-53.317223
-53.254452
-53.187111
-53.122810
-53.170269
-53.088535
-53.190243
-53.380840
-53.469402
-53.317963
-53.286251
-53.356785
-53.494991
-53.515850
-53.563297
-53.577744
-53.622257
-53.564266
-53.749516
-53.780533
-53.723106
-53.691345
-53.864136
-53.846622
-53.932903
-54.158787
-54.235603
-54.167255
-54.233128
-54.305237
-54.284225
-54.299843
-54.356197
-54.407490
-54.457764
-54.603317
-54.564358
-54.691566
-54.642487
-54.670616
-54.835651
-54.872131
-54.955513
-54.988930
-55.181721
-55.067085
-55.109695
-55.090244
-55.004890
-55.133698
-55.182358
-55.113224
-55.274403
-55.272762
-55.056885
-55.096657
-55.242710
-55.323380
-55.366356
-55.239956
-55.119541
-55.259773
-55.323914
-55.288681
-55.157253
-55.264248
-55.281441
-55.230812
-55.333630
-55.295631
-55.145927
-55.227413
-55.361488
-55.382736
-55.237289
-55.143066
-55.227379
-55.239597
-55.253994
-55.004333
-55.028706
-55.109016
-55.111061
-55.069000
-54.933926
-54.915287
-54.835327
-54.922588
-54.793243
-54.749088
-54.612534
-54.551647
-54.537552
-54.602493
-54.288456
-54.276798
-54.249325
-54.262581
-54.168591
-54.132240
-53.890923
-53.825306
-53.835171
-53.733677
-53.772316
-53.664127
-53.573025
-53.503941
-53.459167
-53.226292
-53.080162
-53.170616
-53.059029
-52.955566
-52.986115
-52.820915
-52.881119
-52.622078
-52.462437
-52.365517
-52.391769
-52.361076
-52.242699
-52.198074
-52.070744
-52.080326
-51.832497
-51.717194
-51.851440
-51.813190
-51.563488
-51.481304
-51.615120
-51.439827
-51.310574
-51.271652
-51.144218
-51.187405
-50.994102
-51.004890
-50.945847
-50.798069
-50.796764
-50.661217
-50.703754
-50.409832
-50.482235
-50.267704
-50.372177
-50.189384
-50.103577
-50.131912
-50.035652
-49.938393
-49.903057
-49.886307
-49.809750
-49.691975
-49.717155
-49.480541
-49.540565
-49.362484
-49.454742
-49.320080
-49.152466
-49.126053
-49.083675
-49.130215
-48.999775
-48.935081
-48.860901
-48.848259
-48.765984
-48.656879
-48.765594
-48.534328
-48.554886
-48.439587
-48.406265
-48.397972
-48.370392
-48.293095
-48.160789
-48.118179
-48.165234
-48.039001
-47.912918
-47.920090
-47.808582
-47.811722
-47.728668
-47.810780
-47.584175
-47.523464
-47.553036
-47.451534
-47.494530
-47.392605
-47.324936
-47.220127
-47.238373
-47.138649
-47.004009
-47.160900
-46.932346
-46.724442
-46.787819
-46.783867
-46.784515
-46.543800
-46.432480
-46.494282
-46.559021
-46.324551
-46.263775
-46.190140
-46.220837
-46.157074
-45.992294
-46.046989
-45.998360
-46.003479
-45.873024
-45.659149
-45.720989
-45.690247
-45.766365
-45.492489
-45.544205
-45.504139
-45.529289
-45.449093
-45.248764
-45.239010
-45.194050
-45.246681
-45.222332
-45.007599
-45.129112
-44.970100
-44.971283
-44.891850
-44.883896
-44.734863
-44.722221
-44.725510
-44.682976
-44.576244
-44.478157
-44.396255
-44.494362
-44.403084
-44.203236
-44.156837
-44.325249
-44.054749
-44.023499
-44.019756
-43.978840
-43.938522
-43.729408
-43.684483
-43.754288
-43.722099
-43.669228
-43.599674
-43.692520
-43.567257
-43.473568
-43.318501
-43.579098
-43.502766
-43.336651
-43.396519
-43.392902
-43.320732
-43.233315
-43.253502
-43.148212
-43.219128
-43.179020
-43.242321
-43.189762
-43.120464
-43.084625
-42.997486
-43.001331
-42.978985
-42.990185
-43.081734
-43.078686
-42.945015
-42.925072
-43.008984
-43.024799
-42.927113
-42.959198
-42.978947
-43.019825
-43.072090
-42.989624
-43.018795
-43.075603
-43.055668
-42.976192
-43.123703
-43.087482
-43.102715
-43.239071
-43.023441
-43.147987
-43.251465
-43.196323
-43.065498
-43.215473
-43.226116
-43.296551
-43.154072
-43.212013
-43.340431
-43.328148
-43.200462
-43.283985
-43.480499
-43.435978
-43.377972
-43.398560
-43.490944
-43.524548
-43.447887
-43.561119
-43.620369
-43.634640
-43.546860
-43.550285
-43.603748
-43.721470
-43.601212
-43.601082
-43.669754
-43.788704
-43.614563
-43.816235
-43.752846
-43.724163
-43.736748
-43.859592
-43.817036
-43.751347
-43.773411
-43.833378
-43.824764
-43.792641
-43.918331
-43.711452
-43.623425
-43.771347
-43.959290
-43.806286
-43.717907
-43.780766
-43.820213
-43.708771
-43.708405
-43.744129
-43.817249
-43.615383
-43.684685
-43.791096
-43.807365
-43.592209
-43.603786
-43.701141
-43.507076
-43.674843
-43.705063
-43.648540
-43.717281
-43.677032
-43.624592
-43.522682
-43.614502
-43.519272
-43.641556
-43.563625
-43.677761
-43.528866
-43.445080
-43.458939
-43.398262
-43.537071
-43.506893
-43.471111
-43.364361
-43.322674
-43.439957
-43.440353
-43.434525
-43.378357
-43.354473
-43.343655
-43.389351
-43.384129
-43.140110
-43.299599
-43.204609
-43.293102
-43.136738
-43.005943
-43.355251
-43.181713
-43.138382
-43.075943
-43.250305
-42.985504
-43.111076
-43.118912
-43.172295
-43.172997
-43.035194
-42.880329
-43.120186
-43.061588
-42.948570
-42.997299
-43.040985
-43.061035
-43.029758
-43.020466
-43.052200
-42.925655
-42.857937
-42.958065
-43.116188
-43.033764
-42.951275
-42.827198
-42.951225
-42.970764
-42.880642
-42.771214
-42.907963
-42.862659
-42.928589
-42.798851
-42.752186
-42.717163
-42.711010
-42.719120
-42.858757
-42.740051
-42.768105
-42.732258
-42.849728
-42.640312
-42.675636
-42.553867
-42.575451
-42.515785
-42.576401
-42.706219
-42.560635
-42.427845
-42.387451
-42.470261
-42.410976
-42.626678
-42.567017
-42.550171
-42.465557
-42.611454
-42.409050
-42.473553
-42.596485
-42.626888
-42.467274
-42.482178
-42.511936
-42.390446
-42.233665
-42.312592
-42.375687
-42.311085
-42.124947
-42.192764
-42.363407
-42.120811
-42.160046
-42.009598
-42.015438
-42.110447
-42.045406
-42.086056
-42.079391
-42.032204
-42.017902
-41.916386
-41.833923
-41.821449
-42.027523
-41.862923
-42.015285
-41.895248
-41.886551
-41.862843
-41.805107
-41.829731
-41.720600
-41.775227
-41.823940
-41.913155
-41.878540
-41.607349
-41.706249
-41.763180
-41.781826
-41.659126
-41.729912
-41.661221
-41.693333
-41.857449
-41.672230
-41.732815
-41.579803
-41.664162
-41.628376
-41.780640
-41.691921
-41.672577
-41.776314
-41.640755
-41.598377
-41.732380
-41.758244
-41.809170
-41.863644
-41.746754
-41.709431
-41.863735
-41.828384
-41.737278
-41.898422
-41.925838
-41.805115
-41.752331
-41.950878
-41.888573
-41.897987
-41.850899
-41.903217
-41.893078
-41.914108
-41.888855
-41.912067
-41.773022
-41.995571
-42.038857
-41.850262
-41.790863
-41.783298
-42.051575
-41.934578
-41.935310
-41.854889
-41.919613
-42.069809
-41.931328
-42.000259
-42.092396
-42.130177
-42.005344
-42.036659
-42.207188
-42.117470
-41.942657
-42.041008
-42.200985
-42.174248
-42.034611
-42.094177
-42.138802
-42.088371
-42.090866
-42.092228
-42.184818
-42.140858
-42.155602
-42.153488
-42.209232
-42.210793
-42.280914
-42.257378
-42.014854
-42.198940
-42.218987
-42.277046
-42.242603
-42.230873
-42.314922
-42.302292
-42.342403
-42.323227
-42.225826
-42.254906
-42.430027
-42.443108
-42.382305
-42.377739
-42.351959
-42.347317
-42.355015
-42.279354
-42.372360
-42.374290
-42.350155
-42.343945
-42.449738
-42.362949
-42.464817
-42.249077
-42.305939
-42.416309
-42.443245
-42.343533
-42.303280
-42.405865
-42.393257
-42.395824
-42.295143
-42.447479
-42.363358
-42.371513
-42.462311
-42.545063
-42.344131
-42.365788
-42.454617
-42.474121
-42.541950
-42.460899
-42.352947
-42.406189
-42.473808
-42.386417
-42.403564
-42.510353
-42.361057
-42.287426
-42.396206
-42.445236
-42.222691
-42.421391
-42.417900
-42.394386
-42.412342
-42.363754
-42.497471
-42.291641
-42.318333
-42.375824
-42.473793
-42.486835
-42.347103
-42.371922
-42.340164
-42.437653
-42.327290
-42.436897
-42.354614
-42.232315
-42.231472
-42.366573
-42.455952
-42.430290
-42.298676
-42.275604
-42.325829
-42.381229
-42.404411
-42.436649
-42.245705
-42.339626
-42.289005
-42.350941
-42.441792
-42.292793
-42.058758
-42.191376
-42.306408
-42.309338
-42.031559
-42.215393
-42.195045
-42.190609
-42.168182
-42.118156
-42.083992
-42.002880
-42.024364
-42.032497
-42.112476
-42.025036
-41.903416
-42.046196
-42.046658
-41.920280
-41.905457
-41.804710
-41.965336
-41.851810
-41.810928
-41.866043
-41.899460
-41.691650
-41.574116
-41.816528
-41.751537
-41.518028
-41.466980
-41.674397
-41.542793
-41.452431
-41.363670
-41.329895
-41.352997
-41.289600
-41.222603
-41.225655
-41.265751
-41.135891
-41.087826
-41.009541
-40.925121
-40.906063
-40.757839
-40.695217
-40.842911
-40.751839
-40.659351
-40.463486
-40.584492
-40.537598
-40.603142
-40.502056
-40.440121
-40.504478
-40.437481
-40.339634
-40.353481
-40.257305
-40.138538
-40.204147
-40.156952
-40.192986
-40.069969
-40.006618
-39.926311
-39.920132
-39.746952
-39.795872
-39.813213
-39.810440
-39.580765
-39.571106
-39.716751
-39.652897
-39.521339
-39.450176
-39.490456
-39.383930
-39.314487
-39.297058
-39.344391
-39.219669
-39.213387
-39.018547
-39.239643
-39.038223
-38.917133
-39.010220
-39.125946
-38.934269
-38.927952
-39.070683
-38.925419
-38.747742
-38.766361
-39.053867
-38.952179
-38.864433
-38.757103
-38.819107
-38.668568
-38.803471
-38.834129
-38.838272
-38.712814
-38.863377
-38.744057
-38.746841
-38.614399
-38.811218
-38.607689
-38.770775
-38.638245
-38.579330
-38.541763
-38.553303
-38.609024
-38.670376
-38.553741
-38.485264
-38.765350
-38.592556
-38.424343
-38.555149
-38.547768
-38.494270
-38.402000
-38.376724
-38.552723
-38.563297
-38.271259
-38.318855
-38.344635
-38.355316
-38.353523
-38.420677
-38.321903
-38.338314
-38.369507
-38.314503
-38.476810
-38.344463
-38.305557
-38.248055
-38.339050
-38.363369
-38.390289
-38.149982
-38.287243
-38.295311
-38.187424
-38.309807
-38.316734
-38.207581
-38.199448
-38.196602
-38.273891
-38.273964
-38.171722
-38.057220
-38.242741
-38.168797
-38.116241
-38.016518
-38.104599
-38.060638
-38.147671
-38.022644
-38.048695
-38.012360
-38.144688
-37.951878
-37.942062
-38.056107
-38.001118
-37.920948
-37.876793
-37.974968
-37.923065
-37.846703
-37.813530
-37.697052
-37.894577
-37.783463
-37.628525
-37.722580
-37.766605
-37.689499
-37.787792
-37.580921
-37.705486
-37.609779
-37.613907
-37.538815
-37.675030
-37.618046
-37.584034
-37.474781
-37.456253
-37.649738
-37.371502
-37.346249
-37.481159
-37.545330
-37.403889
-37.240025
-37.363285
-37.442211
-37.260124
-37.172539
-37.304573
-37.255638
-37.331070
-37.116631
-37.102581
-37.262470
-37.180805
-37.037895
-37.140263
-37.249584
-37.091766
-36.867222
-37.135437
-37.014599
-36.958660
-36.940266
-36.881142
-37.006245
-36.851238
-36.887070
-36.784882
-36.890732
-36.717705
-36.849796
-36.776539
-36.808727
-36.714512
-36.769863
-36.681068
-36.559460
-36.777920
-36.769352
-36.616344
-36.679703
-36.564034
-36.609917
-36.566830
-36.685127
-36.636852
-36.640472
-36.520733
-36.513557
-36.473087
-36.456467
-36.577595
-36.422318
-36.472469
-36.331329
-36.339077
-36.246494
-36.356674
-36.242664
-36.126656
-36.251446
-36.226177
-36.255760
-36.040161
-36.078728
-35.966614
-36.070023
-36.062138
-36.119556
-35.898876
-35.965530
-35.951309
-35.981445
-35.931309
-35.870663
-35.921322
-35.913536
-35.909630
-35.838902
-35.805267
-35.878975
-35.856564
-35.676960
-35.818272
-35.892738
-35.828056
-35.521847
-35.793732
-35.743298
-35.666809
-35.736702
-35.635288
-35.675156
-35.621769
-35.708416
-35.476269
-35.684231
-35.654011
-35.506306
-35.574245
-35.651756
-35.655502
-35.597649
-35.526360
-35.504185
-35.601082
-35.667034
-35.534962
-35.576923
-35.595020
-35.595150
-35.472126
-35.424549
-35.542084
-35.664806
-35.495861
-35.557545
-35.622726
-35.579659
-35.452606
-35.645664
-35.482845
-35.534527
-35.440109
-35.632122
-35.713127
-35.602116
-35.504520
-35.501369
-35.612373
-35.641872
-35.650021
-35.560165
-35.652512
-35.786293
-35.580181
-35.634758
-35.709141
-35.777279
-35.638466
-35.766270
-35.817329
-35.781719
-35.802097
-35.759693
-35.893436
-35.866055
-35.895767
-35.925289
-35.859608
-35.955914
-35.890549
-36.074104
-35.911972
-35.862503
-35.827499
-35.909660
-35.905533
-35.890007
-35.984993
-36.046066
-36.069115
-35.853012
-35.977413
-35.992310
-35.956863
-36.204098
-36.065121
-36.031616
-36.117401
-36.154408
-36.085606
-36.060032
-36.137379
-35.984161
-36.131481
-36.262177
-36.319653
-36.221649
-36.179424
-36.125275
-36.216885
-36.357281
-36.283474
-36.132088
-36.085278
-36.153687
-36.159256
-35.858242
-35.930252
-35.827618
-35.911373
-35.900574
-35.976601
-35.898544
-35.722637
-35.742775
-35.821148
-35.727718
-35.687370
-35.649040
-35.624001
-35.569714
-35.630390
-35.501694
-35.407436
-35.239666
-35.443371
-35.433887
-35.403164
-35.094681
-35.083843
-35.217182
-35.088032
-34.861931
-34.853775
-34.788651
-34.705616
-34.681087
-34.682819
-34.560940
-34.501400
-34.396698
-34.478897
-34.465382
-34.511292
-34.358089
-34.143467
-34.387646
-34.246609
-34.118328
-34.070778
-34.117023
-34.062656
-33.977337
-33.924232
-33.775311
-33.803532
-33.794884
-33.625378
-33.777664
-33.800808
-33.732830
-33.586586
-33.711334
-33.649696
-33.579941
-33.638161
-33.762165
-33.667713
-33.636288
-33.679604
-33.664593
-33.713715
-33.604347
-33.628746
-33.815418
-33.802559
-33.791340
-33.616856
-33.726048
-33.895168
-33.852531
-33.656063
-33.868275
-34.000919
-33.811527
-33.785992
-33.865425
-33.951408
-33.851963
-33.757198
-33.872822
-34.008095
-33.940315
-33.842495
-33.924931
-34.006023
-33.940224
-33.877125
-34.053318
-33.828983
-33.890224
-33.934982
-33.980606
-33.924641
-33.947453
-33.848465
-33.828766
-33.918316
-34.012131
-33.756447
-33.861294
-33.877426
-34.055763
-33.850368
-33.884312
-33.855042
-33.992416
-33.860508
-33.810120
-33.871849
-33.863796
-33.866951
-33.843285
-33.814934
-33.616207
-33.712841
-33.802280
-33.610500
-33.582764
-33.697239
-33.508003
-33.520973
-33.395248
-33.402016
-33.309929
-33.311092
-33.256927
-33.315681
-33.127106
-32.994549
-33.018833
-32.988911
-32.979900
-32.804726
-32.805016
-32.683388
-32.665222
-32.557976
-32.539101
-32.429047
-32.486202
-32.295410
-32.223698
-32.230728
-32.201042
-32.001522
-31.945965
-31.903568
-31.784803
-31.695517
-31.851063
-31.797865
-31.587797
-31.566242
-31.584414
-31.519922
-31.386255
-31.395952
-31.408739
-31.280899
-31.331577
-31.360117
-31.249109
-31.188326
-31.144943
-31.260254
-31.082933
-31.153500
-31.036015
-31.149561
-31.151794
-31.249620
-30.986919
-30.984684
-31.127625
-31.118187
-31.099264
-31.056561
-31.246824
-31.042847
-31.263344
-31.162981
-31.255835
-31.003096
-31.333103
-31.342239
-31.316540
-31.210171
-31.421219
-31.417814
-31.285032
-31.445274
-31.424063
-31.623573
-31.442194
-31.509319
-31.691374
-31.681324
-31.605398
-31.602352
-31.652494
-31.842854
-31.834452
-31.635384
-31.803638
-32.079655
-31.895725
-31.803476
-32.065411
-31.968430
-31.780907
-31.967163
-32.178562
-32.056648
-32.124939
-31.985468
-32.200600
-32.115459
-32.242901
-32.165867
-32.143875
-32.163761
-32.378105
-32.224232
-32.323372
-32.356968
-32.215519
-32.287956
-32.250317
-32.450645
-32.244926
-32.395081
-32.308365
-32.580185
-32.258484
-32.305439
-32.385559
-32.370441
-32.392986
-32.390671
-32.420052
-32.337215
-32.494598
-32.383690
-32.394382
-32.388821
-32.314140
-32.404938
-32.378483
-32.424244
-32.411007
-32.412941
-32.239304
-32.396187
-32.280090
-32.413757
-32.322304
-32.198936
-32.491581
-32.446251
-32.176666
-32.156086
-32.606495
-32.352356
-32.012051
-32.354008
