Az       (ft/s^2)
-31.077227
-30.937752
-31.167099
-31.063606
-31.022779
-30.878666
-31.193197
-31.193581
-31.132019
-30.997604
-31.077913
-31.243614
-31.053596
-31.096931
-31.091751
-31.144203
-31.071381
-31.086866
-31.243036
-31.113800
-31.061750
-31.020807
-31.183456
-31.197670
-31.216877
-31.132421
-31.218384
-31.123665
-31.007870
-31.093906
-31.359276
-31.121309
-31.139547
-31.289078
-31.297138
-31.274155
-31.181686
-31.257895
-31.159969
-31.357792
-31.288666
-31.299191
-31.343267
-31.270784
-31.323383
-31.358646
-31.401978
-31.283064
-31.411243
-31.363811
-31.479664
-31.454426
-31.429096
-31.405453
-31.548290
-31.491243
-31.258451
-31.499269
-31.530386
-31.531841
-31.499422
-31.435730
-31.548710
-31.562769
-31.463665
-31.587961
-31.740532
-31.474672
-31.562122
-31.732058
-31.491968
-31.681063
-31.739994
-31.668102
-31.650808
-31.743851
-31.560907
-31.632797
-31.790651
-31.766100
-31.771309
-31.767569
-31.687603
-31.818426
-31.808149
-31.865139
-31.645630
-31.749674
-31.859509
-31.765924
-31.859777
-31.840366
-31.731962
-31.668301
-31.732964
-32.037609
-31.867689
-31.640699
-31.785034
-31.859541
-31.901842
-31.881634
-31.705105
-31.809965
-31.876617
-31.873440
-31.859348
-31.773312
-31.851627
-31.883696
-31.869478
-31.951714
-31.844072
-31.720636
-31.829889
-32.063999
-31.861961
-31.898470
-31.887245
-31.773123
-31.953270
-32.046040
-31.815399
-31.898970
-31.982094
-31.848703
-31.920692
-32.086586
-31.881262
-31.973232
-31.972725
-32.019943
-32.090626
-31.923756
-31.935963
-31.921177
-32.252357
-31.832560
-32.116550
-31.936913
-32.066544
-32.014191
-32.046993
-32.136936
-32.058083
-32.049610
-32.067127
-32.257484
-31.915478
-32.092567
-32.267025
-32.095985
-32.142220
-32.220898
-32.168961
-32.111118
-32.152885
-32.162727
-32.148178
-32.353012
-32.210060
-32.198982
-32.222511
-32.074142
-32.214542
-32.287651
-32.209286
-32.308430
-32.375355
-32.055706
-32.265270
-32.329010
-32.223209
-32.217392
-32.304478
-32.266048
-32.273338
-32.336994
-32.295635
-32.241386
-32.188278
-32.438564
-32.287575
-32.486252
-32.230156
-32.271946
-32.310570
-32.584633
-32.352562
-32.424507
-32.413059
-32.261837
-32.671555
-32.391647
-32.417660
-32.462013
-32.459957
-32.475052
-32.513481
-32.617260
-32.387524
-32.462555
-32.630089
-32.542793
-32.589634
-32.515167
-32.631554
-32.628830
-32.753193
-32.582264
-32.478428
-32.576771
-32.753025
-32.641052
-32.572731
-32.690617
-32.681660
-32.605381
-32.614216
-32.766579
-32.759174
-32.499264
-32.672546
-32.840740
-32.860821
-32.676811
-32.583004
-32.816917
-32.633438
-32.845291
-32.784836
-32.838455
-32.605175
-32.655487
-32.862209
-32.713688
-32.966640
-32.612129
-32.631046
-32.874607
-32.901539
-32.773911
-32.824062
-32.857544
-32.816299
-32.809746
-32.959476
-32.856327
-32.814560
-32.789047
-32.841885
-32.903004
-32.958054
-32.833122
-32.844418
-32.751472
-32.871387
-32.946526
-32.836746
-32.868839
-32.982124
-32.801296
-32.806168
-32.964710
-32.898464
-32.890686
-32.808792
-32.938328
-32.788296
-33.165730
-32.819401
-32.806595
-32.866219
-32.898460
-33.033176
-32.819214
-32.911816
-33.055443
-32.844090
-32.776436
-32.930344
-32.995293
-32.898495
-32.804844
-32.992641
-32.841248
-32.631279
-32.971088
-33.047726
-32.774178
-32.784676
-32.881836
-32.760056
-32.843727
-32.882221
-32.940887
-32.757420
-32.709373
-32.904243
-32.986549
-32.753471
-32.720924
-32.927967
-32.602123
-32.840359
-32.785217
-32.799850
-32.842701
-32.775028
-32.768044
-32.669807
-32.780018
-32.823013
-32.580410
-32.815182
-32.585094
-32.679585
-32.849365
-32.526531
-32.535778
-32.633949
-32.706810
-32.676311
-32.611046
-32.591843
-32.489693
-32.598801
-32.618042
-32.186337
-32.758202
-32.330696
-32.416012
-32.468697
-32.265354
-32.450417
-32.236752
-32.177601
-32.257221
-32.221989
-32.321594
-32.133190
-32.178982
-32.079979
-32.230087
-32.268131
-31.866812
-32.332306
-32.196407
-31.914244
-31.931141
-32.221214
-32.039883
-31.963139
-32.008286
-32.103977
-31.943565
-31.981306
-31.777039
-32.016697
-32.176041
-31.917320
-31.917248
-31.823801
-31.995222
-32.277920
-31.740332
-31.948360
-31.904524
-32.305660
-31.863365
-31.985752
-32.090221
-31.936449
-32.093094
-31.929384
-32.142731
-32.028343
-31.902475
-32.165264
-31.977293
-32.030949
-32.052917
-32.155987
-32.113163
-32.077950
-31.889322
-32.264988
-32.067348
-32.137798
-32.058193
-32.036671
-32.148964
-32.144169
-32.045067
-31.922079
-32.222145
-32.028175
-31.888069
-32.228283
-31.947140
-32.092876
-31.816471
-32.023079
-32.183350
-31.970217
-31.907497
-31.858776
-32.022297
-32.072258
-31.920118
-32.041492
-31.830067
-31.893362
-31.886093
-31.984859
-32.121403
-31.812948
-32.010746
-31.996891
-32.112717
-32.005962
-31.697069
-32.017666
-31.992491
-31.928860
-32.011635
-32.064075
-32.089630
-31.983824
-31.921938
-32.165718
-31.895981
-31.954113
-32.064079
-32.250404
-32.270382
-31.777325
-32.156437
-32.091949
-32.186485
-32.084824
-32.126297
-32.139812
-31.911722
-32.255932
-32.262280
-31.955736
-32.104786
-32.135601
-32.308353
-32.008930
-32.098675
-32.137474
-32.138836
-32.246861
-31.938030
-32.130650
-32.211826
-31.986343
-32.109882
-31.987507
-32.161766
-31.970442
-32.156246
-31.937269
-32.185051
-31.958731
-31.994183
-32.073887
-32.290173
-31.691158
-31.991953
-32.190826
-31.891855
-32.096561
-31.880095
-32.003063
-31.917217
-31.814470
-32.107399
-31.672899
-32.064854
-31.803350
-31.965481
-31.946878
-31.747774
-31.839788
-31.758062
-31.900978
-31.901434
-31.721495
-31.820009
-31.668255
-31.865671
-31.928400
-31.543240
-31.842155
-31.735924
-31.717274
-31.740347
-31.902172
-31.701826
-31.588270
-31.861084
-31.819202
-31.561687
-31.934059
-31.769888
-31.783369
-31.949461
-31.697105
-31.980070
-31.740334
-31.810339
-31.807228
-32.185650
-31.994020
-31.683365
-32.137283
-31.979074
-32.090706
-32.085541
-32.007431
-32.261684
-32.388313
-32.152893
-32.224766
-32.378849
-32.412315
-32.398376
-32.436031
-32.610607
-32.691845
-32.635448
-32.541603
-32.824387
-33.123192
-32.638447
-33.020012
-33.058731
-33.120079
-33.317860
-33.130100
-33.249855
-33.347137
-33.656841
-33.501453
-33.559223
-34.033489
-33.634048
-33.899109
-34.034164
-34.210720
-34.488216
-34.146675
-34.394352
-34.725639
-34.792278
-34.827881
-35.103413
-35.188881
-35.181496
-35.452595
-35.798843
-35.880905
-35.890961
-35.996181
-36.192768
-36.457306
-36.787651
-36.750111
-36.940674
-37.123547
-37.329674
-37.315464
-37.815235
-37.895809
-38.068859
-38.240963
-38.443787
-38.784050
-38.789112
-39.043186
-39.256298
-39.350544
-39.896069
-39.795788
-40.214020
-40.264111
-40.510242
-40.599529
-40.811050
-41.087692
-41.353245
-41.490353
-41.620174
-41.646503
-42.021614
-42.378151
-42.338741
-42.448723
-42.525719
-42.757622
-42.924496
-43.077236
-43.237579
-43.075348
-43.392452
-43.182396
-43.683132
-43.807533
-43.781902
-44.303150
-44.394180
-44.321510
-44.544079
-44.870739
-44.930779
-44.660397
-45.114815
-45.345814
-45.820091
-45.925877
-45.560135
-45.686325
-46.065453
-46.288074
-46.050148
-46.121727
-46.348000
-46.549870
-46.486664
-46.514130
-46.598259
-46.605865
-46.776871
-46.961449
-47.164356
-47.263451
-47.041290
-47.005852
-47.410057
-47.458809
-47.428310
-47.063568
-47.208546
-47.504456
-47.545227
-47.601879
-47.514420
-47.695492
-47.784283
-47.792217
-47.995731
-48.068314
-48.211525
-48.156086
-48.462261
-48.653812
-48.878414
-48.756527
-48.453239
-48.617161
-48.966835
-49.102798
-48.984962
-49.078411
-49.278748
-49.450031
-49.712303
-49.748875
-49.956390
-50.152969
-50.254700
-50.649704
-50.856533
-50.748924
-50.750271
-50.938957
-51.398289
-51.409657
-51.422543
-51.266907
-51.589691
-51.923580
-51.875553
-52.008781
-52.158501
-52.414928
-52.662430
-52.961952
-52.839085
-52.980808
-53.368851
-53.612190
-53.573780
-53.687962
-53.970619
-54.161217
-54.293972
-54.478489
-54.754597
-54.877205
-54.866467
-55.016499
-55.397751
-55.537678
-55.859322
-55.816177
-55.988907
-56.018574
-56.148529
-56.408833
-56.497772
-56.604843
-56.702946
-56.998367
-56.912365
-57.033581
-57.349537
-57.277691
-57.500725
-57.667130
-57.868195
-57.951977
-58.085701
-58.307175
-58.251266
-58.506195
-58.429836
-58.875591
-58.961807
-58.805981
-58.949375
-58.983917
-59.288788
-59.233868
-59.348209
-59.381287
-59.524681
-59.521744
-59.681801
-59.795006
-59.708832
-59.707108
-59.870819
-60.065144
-60.092216
-60.046585
-60.034866
-60.252392
-60.169014
-60.265850
-60.323902
-60.329372
-60.251369
-60.292110
-60.369999
-60.270168
-60.493656
-60.327503
-60.323254
-60.204247
-60.379242
-60.334427
-60.376125
-60.285191
-60.546677
-60.625683
-60.315998
-60.517181
-60.445076
-60.210835
-60.504654
-60.500359
-60.164104
-60.248669
-60.418625
-60.226925
-60.110905
-60.170197
-60.219254
-60.118816
-60.226906
-60.149002
-60.355042
-59.985043
-60.040112
-60.289375
-60.261009
-60.281395
-60.031315
-60.284054
-60.271164
-60.332180
-60.130280
-60.201550
-60.498642
-60.253563
-60.196815
-60.069695
-60.399918
-60.367222
-60.205910
-60.423981
-60.318180
-60.402702
-60.283413
-60.486343
-60.190887
-60.397457
-60.512455
-60.492245
-60.540810
-60.582474
-60.578644
-60.643520
-60.588730
-60.785946
-60.852394
-60.806309
-60.659164
-60.828590
-61.031712
-60.901428
-60.893818
-60.886883
-61.136440
-61.130314
-60.920799
-61.115276
-61.248531
-61.071457
-60.941555
-61.295200
-61.249046
-61.286877
-61.287064
-61.353615
-61.494148
-61.313000
-61.323917
-61.431797
-61.364212
-61.389568
-61.488724
-61.562294
-61.531315
-61.510513
-61.513050
-61.523739
-61.507488
-61.544014
-61.663799
-61.737625
-61.479706
-61.719524
-61.661499
-61.636612
-61.488152
-61.566757
-61.676003
-61.508423
-61.667618
-61.610580
-61.485287
-61.641994
-61.594326
-61.505939
-61.407890
-61.546146
-61.691540
-61.655785
-61.344692
-61.429874
-61.629852
-61.554058
-61.369122
-61.479412
-61.440407
-61.513805
-61.371506
-61.363297
-61.401730
-61.540298
-61.302284
-61.317841
-61.472126
-61.251335
-61.186867
-61.242180
-61.379044
-61.227226
-61.199730
-61.199013
-61.145847
-61.187805
-60.948990
-61.173050
-61.127842
-61.192383
-60.918594
-61.150097
-61.109837
-60.910328
-61.035248
-61.063622
-61.024300
-61.107258
-60.903526
-61.101536
-60.891788
-61.031143
-60.997093
-61.077137
-60.981472
-60.924877
-61.104519
-60.945915
-61.031288
-60.807373
-61.029335
-61.081963
-60.967056
-60.896618
-60.791981
-61.060753
-60.841415
-60.843811
-60.798492
-60.872025
-61.042282
-60.699032
-60.881382
-60.725163
-60.935368
-60.734631
-60.758026
-60.871185
-60.791927
-60.717789
-60.637203
-60.998192
-60.707333
-60.563747
-60.646458
-60.775200
-60.850525
-60.606030
-60.667000
-60.692814
-60.738911
-60.554016
-60.591042
-60.759640
-60.694244
-60.696815
-60.510681
-60.797688
-60.596333
-60.617012
-60.586712
-60.668571
-60.651997
-60.547485
-60.714203
-60.564957
-60.643490
-60.513165
-60.641975
-60.626118
-60.670246
-60.477695
-60.546318
-60.865196
-60.608395
-60.380123
-60.497482
-60.728447
-60.586746
-60.583225
-60.472805
-60.540939
-60.591702
-60.601910
-60.488014
-60.468319
-60.560970
-60.429817
-60.617115
-60.659904
-60.523232
-60.273396
-60.617535
-60.554516
-60.676983
-60.317856
-60.525761
-60.472168
-60.614658
-60.442631
-60.455219
-60.527760
-60.400829
-60.503029
-60.444748
-60.432739
-60.477612
-60.359715
-60.506222
-60.422298
-60.521908
-60.364346
-60.529633
-60.380730
-60.358162
-60.355484
-60.439068
-60.488773
-60.198925
-60.454834
-60.509029
-60.312721
-60.316345
-60.307816
-60.470551
-60.361614
-60.352287
-60.274406
-60.464893
-60.440540
-60.124954
-60.201202
-60.218761
-60.513283
-60.211510
-60.070915
-60.334785
-60.383896
-60.118073
-60.112896
-60.246399
-60.298882
-60.113163
-60.158268
-60.257828
-60.290001
-60.002533
-60.012394
-60.296574
-60.150833
-60.205486
-59.962116
-60.126015
-60.073189
-59.985386
-60.122963
-60.044296
-60.080685
-59.846039
-60.109550
-60.010155
-59.979359
-60.032307
-59.925152
-60.080925
-59.911255
-59.987217
-59.806347
-59.890045
-60.150333
-59.822056
-59.773388
-59.977840
-60.099514
-59.859138
-59.792850
-59.919724
-59.956333
-60.037025
-59.732983
-60.039635
-59.880821
-59.958942
-59.702675
-59.988911
-59.920650
-59.922195
-59.805809
-59.740250
-59.943092
-60.042919
-59.773563
-59.754932
-59.901718
-60.085220
-59.817211
-59.771492
-59.859077
-59.950207
-59.870819
-59.752792
-59.941174
-60.079445
-59.811108
-59.690903
-59.943089
-60.155888
-59.745537
-59.698589
-59.881054
-60.048386
-59.909164
-59.704750
-60.089741
-59.939739
-59.870251
-59.723026
-59.786160
-60.191612
-59.780148
-59.824047
-59.936131
-60.132687
-59.663239
-59.807854
-59.929211
-60.006954
-59.802567
-59.759094
-59.895718
-59.983185
-59.866467
-59.818893
-59.782848
-60.030983
-59.689659
-59.811703
-59.814716
-59.847496
-59.829926
-59.830273
-59.834099
-59.670704
-59.837368
-59.682205
-59.746021
-59.675026
-59.803638
-59.736443
-59.844669
-59.567497
-59.729492
-59.647964
-59.687267
-59.620014
-59.635975
-59.688896
-59.543442
-59.648731
-59.505219
-59.896397
-59.490189
-59.286518
-59.452236
-59.707626
-59.605804
-59.470222
-59.457478
-59.411308
-59.670879
-59.414051
-59.358276
-59.414322
-59.542088
-59.573574
-59.358791
-59.427017
-59.573601
-59.296638
-59.318432
-59.430916
-59.485344
-59.448200
-59.360256
-59.389896
-59.458191
-59.390144
-59.262829
-59.616272
-59.376331
-59.446392
-59.358673
-59.277943
-59.462059
-59.437935
-59.455677
-59.368061
-59.460587
-59.398586
-59.317760
-59.509186
-59.408920
-59.522480
-59.416676
-59.490017
-59.484276
-59.375141
-59.436546
-59.440891
-59.641052
-59.435608
-59.538319
-59.543655
-59.411938
-59.537811
-59.442715
-59.584400
-59.512890
-59.629539
-59.539612
-59.316730
-59.385025
-59.666370
-59.630699
-59.337563
-59.433346
-59.618538
-59.525597
-59.451488
-59.437405
-59.653690
-59.371887
-59.368717
-59.519096
-59.661011
-59.310867
-59.345299
-59.631001
-59.521935
-59.266869
-59.303864
-59.536072
-59.412975
-59.274902
-59.492912
-59.541111
-59.391193
-59.216251
-59.294735
-59.543510
-59.442238
-59.331982
-59.319553
-59.609745
-59.540726
-59.276287
-59.416050
-59.614819
-59.594387
-59.412899
-59.508125
-59.866890
-59.634560
-59.424454
-59.673527
-59.842758
-59.703716
-59.469894
-59.692886
-59.750320
-59.817127
-59.630936
-59.725811
-59.864357
-59.739147
-59.788673
-59.695744
-59.958431
-59.705395
-59.777210
-59.745583
-59.936012
-59.780552
-59.729210
-59.778652
-59.920166
-59.788139
-59.705681
-59.700062
-59.843067
-59.655323
-59.812973
-59.684143
-59.793495
-59.664528
-59.593029
-59.815659
-59.568466
-59.634434
-59.589401
-59.674530
-59.694084
-59.679443
-59.633862
-59.466381
-59.784378
-59.511353
-59.700096
-59.518185
-59.480865
-59.776451
-59.656998
-59.680931
-59.462326
-59.528648
-59.731125
-59.699825
-59.461254
-59.572159
-59.676956
-59.780434
-59.615276
-59.614349
-59.487949
-59.802292
-59.583679
-59.538376
-59.734055
-59.747086
-59.746170
-59.548798
-59.999905
-59.633102
-59.700974
-59.625160
-59.765583
-59.972584
-59.888584
-59.815811
-59.806400
-60.066963
-59.966785
-59.768818
-59.906059
-60.025055
-60.104309
-60.049747
-59.775017
-60.185352
-60.014225
-60.089531
-59.882900
-60.154121
-60.152946
-60.039253
-60.125763
-59.953869
-60.275608
-60.048153
-60.011227
-60.161839
-60.128624
-59.884903
-59.738914
-60.054989
-60.149872
-59.902725
-59.824215
-59.778114
-60.191742
-59.719734
-59.880474
-59.815331
-59.876564
-59.900089
-59.853874
-60.072021
-59.786701
-59.634258
-59.831001
-60.089554
-59.988075
-59.626884
-59.719753
-60.067913
-59.853558
-59.963120
-59.752129
-59.803154
-59.835266
-59.833797
-59.833607
-59.748100
-59.708160
-59.375988
-59.670341
-59.796688
-59.596951
-59.308022
-59.356674
-59.720951
-59.536259
-59.355022
-59.385468
-59.507366
-59.633999
-59.433170
-59.357239
-59.532753
-59.596287
-59.467262
-59.508369
-59.699566
-59.725979
-59.532066
-59.483349
-59.616608
-60.046608
-59.864758
-59.793537
-59.862591
-59.996323
-60.104179
-59.944130
-59.926228
-60.038216
-60.209587
-60.178432
-60.025791
-60.173656
-60.086830
-59.855892
-59.892982
-60.145386
-60.169731
-59.916245
-60.011799
-60.217712
-60.295357
-60.266689
-59.995972
-60.169270
-60.226467
-60.258049
-60.100948
-60.224243
-60.337795
-60.175144
-59.968723
-60.026791
-60.291157
-60.143547
-59.904060
-60.081783
-60.248592
-60.364971
-60.043964
-60.085667
-60.298817
-60.109013
-60.138557
-60.195362
-60.313457
-60.322655
-60.049370
-60.456127
-60.190235
-60.466690
-60.104237
-60.305698
-60.423790
-60.424267
-60.407642
-59.993023
-60.471340
-60.446320
-60.493904
-60.268589
-60.306606
-60.511780
-60.113098
-60.434052
-60.386879
-60.351780
-60.347424
-60.512886
-60.524673
-60.241512
-60.356144
-60.295704
-60.272396
-60.326630
-60.285431
-60.528324
-60.292503
-60.280060
-60.191483
-60.246441
-60.340179
-60.287903
-60.280132
-60.280235
-60.240002
-60.305698
-60.348553
-60.416679
-60.220963
-60.353004
-60.193073
-60.331169
-60.250301
-60.447025
-60.283333
-60.285599
-60.334629
-60.172768
-60.048668
-60.282883
-60.207378
-60.280487
-60.006866
-60.054489
-60.112911
-60.414650
-60.228966
-59.992695
-60.041058
-60.263809
-60.395000
-60.064968
-60.174870
-60.294792
-60.169109
-60.176067
-60.089684
-60.234596
-60.322464
-59.959747
-59.875916
-60.225185
-60.208420
-60.079239
-60.045677
-60.340427
-60.208534
-60.040337
-59.918999
-60.125568
-60.253357
-60.013046
-60.156834
-60.163750
-60.238468
-59.833775
-60.094566
-60.100891
-60.226799
-60.120770
-60.086094
-60.465435
-60.141712
-59.968807
-60.039249
-60.200626
-60.290363
-59.843327
-60.009960
-60.291245
-60.174358
-59.999287
-59.837425
-60.204788
-60.001053
-60.003788
-60.159294
-60.158142
-60.001381
-59.783756
-60.054298
-60.157482
-60.144852
-59.790646
-60.066040
-60.098228
-59.921791
-59.829258
-60.046177
-60.202713
-60.034779
-59.922180
-60.061676
-60.220520
-59.937267
-59.948746
-60.015232
-60.291630
-60.020393
-59.835587
-59.801701
-60.281933
-60.262707
-59.985420
-60.010933
-59.927029
-60.126801
-59.659721
-59.787605
-60.015533
-59.819698
-59.798298
-59.897903
-59.783443
-59.751644
-59.759930
-59.821758
-59.705120
-60.070545
-59.820133
-59.668751
-59.686954
-60.004265
-59.767075
-59.652184
-59.821903
-59.891357
-59.795124
-59.607704
-59.692036
-59.765514
-59.706905
-59.674660
-59.682709
-59.712906
-59.855328
-59.909248
-59.660118
-59.860214
-59.896873
-60.034641
-59.670563
-60.102119
-59.920132
-59.674595
-59.778469
-59.810009
-60.000347
-59.681438
-59.885666
-59.993820
-59.907330
-59.834141
-59.836544
-59.997120
-59.913273
-60.006657
-59.862461
-60.001041
-60.142887
-59.999123
-60.059513
-59.891216
-59.898296
-60.062622
-59.815178
-59.903996
-60.001297
-60.204800
-59.950115
-59.851795
-60.009636
-60.069195
-60.194057
-60.109951
-59.971531
-60.196857
-60.122238
-60.194405
-60.211197
-60.194038
-59.902500
-59.920113
-60.284374
-60.157757
-60.168182
-59.955711
-60.063931
-60.228149
-60.066196
-60.228100
-60.042030
-60.147961
-60.036633
-60.145874
-60.178040
-59.956310
-60.132469
-59.982285
-60.019356
-60.028118
-59.905457
-60.052483
-59.667446
-60.065529
-59.905952
-59.918571
-60.012508
-59.897118
-59.974697
-59.781155
-60.028065
-59.760628
-59.863499
-59.851707
-60.013069
-59.946648
-59.747711
-59.837189
-59.758995
-59.884876
-59.822639
-59.874599
-59.830238
-59.906666
-59.890759
-59.790642
-59.845661
-59.838364
-59.703144
-59.972729
-59.835365
-59.800720
-59.887493
-59.962891
-59.839153
-59.756054
-59.849575
-59.921131
-59.969585
-59.869671
-59.829674
-60.010944
-59.982632
-59.780399
-59.900040
-59.825893
-59.975235
-59.853088
-60.018246
-59.848427
-59.879814
-59.961266
-59.793526
-59.890362
-59.661301
-59.897617
-59.939007
-59.837471
-59.869396
-59.901585
-59.762997
-59.586742
-59.848408
-59.996990
-59.702950
-59.702065
-59.922859
-60.016750
-59.665524
-59.572247
-59.832058
-59.935604
-59.927135
-59.551064
-59.818245
-59.878532
-59.952793
-59.642796
-59.712147
-59.865635
-59.777306
-59.735165
-59.899952
-59.900944
-59.670650
-59.719921
-59.875111
-59.658665
-59.778667
-59.805138
-59.908321
-59.806286
-59.701519
-59.896671
-59.901150
-59.619778
-59.863754
-59.894390
-59.886948
-59.902164
-59.900352
-59.824413
-59.839169
-59.877533
-59.801376
-59.923683
-59.834270
-59.883221
-59.991642
-59.877377
-59.808617
-59.748016
-59.739822
-60.024525
-59.943253
-59.798187
-59.805458
-60.072758
-59.840672
-59.726830
-59.928112
-59.785648
-60.001724
-59.687492
-59.935951
-59.967491
-59.925537
-59.786228
-59.799740
-59.936298
-59.662270
-59.826416
-59.683109
-59.758492
-59.867313
-59.664280
-59.734306
-59.600292
-59.531704
-59.452366
-59.636894
-59.592163
-59.366989
-59.719215
-59.533337
-59.492680
-59.359772
-59.515774
-59.519287
-59.415966
-59.399105
-59.528156
-59.685093
-59.316406
-59.334301
-59.663006
-59.433239
-59.427185
-59.380814
-59.571964
-59.500145
-59.337048
-59.422840
-59.548237
-59.401489
-59.446228
-59.261108
-59.492310
-59.305691
-59.464130
-59.338104
-59.511810
-59.360264
-59.318138
-59.461964
-59.377468
-59.447781
-59.333401
-59.439991
-59.520180
-59.422211
-59.476479
-59.505268
-59.583599
-59.483536
-59.421848
-59.501217
-59.566647
-59.527725
-59.577610
-59.596699
-59.758907
-59.521683
-59.627605
-59.707794
-59.634392
-59.680702
-59.654797
-59.720802
-59.677055
-59.758556
-59.754871
-59.570435
-59.869617
-59.618332
-59.811142
-59.556683
-59.802113
-59.699108
-59.811710
-59.809032
-59.658707
-59.699650
-59.747791
-59.795864
-59.765518
-59.753727
-59.912872
-59.855347
-59.838745
-59.977139
-59.897152
-59.853897
-59.857174
-60.090191
-60.108856
-59.942959
-60.103802
-60.199432
-59.987541
-60.042316
-60.089699
-60.196545
-60.102371
-60.187016
-60.130291
-60.127972
-60.254524
-60.068512
-60.367706
-60.169277
-60.149139
-60.342075
-60.310692
-60.273819
-60.117813
-60.420841
-60.310574
-60.299015
-60.382946
-60.362015
-60.383884
-60.252380
-60.359520
-60.469566
-60.365860
-60.570107
-60.418663
-60.435036
-60.517651
-60.477821
-60.342041
-60.460270
-60.699760
-60.387821
-60.565235
-60.571987
-60.601891
-60.579216
-60.569389
-60.537071
-60.560902
-60.630817
-60.666523
-60.610291
-60.768509
-60.513550
-60.584999
-60.584160
-60.757900
-60.603489
-60.521786
-60.830799
-60.724026
-60.589378
-60.569698
-60.813362
-60.710476
-60.636185
-60.571346
-60.839439
-60.763729
-60.679668
-60.635796
-60.777798
-60.618710
-60.681572
-60.609108
-60.884453
-60.772293
-60.596226
-60.733044
-60.908936
-60.700996
-60.713470
-60.776791
-60.827019
-60.770660
-60.789097
-60.930019
-60.818970
-60.809238
-60.647736
-60.888119
-60.928856
-60.856056
-60.833660
-60.844986
-61.102085
-61.072685
-60.972214
-60.954571
-61.080185
-61.139084
-60.993366
-61.267563
-61.135963
-61.111111
-61.313324
-61.071339
-61.228165
-61.119690
-61.324741
-61.112946
-61.288925
-61.216599
-61.310787
-61.354198
-61.182590
-61.349785
-61.367496
-61.372696
-61.397755
-61.404633
-61.393169
-61.521549
-61.327034
-61.414452
-61.599148
-61.587368
-61.435310
-61.603134
-61.512402
-61.629848
-61.488701
-61.536240
-61.607445
-61.658501
-61.599564
-61.673965
-61.737606
-61.617130
-61.543419
-61.723473
-61.508003
-61.615669
-61.750378
-61.652317
-61.670620
-61.698524
-61.650467
-61.658787
-61.607300
-61.524895
-61.768383
-61.785137
-61.443836
-61.612434
-61.644913
-61.657726
-61.549206
-61.530807
-61.591141
-61.565189
-61.644314
-61.542061
-61.570442
-61.626026
-61.419498
-61.741943
-61.454521
-61.651150
-61.446018
-61.571480
-61.513634
-61.516884
-61.570278
-61.385170
-61.417206
-61.318893
-61.464275
-61.459728
-61.275326
-61.263695
-61.336239
-61.364090
-61.241726
-61.211155
-61.323021
-61.203136
-61.174618
-61.136387
-61.132290
-61.051712
-61.110825
-60.934299
-61.048309
-60.890877
-60.942730
-60.966438
-60.952171
-60.709839
-60.676670
-60.888344
-60.833565
-60.830498
-60.670940
-60.708008
-60.624443
-60.728039
-60.852230
-60.737835
-60.573635
-60.627640
-60.758030
-60.737621
-60.573032
-60.650883
-60.749622
-60.555260
-60.611759
-60.648121
-60.615757
-60.524281
-60.612782
-60.772999
-60.606503
-60.593784
-60.540474
-60.535324
-60.704056
-60.618828
-60.635567
-60.444523
-60.717216
-60.673664
-60.708992
-60.631065
-60.614159
-60.701637
-60.605438
-60.817596
-60.699860
-60.650780
-60.798717
-60.725597
-60.944008
-60.675968
-60.913723
-60.754906
-60.856834
-60.877907
-60.984886
-60.947186
-60.887066
-60.875801
-61.018948
-61.091137
-60.990395
-60.887051
-61.042515
-61.150181
-61.163158
-61.184650
-61.058968
-61.079208
-61.014977
-61.109791
-61.160286
-61.166588
-61.038437
-60.973179
-61.082363
-61.058121
-61.042110
-60.978416
-61.067554
-61.090904
-61.109226
-61.004738
-61.164352
-60.922092
-61.155205
-61.022533
-61.155754
-60.997604
-60.946438
-60.992359
-60.906624
-61.074360
-60.954132
-60.883892
-60.882992
-60.934372
-61.105606
-60.907761
-60.982525
-60.741009
-60.951927
-60.878559
-60.928905
-60.926781
-60.844440
-60.950630
-60.741741
-60.959927
-60.774094
-60.820068
-60.862690
-60.869766
-60.924858
-60.877724
-60.948772
-60.844452
-60.950539
-60.923035
-60.957195
-61.050774
-60.936966
-61.193550
-61.082489
-61.189754
-61.048035
-61.207352
-61.303726
-61.278248
-61.506485
-61.419209
-61.549114
-61.433357
-61.471924
-61.676308
-61.628059
-61.755913
-61.512039
-62.000881
-61.745735
-61.736458
-61.703949
-61.886715
-61.961388
-61.819458
-62.000340
-61.748718
-62.045418
-62.012375
-62.020264
-61.931614
-61.986446
-62.025169
-61.913689
-62.193787
-61.991928
-62.079384
-61.993011
-62.026360
-62.047188
-61.961273
-61.983654
-61.977901
-62.039165
-62.111343
-62.024487
-62.121765
-61.996643
-62.292278
-61.971996
-62.118431
-62.078243
-62.328094
-62.221882
-62.188080
-62.258327
-62.201160
-62.318943
-62.259174
-62.244453
-62.410454
-62.497463
-62.525959
-62.239906
-62.471413
-62.515957
-62.618382
-62.456680
-62.419022
-62.640858
-62.500435
-62.410320
-62.460407
-62.628960
-62.460110
-62.376900
-62.486950
-62.580173
-62.716091
-62.499126
-62.566212
-62.651043
-62.668037
-62.639042
-62.640045
-62.889095
-62.679390
-62.677475
-62.595959
-63.001957
-62.815327
-62.683807
-62.678101
-62.764896
-62.824680
-62.663738
-62.730164
-62.821621
-62.714512
-62.773796
-62.753540
-62.971909
-62.666855
-62.801834
-62.873623
-62.956234
-62.845234
-62.831097
-62.994598
-62.975159
-62.978931
-62.815346
-63.066605
-63.005417
-62.987823
-62.981670
-63.115250
-63.042587
-62.847507
-63.033249
-63.078087
-63.165161
-62.987255
-62.885300
-63.223751
-63.142551
-63.089279
-63.112881
-63.421524
-63.261505
-63.176147
-63.279945
-63.526726
-63.412090
-63.343365
-63.469654
-63.509270
-63.324963
-63.500977
-63.376892
-63.662556
-63.448849
-63.508694
-63.430553
-63.594501
-63.563499
-63.507038
-63.440964
-63.613792
-63.596912
-63.526356
-63.481472
-63.666111
-63.634785
-63.568741
-63.523453
-63.625114
-63.587498
-63.460724
-63.657207
-63.638462
-63.661556
-63.541748
-63.611080
-63.690407
-63.669487
-63.644077
-63.674431
-63.725166
-63.732834
-63.722103
-63.713684
-63.763855
-63.781166
-63.629688
-63.787216
-63.861732
-63.890327
-63.705231
-63.974007
-63.992588
-63.842487
-63.823189
-63.815907
-63.913490
-63.883450
-63.885593
-63.785065
-64.000580
-63.803940
-63.702602
-63.932053
-63.917637
-63.982708
-63.892921
-63.976185
-64.010498
-64.259193
-64.304695
-64.164490
-64.178185
-64.340614
-64.435936
-64.637062
-64.493523
-64.497597
-64.492821
-64.577347
-64.472672
-64.517151
-64.470909
-64.604118
-64.410179
-64.326210
-64.426186
-64.377861
-64.279007
-64.223282
-64.343559
-64.295044
-64.264168
-64.308868
-64.340065
-64.292023
-64.327110
-64.286812
-64.250145
-64.178261
-64.302643
-64.200615
-64.291626
-64.074036
-64.096947
-64.130501
-64.132065
-64.167953
-64.065994
-64.079742
-63.907391
-63.860291
-64.046837
-64.360954
-64.330673
-63.891506
-64.008438
-64.015015
-64.135590
-63.950798
-64.151497
-64.062019
-63.899387
-63.758549
-63.832783
-63.870865
-64.009567
-63.706947
-63.713718
-63.736294
-63.877308
-63.642841
-63.495312
-63.537312
-63.695583
-63.712498
-63.613117
-63.535618
-63.560127
-63.592819
-63.609890
-63.670956
-63.601025
-63.602757
-63.617153
-63.637165
-63.718025
-63.677200
-63.474705
-63.647877
-63.703514
-63.780354
-63.642559
-63.482121
-63.616703
-63.598637
-63.630264
-63.520260
-63.634827
-63.469830
-63.603912
-63.643288
-63.742500
-63.722942
-63.646782
-63.649391
-63.651939
-63.848774
-63.809471
-63.787388
-63.792568
-63.842266
-63.964993
-63.826939
-63.949108
-63.844669
-63.915874
-63.840454
-64.035988
-64.042938
-63.995953
-63.832886
-63.881382
-63.849537
-63.934212
-63.858505
-63.715862
-63.870892
-63.906235
-63.845089
-63.624474
-63.751190
-63.675461
-63.678288
-63.684097
-63.723331
-63.698097
-63.558594
-63.510506
-63.720310
-63.633457
-63.576450
-63.562309
-63.513828
-63.617619
-63.621662
-63.588074
-63.627831
-63.596481
-63.604542
-63.667027
-63.870934
-63.800159
-63.793350
-63.721340
-63.906467
-63.995388
-63.779991
-63.833443
-63.903622
-63.903801
-63.902454
-63.770523
-63.858238
-63.732613
-63.846916
-63.757652
-63.739536
-63.714306
-63.767246
-63.674908
-63.629410
-63.656906
-63.668320
-63.734276
-63.568222
-63.445839
-63.729462
-63.436062
-63.450123
-63.439240
-63.405384
-63.415909
-63.373196
-63.424458
-63.319729
-63.301201
-63.327393
-63.393497
-63.258995
-63.317181
-63.399014
-63.408012
-63.284302
-63.377583
-63.470711
-63.333939
-63.269020
-63.396233
-63.511734
-63.445965
-63.178837
-63.424961
-63.473190
-63.336491
-63.347488
-63.397480
-63.418102
-63.368221
-63.402958
-63.299114
-63.386253
-63.370579
-63.308262
-63.248581
-63.344833
-63.433548
-63.185974
-63.338036
-63.210266
-63.258705
-63.200001
-63.291473
-63.070869
-63.109390
-63.156219
-63.009346
-63.086266
-63.075066
-62.916149
-62.917076
-62.915527
-62.802124
-62.798679
-62.947437
-62.855774
-62.590721
-62.551094
-62.707226
-62.805050
-62.670883
-62.462029
-62.500759
-62.616516
-62.470661
-62.417118
-62.554462
-62.493469
-62.385216
-62.548435
-62.525280
-62.457115
-62.334988
-62.452057
-62.497715
-62.494251
-62.401199
-62.201401
-62.436405
-62.481903
-62.377857
-62.186630
-62.292709
-62.422424
-62.439522
-62.477688
-62.344936
-62.395741
-62.301769
-62.231270
-62.476254
-62.382122
-62.359150
-62.214500
-62.183212
-62.389072
-62.297741
-62.105839
-62.148945
-62.214001
-62.173370
-62.248650
-62.312248
-62.165447
-62.022064
-62.138996
-62.329834
-62.241680
-61.972511
-62.115238
-62.213017
-62.222816
-62.064144
-61.941097
-62.062775
-62.082142
-62.002052
-62.091972
-62.049187
-61.962643
-62.052303
-62.175358
-62.090302
-62.002544
-61.923340
-62.157719
-62.103901
-62.076084
-62.015110
-62.026592
-62.038460
-61.906296
-61.998623
-62.046043
-62.055313
-61.801289
-61.902233
-62.044106
-61.910740
-61.739201
-61.718895
-61.905312
-61.870674
-61.683933
-61.736881
-61.843380
-61.759731
-61.625061
-61.588684
-61.676311
-61.669422
-61.618443
-61.577282
-61.613701
-61.502407
-61.477226
-61.359344
-61.534485
-61.430458
-61.381130
-61.354568
-61.414936
-61.382275
-61.379826
-61.278049
-61.266960
-61.200340
-61.336727
-61.366219
-61.400383
-61.264740
-61.223129
-61.251305
-61.330837
-61.266483
-61.200890
-61.133392
-61.321026
-61.371101
-61.087303
-61.080399
-61.037903
-60.967873
-60.985752
-60.983940
-60.851559
-60.746407
-60.785042
-60.694038
-60.636703
-60.540154
-60.484089
-60.469200
-60.588791
-60.457466
-60.535770
-60.478645
-60.503735
-60.583347
-60.573750
-60.565632
-60.683872
-60.590115
-60.513889
-60.527073
-60.532055
-60.322784
-60.346973
-60.518326
-60.342682
-60.213425
-60.144142
-60.131287
-59.975971
-60.047943
-60.000942
-60.004391
-60.016331
-59.821976
-59.875233
-59.793388
-59.827011
-59.756046
-59.742504
-59.966919
-59.913048
-59.962021
-59.934429
-60.047150
-60.155624
-60.176094
-60.235844
-60.298637
-60.602318
-60.683754
-60.860474
-60.866138
-60.950928
-61.119061
-61.353230
-61.277695
-61.446358
-61.635555
-61.717678
-61.780682
-61.780399
-61.712650
-61.799797
-61.844097
-61.770195
-61.786201
-61.924690
-61.898468
-61.818569
-61.904926
-61.823334
-61.668320
-61.780304
-61.733170
-61.795597
-61.490593
-61.526024
-61.319939
-61.239685
-60.995571
-60.988876
-60.726467
-60.591949
-60.409348
-60.282970
-60.033516
-59.708660
-59.595882
-59.549931
-59.368435
-59.238060
-59.247547
-59.086025
-58.848255
-58.737057
-58.641438
-58.570087
-58.422886
-58.380768
-58.449566
-58.395290
-58.095383
-58.141891
-57.862774
-57.690781
-57.612556
-57.546410
-57.452892
-57.180618
-57.000641
-56.633987
-56.397209
-56.189182
-55.875118
-55.683605
-55.558788
-55.469418
-55.269939
-55.099007
-54.688610
-54.506447
-54.252987
-54.071472
-53.886478
-53.584934
-53.366848
-52.997002
-52.769638
-52.282497
-51.975254
-51.569210
-51.335457
-50.973866
-50.784706
-50.464054
-50.159241
-49.877781
-49.401531
-49.239468
-48.888721
-48.626797
-48.256653
-47.967602
-47.653557
-47.208672
-46.882008
-46.617096
-46.278793
-45.781849
-45.421089
-45.239918
-44.895561
-44.603851
-44.124405
-43.957397
-43.563892
-43.229290
-42.879936
-42.528809
-41.957764
-41.425156
-41.041428
-40.641178
-40.278343
-40.033897
-39.654198
-39.187733
-38.929028
-38.600368
-38.058311
-37.879326
-37.811153
-37.608986
-37.176517
-36.805790
-36.431252
-35.978680
-35.699955
-35.286686
-34.797424
-34.260590
-33.724842
-33.259716
-33.064709
-32.487614
-32.031193
-31.620564
-31.546104
-31.393360
-31.161596
-30.829834
-30.506933
-30.152126
-30.149008
-29.982937
-29.472368
-29.028543
-28.794079
-28.427193
-28.107868
-27.849247
-27.424156
-26.948029
-26.507122
-26.167360
-25.937849
-25.908642
-25.375284
-25.024763
-24.869255
-24.669563
-24.451166
-24.086681
-23.628304
-23.200697
-22.988659
-22.645012
-22.345766
-22.027710
-21.633038
-21.263454
-21.166567
-20.953302
-20.675261
-20.413694
-20.327442
-20.163624
-19.854061
-19.633059
-19.292793
-19.066612
-18.805191
-18.496084
-18.076775
-17.822294
-17.393108
-17.060726
-16.827160
-16.610052
-16.342939
-16.080360
-15.723615
-15.602607
-15.467209
-15.200139
-14.964914
-14.746138
-14.509631
-14.274111
-14.030377
-13.677711
-13.487357
-13.120655
-12.868602
-12.703019
-12.526102
-12.306745
-11.959023
-11.852322
-11.768935
-11.663112
-11.329106
-11.236335
-11.089794
-10.991496
-10.635123
-10.578083
-10.548452
-10.357663
-10.011254
-9.899781
-9.917674
-9.818895
-9.581090
-9.473488
-9.427922
-9.251847
-9.207719
-9.100471
-8.998363
-8.866876
-8.712350
-8.624033
-8.546282
-8.381201
-8.241286
-8.066708
-7.941737
-7.880751
-7.816206
-7.568460
-7.435236
-7.342849
-7.223390
-7.119106
-7.019890
-6.892569
-6.774337
-6.689380
-6.610266
-6.522679
-6.455608
-6.325412
-6.240973
-6.069958
-6.018035
-5.872618
-5.896116
-5.622178
-5.577101
-5.406775
-5.281454
-5.071558
-5.076185
-4.956761
-4.791368
-4.717956
-4.696334
-4.687326
-4.514429
-4.529684
-4.322818
-4.466386
-4.335164
-4.445923
-4.288959
-4.313325
-4.200586
-4.268988
-4.148328
-4.118060
-4.069863
-3.946072
-3.973466
-3.831267
-3.885478
-3.786770
-3.726616
-3.603759
-3.638626
-3.718648
-3.631898
-3.724313
-3.547935
-3.559370
-3.634101
-3.579972
-3.482919
-3.423111
-3.446299
-3.316307
-3.328314
-3.148845
-3.079723
-2.981792
-3.002594
-2.936790
-2.825287
-2.800504
-2.809145
-2.708626
-2.612382
-2.682468
-2.613181
-2.572838
-2.543973
-2.536660
-2.525172
-2.415980
-2.361672
-2.278662
-2.349837
-2.323637
-2.122103
-1.981915
-2.070088
-2.044686
-1.913502
-1.811639
-1.955832
-1.822700
-1.671283
-1.617563
-1.801840
-1.666224
-1.584690
-1.616212
-1.658115
-1.546530
-1.523617
-1.553388
-1.500238
-1.380675
-1.480576
-1.486730
-1.446255
-1.409101
-1.268765
-1.461927
-1.428703
-1.309658
-1.365413
-1.390826
-1.264471
-1.346991
-1.313731
-1.131387
-1.134684
-1.253397
-1.090680
-1.095135
-1.107802
-1.050470
-1.019396
-0.992742
-1.071049
-1.037827
-0.913205
-1.084951
-1.090236
-0.993555
-0.879447
-0.946559
-1.033244
-0.902779
-0.919200
-0.835514
-0.884786
-0.704235
-0.770347
-0.741993
-0.726890
-0.609613
-0.638564
-0.558844
-0.451980
-0.508831
-0.351203
-0.447649
-0.336095
-0.325822
-0.154687
-0.305153
-0.186646
-0.094343
-0.121996
-0.048371
-0.020790
0.063518
0.001075
0.101386
0.016277
0.159603
0.131923
0.254053
0.369848
0.203270
0.309279
0.360473
0.468628
0.222892
0.496988
0.450321
0.500544
0.455588
0.448002
0.426933
0.509772
0.412804
0.494511
0.498603
0.623926
0.555263
0.564229
0.592663
0.587090
0.473882
0.539089
0.733756
0.719428
0.695151
0.564826
0.683205
0.679552
0.614169
0.688404
0.753529
0.720986
0.752125
0.845204
0.705407
0.863263
0.769377
0.811908
0.821380
0.891139
0.896717
0.928342
0.694216
0.753272
0.971368
0.841405
0.707453
0.895365
0.805554
0.843300
0.836205
0.806001
0.772177
0.732530
0.797790
0.924023
0.898898
0.772816
0.898968
0.923198
0.968791
0.941034
0.947070
0.856259
1.129566
1.011100
1.105688
1.041855
0.918354
0.972726
1.136131
1.184675
1.079748
1.158062
0.989954
1.151456
1.194903
1.206810
1.145612
1.090577
1.003259
1.365100
1.285487
1.136871
1.178356
1.217297
1.252223
1.267472
1.309214
1.306003
1.247618
1.055145
1.339311
1.324606
1.238436
1.217257
1.220532
1.170646
1.272245
1.122051
1.258267
1.190361
1.232505
1.246316
1.323544
1.102992
1.123551
1.144745
1.146929
1.192949
0.995210
1.050468
1.108461
1.013082
0.939865
0.999381
1.015919
0.941359
1.076847
0.963393
1.143918
0.999569
1.066938
1.087197
0.991011
1.104832
1.074337
1.024430
1.046207
1.070165
0.910389
1.150716
0.937329
0.949456
0.869057
0.978833
0.902430
0.993204
0.778096
0.884808
0.837586
0.602095
0.794072
0.839250
0.739386
0.666962
0.690438
0.702335
0.778394
0.698390
0.709663
0.752051
0.767497
0.746446
0.867251
0.748999
0.732586
0.693379
0.718555
0.768670
0.746877
0.661308
0.684987
0.799602
0.600867
0.618995
0.680551
0.734573
0.647879
0.699433
0.715407
0.726169
0.664079
0.638400
0.634761
0.538842
0.555347
0.641397
0.464101
0.505879
0.443717
0.384267
0.330474
0.432233
0.314750
0.378419
0.303956
0.300886
0.352831
0.305327
0.154368
0.206290
0.203916
0.203413
0.293770
0.174033
0.201586
0.145410
0.210588
0.193855
0.221634
0.240116
0.335674
0.278730
0.234173
0.356063
0.192896
0.227738
0.206946
0.266198
0.145186
0.113197
0.051440
0.003329
0.021667
-0.147343
-0.121768
-0.145370
-0.217896
-0.091702
-0.004704
-0.026944
-0.117072
0.081974
0.120876
0.352341
0.359156
0.355032
0.500591
0.521533
0.605077
0.606287
0.550308
0.442116
0.448123
0.400283
0.274763
0.266559
0.172199
0.172440
0.000921
0.053306
0.034931
0.007178
-0.092630
-0.051645
0.118822
0.204528
0.234773
0.120851
-0.023490
0.049624
0.204825
-0.003153
0.065230
0.222475
0.009467
-0.053378
0.038189
0.111762
-0.111224
-0.068289
0.095748
0.385316
0.196015
0.111020
0.206614
0.067549
0.172351
0.313219
0.374466
0.195022
0.172836
0.140420
0.042839
0.019609
-0.168888
-0.078526
0.009327
0.130003
0.081838
0.095645
0.109161
-0.057404
0.056610
0.009242
0.077953
0.045830
0.047319
0.021386
-0.005627
-0.152360
-0.234757
-0.341416
-0.352304
-0.266940
-0.291914
-0.267121
-0.312931
-0.361437
-0.408994
-0.326418
-0.336100
-0.291787
-0.392458
-0.398619
-0.461299
-0.434036
-0.498765
-0.518879
-0.604806
-0.634767
-0.612527
-0.563344
-0.630312
-0.674342
-0.683236
-0.669912
-0.534808
-0.695284
-0.652078
-0.653302
-0.789363
-0.750721
-0.665778
-0.746527
-0.854189
-0.764653
-0.785691
-0.742794
-0.880379
-0.874838
-0.879501
-0.772312
-0.759771
-0.745017
-0.815628
-0.722731
-0.597291
-0.716687
-0.784025
-0.737693
-0.651327
-0.685890
-0.680744
-0.515102
-0.667142
-0.727548
-0.623086
-0.525886
-0.563787
-0.544694
-0.605462
-0.563429
-0.525497
-0.473864
-0.499219
-0.468258
-0.559276
-0.512569
-0.487713
-0.416133
-0.540861
-0.480886
-0.461161
-0.414735
-0.445903
-0.449438
-0.344650
-0.341804
-0.280041
-0.313382
-0.327783
-0.302423
-0.302792
-0.128424
-0.195461
-0.094321
-0.341987
-0.130652
-0.181472
-0.112463
-0.198524
-0.075585
-0.070467
-0.085788
-0.009141
-0.040823
-0.003298
-0.104147
0.027291
0.131116
0.019422
-0.020470
0.135131
0.023410
-0.033177
0.141930
0.031615
0.126035
0.047665
0.129664
0.133454
0.150737
0.150682
0.151036
0.176592
0.232539
0.303968
0.240823
0.230713
0.260205
0.203986
0.221152
0.248017
0.290091
0.242019
0.327075
0.317898
0.255874
0.229009
0.321022
0.374097
0.347051
0.374927
0.355364
0.383780
0.462181
0.442942
0.405246
0.402013
0.407126
0.423397
0.431889
0.392953
0.366826
0.347333
0.372730
0.289733
0.258368
0.288336
0.247160
0.238394
0.213472
0.250664
0.137662
0.075774
0.147919
0.174073
0.196716
0.065810
0.154309
0.092371
0.221405
0.112804
0.190277
0.082077
0.102082
0.181472
0.135017
0.101394
-0.040804
-0.015432
0.131742
-0.034466
-0.047080
0.029628
0.006433
-0.176272
-0.068632
0.035564
-0.114834
-0.117972
-0.042752
-0.037604
-0.032148
-0.044727
-0.005644
-0.125574
-0.116893
-0.036440
-0.049134
-0.059059
-0.054933
-0.087540
-0.128745
-0.094406
-0.133518
-0.124817
-0.043439
-0.043005
-0.066076
-0.101666
-0.074592
-0.152975
-0.147706
-0.107582
-0.063928
-0.209306
-0.177826
-0.138163
-0.188283
-0.269359
-0.308236
-0.225103
-0.224857
-0.367152
-0.246931
-0.261295
-0.274123
-0.261552
-0.265673
-0.338294
-0.326145
-0.354684
-0.354172
-0.342436
-0.380930
-0.329712
-0.333979
-0.448619
-0.327554
-0.329784
-0.369711
-0.270365
-0.342388
-0.357524
-0.300748
-0.207767
-0.248052
-0.223651
-0.306462
-0.282687
-0.189398
-0.276563
-0.195953
-0.169673
-0.213001
-0.192053
-0.170278
-0.215963
-0.138443
-0.167319
-0.148150
-0.074369
-0.140213
-0.109628
-0.093603
-0.113356
-0.096378
-0.027444
-0.073609
-0.046213
-0.007353
-0.024075
-0.039100
0.012670
-0.018405
0.014423
0.069231
-0.006671
0.052763
0.103838
0.084474
0.084479
0.066088
0.248111
0.123253
0.212561
0.135168
0.264680
0.212900
0.204565
0.198030
0.307427
0.265907
0.261248
0.242825
0.350421
0.287772
0.256781
0.256386
0.407829
0.307300
0.292518
0.397257
0.433945
0.397322
0.257606
0.395982
0.480530
0.430572
0.339150
0.437870
0.445830
0.366460
0.508079
0.376308
0.416285
0.400529
0.462015
0.423719
0.515858
0.412903
0.392032
0.523977
0.487096
0.407246
0.403909
0.465708
0.443054
0.454150
0.492544
0.370660
0.404556
0.351490
0.450029
0.461055
0.353146
0.455227
0.399021
0.470516
0.366645
0.437220
0.350477
0.511956
0.325785
0.425595
0.375058
0.381703
0.279816
0.427075
0.342066
0.318190
0.328014
0.300117
0.314082
0.375393
0.293279
0.331526
0.288278
0.290694
0.286630
0.284481
0.283798
0.293065
0.234600
0.191653
0.307861
0.265592
0.129417
0.222203
0.154946
0.207945
0.173091
0.201895
0.237147
0.158566
0.146907
0.151328
0.137259
0.134644
0.073153
0.116829
0.054255
0.100396
0.042029
0.072596
0.007521
-0.002665
0.029499
0.057034
0.005418
-0.050609
0.046944
-0.035084
0.016451
-0.128865
0.038165
-0.045956
-0.100702
-0.105486
-0.066872
-0.129083
-0.117545
-0.172563
-0.156249
-0.123706
-0.179185
-0.201761
-0.152230
-0.276659
-0.278943
-0.249078
-0.271035
-0.227696
-0.353797
-0.285115
-0.335255
-0.381512
-0.435211
-0.296259
-0.429344
-0.397581
-0.432700
-0.361565
-0.417015
-0.484411
-0.474407
-0.430282
-0.476267
-0.504135
-0.445042
-0.411151
-0.482905
-0.498835
-0.442893
-0.485005
-0.481587
-0.469913
-0.370150
-0.449040
-0.518469
-0.460238
-0.427716
-0.396430
-0.484743
-0.436154
-0.428134
-0.410927
-0.411098
-0.498926
-0.402683
-0.462306
-0.397071
-0.388530
-0.368183
-0.471804
-0.413803
-0.322088
-0.410337
-0.411690
-0.404294
-0.360564
-0.412844
-0.416174
-0.351303
-0.413706
-0.454467
-0.546105
-0.412523
-0.416589
-0.456148
-0.472659
-0.415176
-0.506913
-0.484482
-0.441174
-0.470340
-0.347087
-0.477789
-0.394618
-0.467368
-0.435268
-0.376573
-0.412131
-0.374093
-0.370914
-0.385883
-0.361548
-0.355212
-0.322496
-0.389040
-0.348167
-0.412307
-0.375845
-0.344625
-0.270588
-0.242816
-0.221013
-0.383530
-0.365258
-0.276841
-0.279653
-0.326888
-0.296228
-0.248412
-0.251438
-0.295780
-0.283597
-0.314813
-0.400238
-0.321617
-0.205043
-0.189740
-0.261179
-0.282553
-0.268642
-0.216251
-0.268039
-0.224119
-0.261837
-0.354864
-0.364194
-0.373022
-0.248341
-0.366681
-0.420361
-0.471314
-0.423001
-0.355989
-0.339648
-0.375879
-0.361053
-0.304650
-0.380960
-0.300924
-0.339534
-0.471946
-0.458134
-0.404211
-0.210898
-0.285542
-0.417871
-0.615734
-0.525937
-0.422948
-0.389737
-0.465615
-0.533966
-0.590415
-0.539045
-0.540380
-0.503430
-0.521206
-0.530227
-0.541130
-0.580143
-0.590631
-0.617019
-0.544637
-0.662745
-0.579834
-0.615574
-0.580445
-0.579162
-0.493900
-0.498364
-0.594718
-0.689785
-0.644064
-0.565700
-0.530760
-0.630639
-0.673850
-0.808045
-0.836426
-0.811891
-0.792613
-0.903136
-0.900685
-0.889224
-0.824511
-0.734818
-0.645282
-0.660048
-0.707024
-0.725992
-0.660222
-0.571164
-0.641515
-0.685260
-0.574672
-0.715478
-0.745554
-0.883585
-0.668949
-0.752657
-0.717758
-0.605629
-0.412924
-0.422572
-0.380411
-0.383862
-0.417832
-0.347311
-0.356150
-0.352309
-0.406933
-0.371795
-0.481582
-0.409723
-0.449086
-0.570909
-0.652779
-0.514913
-0.477296
-0.409781
-0.410513
-0.441924
-0.423425
-0.384257
-0.377278
-0.310474
-0.296995
-0.429759
-0.419579
-0.377907
-0.446331
-0.429479
-0.486080
-0.480446
-0.526535
-0.502379
-0.477613
-0.453169
-0.462388
-0.471545
-0.315924
-0.356711
-0.419034
-0.379296
-0.419052
-0.475104
-0.458298
-0.605211
-0.691657
-0.638288
-0.717727
-0.776638
-0.717967
-0.789279
-0.822656
-0.784508
-0.758935
-0.641830
-0.668658
-0.765316
-0.685585
-0.618569
-0.623055
-0.690044
-0.664219
-0.703437
-0.625299
-0.553895
-0.615257
-0.546297
-0.535917
-0.507731
-0.508960
-0.393623
-0.534253
-0.498354
-0.604418
-0.554698
-0.477000
-0.511275
-0.679336
-0.833567
-0.952272
-0.903845
-0.837865
-0.877736
-1.052693
-1.155263
-0.988998
-0.928779
-0.847352
-0.882112
-0.853257
-0.864707
-0.674833
-0.534664
-0.473155
-0.553072
-0.653568
-0.635674
-0.515176
-0.410693
-0.461232
-0.577720
-0.673475
-0.522415
-0.501871
-0.404893
-0.405901
-0.342967
-0.286210
-0.189283
-0.192876
-0.189581
-0.254768
-0.225436
-0.166419
-0.090277
-0.128068
-0.107990
-0.240831
-0.258388
-0.287367
-0.191677
-0.225615
-0.147712
-0.276109
-0.247140
-0.168827
-0.312684
-0.483745
-0.495372
-0.474985
-0.438578
-0.543985
-0.591579
-0.718694
-0.796091
-0.780819
-0.799509
-0.769769
-0.724063
-0.690216
-0.704495
-0.585221
-0.574447
-0.702661
-0.639854
-0.476348
-0.419130
-0.499843
-0.640726
-0.620889
-0.665317
-0.715614
-0.776573
-0.643579
-0.657338
-0.735824
-0.650847
-0.561071
-0.541384
-0.600184
-0.555738
-0.599596
-0.527054
-0.579370
-0.615645
-0.787094
-0.859731
-0.804292
-0.913552
-0.972191
-1.004847
-1.006886
-0.982077
-0.894269
-0.791243
-0.761156
-0.638826
-0.655588
-0.689638
-0.677470
-0.689451
-0.643580
-0.689125
-0.609118
-0.649366
-0.752176
-0.794648
-0.746779
-0.625241
-0.654465
-0.584516
-0.341863
-0.222138
-0.160226
-0.147620
-0.057942
-0.002104
-0.040392
-0.096273
0.138464
0.130323
0.125427
0.047075
-0.123850
-0.036277
-0.033268
0.021110
0.051659
-0.009869
-0.088590
0.023975
0.203823
0.139745
0.164804
0.123190
0.083785
0.067123
-0.066792
-0.127465
-0.212784
-0.274933
-0.371147
-0.442854
-0.475673
-0.550610
-0.611635
-0.509150
-0.418730
-0.385043
-0.363211
-0.314731
-0.298786
-0.193506
-0.215742
-0.191540
-0.319636
-0.415255
-0.530120
-0.509512
-0.501731
-0.472804
-0.657520
-0.748626
-0.682972
-0.609840
-0.503700
-0.479211
-0.510303
-0.506893
-0.470259
-0.243579
-0.213804
-0.316741
-0.443559
-0.488173
-0.444758
-0.452027
-0.444463
-0.483750
-0.463343
-0.494526
-0.439917
-0.348026
-0.369648
-0.401525
-0.291075
-0.108217
-0.118612
-0.199886
-0.087040
-0.224166
-0.210759
-0.207760
-0.301823
-0.309570
-0.362990
-0.304609
-0.247984
-0.280279
-0.361036
-0.296682
-0.284609
-0.117905
0.007600
-0.024899
-0.146187
-0.031865
-0.075453
-0.080428
-0.064651
-0.057133
-0.197884
-0.136197
-0.169967
-0.256095
-0.273229
-0.394332
-0.284990
-0.213251
0.007328
-0.156895
-0.159291
-0.301483
-0.166820
-0.035958
-0.056330
-0.071283
-0.081323
-0.068024
0.138235
0.203949
0.158558
0.316225
0.288593
0.339218
0.471706
0.543568
0.521381
0.525148
0.617278
0.640676
0.541351
0.529411
0.482455
0.546779
0.538056
0.567344
0.428774
0.260677
0.197852
0.201164
0.270671
0.160681
0.121513
0.161607
0.253911
0.335348
0.172281
0.154465
-0.007063
0.022712
-0.069575
0.000825
-0.125575
-0.251036
-0.399245
-0.542487
-0.525424
-0.489886
-0.677791
-0.609910
-0.445523
-0.399220
-0.216517
-0.268954
-0.284041
-0.192784
0.078370
0.072722
0.045061
-0.165798
-0.126231
-0.075541
-0.087101
-0.232125
-0.381947
-0.453561
-0.374386
-0.372422
-0.331750
-0.401178
-0.252107
-0.163458
-0.022456
-0.061048
-0.059544
-0.034783
0.041400
0.130064
0.303296
0.425581
0.270555
0.196143
0.264678
0.423678
0.350584
0.237990
0.276505
0.327276
0.457782
0.429511
0.349875
0.157620
0.084994
0.137031
0.275983
0.275080
0.093156
-0.021579
0.045750
0.001726
-0.096026
-0.112724
-0.010806
-0.001178
-0.085947
-0.003256
0.057913
-0.040475
-0.205443
-0.209546
-0.229779
-0.090842
-0.276203
-0.330361
-0.180019
-0.229815
-0.239597
-0.249469
-0.211618
-0.252215
0.068527
0.016998
0.042394
-0.082441
-0.212557
-0.203343
-0.157860
-0.220107
-0.252043
-0.165958
-0.147589
-0.274919
-0.236598
-0.345505
-0.245063
-0.230798
-0.251893
-0.395472
-0.207529
-0.233510
-0.283273
-0.392965
-0.536489
-0.504127
-0.631417
-0.707788
-0.727108
-0.663087
-0.720038
-0.791444
-0.879221
-0.940374
-0.753584
-0.821366
-0.696552
-0.744588
-0.685089
-0.828894
-0.741727
-0.793984
-0.758842
-0.845946
-0.896539
-0.800797
-0.688864
-0.790836
-0.889975
-0.847617
-0.832481
-0.863333
-0.772808
-0.649292
-0.666992
-0.704556
-0.786024
-0.655317
-0.594044
-0.746295
-0.751781
-0.702197
-0.721685
-0.771526
-0.761085
-0.734227
-0.721862
-0.820073
-0.799589
-0.694776
-0.694257
-0.746093
-0.689448
-0.632595
-0.641165
-0.677869
-0.702637
-0.671027
-0.612887
-0.621153
-0.613521
-0.569774
-0.594011
-0.559527
-0.569294
-0.496876
-0.487961
-0.505374
-0.500634
-0.425679
-0.346023
-0.320551
-0.423276
-0.353228
-0.372481
-0.472014
-0.350068
-0.320972
-0.345042
-0.439310
-0.337267
-0.326082
-0.186227
-0.277091
-0.328006
-0.257121
-0.271790
-0.231975
-0.177433
-0.235578
-0.241913
-0.220531
-0.264839
-0.220148
-0.089281
-0.202826
-0.199649
-0.136541
-0.098473
-0.101777
-0.092551
-0.101507
-0.028190
-0.056139
0.071248
0.019397
-0.091311
-0.115553
-0.034395
0.011491
0.007672
0.005380
-0.025430
-0.039886
0.078336
0.065707
0.061596
0.030237
0.098530
0.144813
0.157021
0.134125
0.177685
0.072064
0.052827
0.121782
0.148673
0.201629
0.178166
0.208271
0.127374
0.166620
0.219146
0.284552
0.245119
0.256647
0.238576
0.319964
0.204278
0.239862
0.220356
0.273847
0.235413
0.290554
0.172018
0.188208
0.211802
0.233765
0.217031
0.310501
0.229391
0.245353
0.204922
0.321515
0.378909
0.299186
0.270664
0.343543
0.294474
0.232866
0.244234
0.308637
0.236945
0.225233
0.189371
0.234280
0.297493
0.232528
0.202983
0.178786
0.227326
0.225736
0.211287
0.260767
0.188750
0.223508
0.207526
0.162400
0.253807
0.231618
0.224521
0.240709
0.179585
0.204871
0.276176
0.238274
0.266537
0.249050
0.244886
0.306910
0.366614
0.187067
0.233028
0.348789
0.319447
0.229859
0.285382
0.335423
0.301113
0.230997
0.319192
0.318209
0.223554
0.230101
0.331720
0.394233
0.193262
0.219373
0.228220
0.289047
0.172052
0.160040
0.213872
0.276919
0.211671
0.156702
0.197581
0.188001
0.127858
0.197754
0.224431
0.239042
0.099735
0.111194
0.221010
0.160716
0.055020
0.083882
0.205078
0.106575
0.121972
0.126085
0.204975
0.165748
0.078776
0.127007
0.147253
0.119871
0.125393
0.177213
0.197616
0.076270
0.136569
0.166298
0.139668
0.135513
0.061225
0.117138
0.116342
0.133534
0.062890
0.138747
0.020651
0.115748
0.114480
0.065165
0.026303
0.051860
0.075702
0.012659
0.051981
0.095820
0.024196
0.004729
0.053674
0.028440
0.108103
-0.014053
0.107653
0.028631
0.040372
-0.062406
0.086039
0.035118
-0.024474
-0.051021
0.013145
-0.012017
-0.086851
-0.129502
-0.124173
-0.016611
-0.105147
-0.153694
-0.089753
-0.130324
-0.112129
-0.157247
-0.147252
-0.183346
-0.117196
-0.267725
-0.141815
-0.111094
-0.177680
-0.270058
-0.219216
-0.246211
-0.250945
-0.271168
-0.175961
-0.233671
-0.220922
-0.289167
-0.285251
-0.239400
-0.269156
-0.264992
-0.259355
-0.291997
-0.223306
-0.315678
-0.295566
-0.225688
-0.305310
-0.400106
-0.328331
-0.264615
-0.326753
-0.419874
-0.390391
-0.337407
-0.357527
-0.415423
-0.378525
-0.266013
-0.438142
-0.367463
-0.322738
-0.375378
-0.473605
-0.396201
-0.315438
-0.407197
-0.371450
-0.419303
-0.401493
-0.487403
-0.376056
-0.364997
-0.437173
-0.484080
-0.423808
-0.324684
-0.384765
-0.396293
-0.436374
-0.424460
-0.366934
-0.433250
-0.374010
-0.383497
-0.406558
-0.445079
-0.388686
-0.416158
-0.407250
-0.444685
-0.403218
-0.471098
-0.377989
-0.451234
-0.479334
-0.473935
-0.437789
-0.525114
-0.459267
-0.481115
-0.510800
-0.562915
-0.566413
-0.504806
-0.549689
-0.546285
-0.634054
-0.530132
-0.557882
-0.518867
-0.567363
-0.566157
-0.420651
-0.475854
-0.490420
-0.544225
-0.434829
-0.496252
-0.473927
-0.516720
-0.441359
-0.491585
-0.453808
-0.479901
-0.469725
-0.437960
-0.521028
-0.427698
-0.544494
-0.391898
-0.380474
-0.320333
-0.475396
-0.470661
-0.376701
-0.337792
-0.426736
-0.456815
-0.373483
-0.384491
-0.339843
-0.407015
-0.417509
-0.429920
-0.530953
-0.336547
-0.353765
-0.360447
-0.464281
-0.368890
-0.470517
-0.335061
-0.338870
-0.394520
-0.458956
-0.461922
-0.388731
-0.353415
-0.461611
-0.442788
-0.394195
-0.419754
-0.528314
-0.332119
-0.398162
-0.420589
-0.457913
-0.456323
-0.392996
-0.406916
-0.479834
-0.385223
-0.284500
-0.388829
-0.445283
-0.454136
-0.312708
-0.433174
-0.370841
-0.337920
-0.326285
-0.366566
-0.420900
-0.394525
-0.399053
-0.414119
-0.411133
-0.393720
-0.401070
-0.296612
-0.458778
-0.451205
-0.292313
-0.262861
-0.440164
-0.316501
-0.150281
-0.254860
-0.201862
-0.185118
-0.115958
-0.273360
-0.288889
-0.178923
-0.016547
-0.061333
-0.160777
-0.152050
-0.098353
-0.168770
-0.044651
0.055096
-0.027862
-0.087474
0.055100
0.120162
0.267332
0.120201
0.092940
0.191166
0.356312
0.384768
0.211241
0.341326
0.324566
0.412652
0.357239
0.449609
0.350777
0.358702
0.361017
0.459721
0.439520
0.515293
0.329711
0.353294
0.489292
0.521216
0.451516
0.428340
0.354692
0.392859
0.371594
0.224288
0.300314
0.166445
0.175185
-0.006490
-0.016583
-0.072583
-0.093593
-0.115385
-0.250620
-0.286421
-0.306874
-0.201829
-0.447534
-0.318983
-0.402737
-0.341352
-0.519432
-0.491216
-0.530822
-0.510132
-0.506282
-0.538741
-0.640861
-0.631744
-0.773239
-0.592066
-0.677681
-0.582795
-0.774076
-0.708301
-0.803056
-0.677393
-0.768392
-0.856205
-0.876551
-0.840623
-0.801111
-0.961549
-0.887405
-0.977830
-1.085957
-1.138070
-1.044222
-0.932501
-0.966428
-1.083300
-1.080154
-0.877057
-0.917728
-0.982676
-0.997850
-0.833171
-0.839074
-0.920267
-0.925863
-0.815577
-0.908458
-0.937224
-0.941154
-0.905497
-1.007333
-1.007385
-0.949592
-0.891497
-0.903231
-0.928246
-0.961947
-0.933069
-0.790279
-0.841116
-0.812196
-0.923596
-0.803955
-0.902333
-0.862340
-0.953715
-0.889581
-0.948232
-0.871396
-0.767267
-0.797897
-0.807141
-0.725136
-0.701187
-0.490797
-0.496121
-0.486453
-0.430697
-0.196013
-0.326630
-0.375408
-0.276079
-0.187091
-0.220165
-0.344538
-0.394960
-0.450580
-0.517742
-0.615622
-0.489245
-0.558125
-0.637406
-0.669981
-0.635203
-0.593937
-0.650161
-0.539670
-0.588997
-0.489553
-0.693664
-0.524355
-0.582073
-0.761158
-0.798585
-0.749574
-0.769289
-0.811844
-0.894424
-1.022228
-0.875998
-0.887282
-0.982682
-0.983722
-0.898117
-0.962792
-1.048231
-1.101010
-1.012303
-1.112149
-1.161259
-1.291683
-1.262256
-1.247936
-1.393983
-1.454323
-1.382613
-1.461974
-1.478060
-1.448721
-1.420892
-1.420367
-1.492732
-1.514896
-1.405972
-1.498603
-1.494868
-1.476425
-1.458934
-1.490644
-1.481274
-1.595308
-1.654979
-1.675330
-1.648245
-1.605711
-1.661803
-1.746829
-1.779911
-1.795915
-1.787831
-1.912455
-1.936988
-1.962276
-1.933185
-2.061035
-2.100021
-2.168295
-2.173864
-2.335512
-2.359476
-2.329443
-2.384499
-2.414992
-2.467221
-2.510890
-2.542854
-2.568470
-2.569823
-2.634211
-2.631757
-2.747461
-2.662920
-2.760406
-2.854250
-2.849070
-2.874639
-2.921284
-2.932703
-3.008585
-3.101782
-3.082137
-3.161340
-3.169263
-3.219074
-3.295024
-3.304265
-3.261234
-3.284408
-3.499697
-3.454324
-3.484362
-3.471256
-3.529590
-3.580889
-3.580170
-3.655268
-3.544974
-3.678638
-3.680385
-3.770327
-3.836605
-3.759082
-3.924243
-3.840406
-3.918831
-4.126438
-4.252698
-4.135454
-4.291129
-4.454776
-4.416183
-4.541351
-4.669503
-4.729785
-4.815865
-4.851424
-4.970466
-5.053989
-5.073640
-5.085926
-5.183156
-5.327281
-5.368500
-5.548585
-5.537462
-5.557908
-5.704431
-5.863587
-5.915251
-5.991071
-6.017397
-6.140877
-6.212719
-6.376394
-6.441198
-6.575236
-6.488675
-6.756420
-6.806077
-6.961056
-7.023589
-7.187619
-7.193496
-7.394565
-7.514773
-7.515108
-7.638481
-7.748734
-7.875461
-7.835811
-8.000639
-8.030365
-8.128731
-8.174805
-8.237472
-8.354095
-8.454999
-8.406818
-8.460421
-8.717928
-8.678009
-8.783123
-8.762160
-8.928398
-9.035814
-9.184645
-9.099992
-9.291684
-9.433839
-9.540921
-9.638546
-9.777469
-9.905327
-10.062970
-10.134533
-10.241241
-10.361457
-10.471304
-10.650888
-10.667075
-10.754631
-10.882482
-10.891780
-11.117840
-11.120641
-11.191236
-11.269526
-11.353025
-11.476388
-11.592615
-11.776310
-11.760403
-11.964139
-12.075560
-12.156311
-12.351448
-12.384109
-12.484527
-12.626379
-12.794118
-12.831547
-12.956352
-13.117584
-13.135460
-13.189842
-13.428993
-13.465899
-13.570543
-13.733624
-13.919766
-14.116929
-14.182831
-14.315683
-14.481871
-14.708006
-14.818693
-14.894979
-15.115512
-15.296451
-15.418798
-15.485734
-15.766214
-15.809554
-15.879198
-16.009333
-16.272110
-16.509827
-16.645031
-16.703096
-16.834450
-17.135303
-17.268244
-17.561155
-17.685352
-17.914505
-17.942873
-18.257126
-18.512026
-18.652744
-18.754002
-18.915695
-19.209385
-19.449183
-19.654343
-19.837301
-19.990778
-20.252878
-20.426937
-20.672237
-20.912695
-21.063046
-21.303408
-21.504646
-21.865278
-22.005163
-22.176205
-22.271441
-22.524597
-22.778770
-23.050755
-23.165518
-23.344576
-23.602856
-23.801527
-24.075840
-24.230583
-24.388676
-24.575209
-24.836296
-25.084099
-25.201860
-25.436193
-25.626789
-25.737726
-25.881027
-26.178207
-26.440706
-26.455921
-26.567093
-26.857817
-27.158825
-27.210243
-27.330858
-27.492062
-27.815634
-27.954517
-28.168207
-28.341328
-28.596733
-28.808498
-28.907709
-29.114386
-29.364330
-29.555286
-29.674665
-29.914663
-30.079351
-30.407167
-30.453453
-30.585989
-30.872164
-31.048641
-31.253929
-31.360607
-31.578300
-31.778101
-31.964266
-32.048695
-32.296284
-32.403744
-32.573708
-32.723171
-32.979557
-33.157055
-33.333904
-33.452896
-33.718006
-33.972183
-34.182373
-34.301048
-34.549061
-34.847298
-34.924889
-35.037979
-35.254383
-35.551048
-35.712620
-35.856331
-36.014797
-36.258831
-36.487083
-36.487221
-36.774506
-36.941616
-37.196724
-37.311783
-37.571907
-37.809364
-38.057697
-38.181862
-38.393505
-38.606346
-38.746338
-39.029835
-39.210274
-39.373344
-39.569790
-39.818005
-39.989902
-40.143162
-40.446285
-40.441887
-40.711006
-41.052223
-41.299332
-41.395924
-41.607609
-41.853546
-42.074265
-42.192631
-42.270115
-42.575069
-42.851372
-42.870583
-43.023361
-43.314564
-43.364201
-43.573452
-43.694443
-43.807495
-43.931042
-44.237377
-44.311333
-44.466057
-44.754742
-44.906761
-44.997929
-45.205360
-45.430256
-45.636284
-45.689949
-45.977596
-46.185978
-46.205570
-46.300838
-46.497082
-46.667320
-46.748501
-46.759338
-47.083958
-47.180408
-47.285801
-47.425926
-47.516178
-47.629223
-47.723263
-47.948551
-48.158531
-48.161095
-48.200623
-48.288048
-48.467449
-48.461182
-48.531445
-48.436974
-48.600979
-48.543003
-48.694221
-48.738033
-48.693516
-48.716827
-48.852993
-48.986919
-48.988934
-49.073326
-49.308250
-49.311909
-49.485317
-49.459000
-49.629234
-49.654240
-49.719929
-49.823582
-50.058517
-50.047596
-50.040207
-50.239037
-50.301937
-50.299168
-50.440304
-50.619789
-50.587601
-50.694027
-50.837162
-50.958908
-50.832993
-50.787830
-50.949425
-50.951790
-51.004524
-50.977051
-50.994473
-50.965828
-51.031666
-50.948669
-50.980820
-50.962746
-50.988644
-51.025631
-50.985386
-51.023464
-51.163754
-50.967281
-51.049637
-51.104866
-51.235184
-51.006229
-51.229282
-51.184204
-51.306919
-51.313118
-51.284222
-51.414192
-51.331902
-51.343903
-51.421844
-51.680088
-51.593060
-51.595966
-51.727650
-51.854664
-51.871468
-51.857410
-51.956810
-52.155312
-52.252785
-52.391342
-52.378517
-52.540501
-52.624744
-52.812840
-52.839108
-53.034882
-53.215240
-53.265663
-53.511002
-53.570656
-53.821346
-53.767475
-53.917850
-54.213329
-54.406734
-54.518211
-54.562458
-54.934048
-54.887516
-54.972214
-55.113491
-55.331165
-55.353184
-55.579643
-55.732380
-55.639687
-55.928757
-56.057472
-56.204597
-56.132061
-56.296967
-56.399292
-56.767494
-56.766380
-56.873363
-57.072891
-57.111317
-57.102737
-57.275528
-57.443871
-57.460556
-57.628445
-57.543537
-57.653297
-57.779461
-58.011379
-57.973656
-57.952927
-58.182129
-58.288044
-58.304047
-58.377464
-58.480057
-58.594147
-58.689140
-58.635181
-58.674591
-58.875732
-58.820232
-59.041985
-59.028103
-58.926586
-58.954403
-59.190926
-59.186409
-59.276249
-59.442711
-59.256264
-59.339855
-59.331406
-59.448551
-59.372902
-59.557533
-59.493214
-59.567360
-59.765472
-59.689384
-59.716473
-59.798328
-59.887367
-59.984325
-60.081707
-60.032677
-60.021107
-60.289745
-60.234138
-60.231197
-60.283543
-60.484924
-60.442268
-60.423977
-60.557411
-60.457020
-60.358429
-60.489311
-60.572247
-60.551975
-60.388718
-60.554131
-60.537838
-60.479721
-60.509083
-60.491615
-60.615074
-60.480141
-60.714935
-60.756882
-60.955215
-60.867397
-60.958965
-60.935066
-61.026649
-61.171257
-61.255428
-61.413456
-61.479630
-61.437504
-61.478680
-61.439903
-61.566448
-61.844696
-61.868839
-61.958229
-61.975170
-62.117596
-62.177967
-62.284824
-62.553936
-62.356071
-62.040852
-62.178886
-62.198013
-62.110100
-62.060852
-61.887646
-61.746120
-61.783371
-61.744865
-61.284214
-60.932129
-61.295559
-61.506607
-61.424259
-61.367432
-61.529873
-61.434837
-61.615795
-61.852032
-62.099491
-61.941292
-62.181137
-62.120998
-62.168247
-61.918213
-61.705444
-61.570175
-61.558189
-61.624580
-61.630207
-61.553936
-61.476261
-61.275150
-61.468201
-61.537289
-61.489883
-61.150455
-61.203140
-61.595272
-61.972130
-62.095474
-61.554520
-61.312618
-61.185577
-61.266376
-61.250240
-61.129066
-61.119621
-61.171402
-61.238140
-60.994560
-60.859371
-61.095856
-61.115047
-61.422840
-61.832253
-61.903259
-61.789032
-61.563431
-61.457314
-61.328239
-61.536880
-61.480705
-61.494125
-61.482853
-61.510258
-61.628029
-61.378613
-61.095535
-61.188755
-61.358418
-61.773376
-61.881821
-61.956955
-61.738869
-61.837170
-61.862835
-61.911701
-61.889904
-62.027977
-62.019398
-62.087322
-62.307903
-62.203392
-62.031818
-61.889889
-61.905720
-62.172234
-62.134884
-62.233223
-62.126186
-62.318195
-62.154835
-62.124432
-62.254898
-62.316902
-62.274456
-62.455414
-62.641994
-62.561260
-62.407669
-62.303654
-62.465206
-62.761730
-62.634808
-62.690228
-62.640995
-62.707832
-62.808739
-62.792881
-62.851246
-62.817783
-62.821274
-62.925297
-63.129768
-63.160313
-62.873978
-62.848320
-62.939384
-63.145771
-62.995850
-63.061844
-63.060013
-63.099697
-63.101578
-63.033817
-63.068104
-63.127468
-63.178406
-63.212990
-63.261501
-63.283611
-63.218731
-63.178013
-63.326275
-63.349182
-63.313995
-63.220650
-63.212746
-63.151207
-63.281319
-63.363697
-63.280277
-63.229958
-63.202671
-63.389938
-63.459171
-63.340328
-63.355213
-63.344391
-63.464226
-63.415756
-63.493370
-63.526962
-63.447468
-63.357441
-63.351563
-63.510647
-63.499752
-63.508110
-63.519653
-63.517437
-63.595535
-63.683727
-63.522228
-63.420986
-63.647972
-63.621384
-63.638962
-63.544701
-63.709446
-63.531353
-63.676838
-63.650188
-63.662220
-63.644264
-63.647575
-63.835686
-63.773808
-63.803268
-63.771271
-63.844887
-63.943295
-63.795116
-63.855858
-63.932884
-63.867756
-63.734726
-63.935905
-63.905659
-63.863567
-63.923256
-63.782394
-63.904381
-63.941193
-63.874939
-63.770966
-63.867310
-63.959511
-63.824482
-63.863647
-63.762100
-63.857449
-63.801384
-63.725727
-63.766563
-63.779499
-63.858711
-63.738377
-63.888603
-63.807606
-63.827316
-63.723396
-63.861198
-63.923862
-63.698536
-63.823174
-63.696823
-63.816578
-63.643093
-63.816853
-63.771343
-63.721821
-63.679226
-63.712246
-63.649982
-63.597797
-63.812294
-63.703346
-63.546970
-63.722126
-63.709835
-63.641342
-63.513103
-63.670372
-63.697693
-63.660461
-63.500477
-63.697002
-63.722279
-63.569866
-63.635853
-63.614693
-63.654179
-63.563309
-63.686218
-63.623966
-63.699440
-63.519604
-63.627621
-63.599380
-63.597820
-63.486210
-63.636421
-63.453156
-63.531155
-63.529202
-63.484592
-63.466972
-63.494976
-63.498043
-63.312225
-63.372509
-63.439312
-63.499535
-63.451996
-63.415226
-63.450981
-63.473801
-63.371151
-63.504757
-63.338799
-63.453228
-63.393768
-63.403275
-63.425667
-63.348320
-63.367966
-63.342731
-63.367725
-63.178364
-63.331902
-63.333431
-63.213326
-63.206005
-63.332748
-63.407402
-63.184368
-63.137585
-63.176338
-63.284290
-63.142609
-63.176731
-63.104359
-63.174812
-63.115181
-63.121822
-63.114487
-63.092072
-62.898182
-63.042591
-63.017849
-63.067448
-62.866180
-62.774635
-62.966293
-62.905926
-62.815720
-62.583702
-62.755726
-62.678642
-62.668705
-62.572151
-62.613297
-62.382904
-62.410816
-62.509197
-62.447605
-62.346485
-62.314571
-62.318501
-62.311253
-62.236305
-62.238903
-62.136002
-62.073940
-62.136196
-62.056198
-62.013321
-61.991280
-61.786644
-61.846642
-61.654957
-61.692726
-61.615211
-61.593090
-61.447964
-61.456272
-61.433346
-61.233864
-61.080334
-61.130726
-61.051033
-61.097862
-60.828541
-60.912277
-60.797451
-60.635143
-60.479984
-60.564087
-60.602360
-60.101662
-60.243069
-60.308430
-60.427975
-59.976978
-59.900978
-59.906235
-59.913868
-59.797554
-59.513092
-59.582710
-59.521915
-59.343987
-59.263626
-59.263634
-59.167995
-58.970631
-58.993969
-58.973122
-58.973152
-58.748360
-58.725403
-58.740005
-58.807323
-58.600441
-58.474571
-58.522018
-58.375210
-58.322105
-58.255840
-58.243267
-58.107796
-58.022297
-57.971313
-57.895741
-57.842010
-57.678795
-57.599045
-57.701542
-57.679508
-57.519695
-57.471378
-57.459682
-57.415634
-57.409618
-57.285416
-57.263226
-57.202847
-57.169754
-56.967468
-56.992294
-56.858719
-56.914051
-56.809376
-56.809856
-56.639378
-56.737537
-56.622501
-56.550869
-56.306236
-56.452225
-56.417179
-56.232586
-56.213974
-56.207645
-56.022293
-55.847557
-55.921818
-55.795673
-55.724331
-55.653805
-55.644642
-55.599800
-55.363590
-55.333813
-55.352879
-55.254417
-54.998875
-55.072868
-55.128422
-54.996346
-54.726048
-54.790493
-54.861389
-54.724285
-54.471710
-54.556290
-54.473259
-54.328705
-54.301449
-54.395653
-54.148132
-53.914017
-53.932182
-54.140549
-54.025883
-53.736588
-53.775837
-53.747395
-53.619675
-53.410297
-53.416798
-53.434837
-53.193954
-53.105965
-53.224583
-53.275097
-53.037952
-53.038548
-53.067307
-53.216133
-53.233150
-52.972931
-52.890594
-52.870975
-53.069805
-52.853020
-52.805782
-52.797245
-52.784641
-52.689247
-52.865616
-52.933563
-52.654617
-52.636024
-52.703804
-52.810852
-52.897812
-52.870377
-52.798550
-52.847630
-52.840652
-52.862480
-52.904522
-52.824471
-52.842834
-52.834923
-52.851177
-52.814499
-52.800770
-52.823769
-52.874931
-53.017109
-53.038727
-53.113907
-53.087036
-53.119427
-53.305439
-53.263287
-53.169697
-53.217434
-53.232792
-53.130856
-53.330246
-53.246399
-53.111073
-53.128941
-53.278061
-53.167534
-53.206554
-53.232639
-53.131821
-53.171703
-53.288784
-53.263268
-53.174706
-53.094074
-53.014900
-53.263885
-53.392506
-53.290852
-53.167030
-53.275696
-53.269054
-53.305340
-53.526394
-53.403366
-53.241577
-53.285500
-53.342438
-53.360153
-53.301163
-53.290798
-53.246441
-53.245823
-53.266476
-53.321175
-53.282990
-53.194527
-53.177891
-53.215500
-53.239075
-53.154934
-53.226116
-53.173672
-53.085281
-53.171509
-53.015465
-53.059734
-52.883698
-52.926579
-52.726837
-52.906750
-52.650707
-52.590862
-52.610081
-52.521580
-52.275639
-52.429913
-52.216042
-52.191734
-52.229729
-52.145306
-51.950531
-51.766926
-51.869751
-51.820927
-51.746567
-51.431080
-51.483807
-51.348110
-51.234539
-51.162952
-51.209621
-50.975719
-50.840355
-50.875427
-50.780197
-50.600582
-50.504169
-50.383724
-50.374893
-50.229221
-50.114902
-50.088280
-49.794571
-49.728710
-49.678539
-49.671124
-49.474957
-49.426544
-49.289177
-49.213604
-49.077686
-49.059273
-48.901920
-48.763348
-48.737648
-48.711571
-48.625385
-48.353310
-48.432060
-48.340611
-48.129879
-48.140591
-48.139725
-47.980579
-47.862595
-47.976002
-47.857353
-47.665363
-47.699295
-47.698017
-47.581577
-47.452618
-47.653831
-47.474510
-47.395000
-47.498203
-47.411102
-47.303211
-47.311962
-47.271961
-47.261692
-47.358521
-47.290951
-47.200684
-47.113792
-47.223972
-47.149597
-47.138535
-47.256634
-47.090172
-47.026722
-47.070641
-47.346176
-47.240044
-47.180813
-47.232262
-47.314751
-47.387836
-47.357849
-47.526146
-47.387135
-47.518051
-47.366138
-47.593197
-47.532761
-47.602951
-47.481579
-47.427311
-47.565674
-47.532257
-47.773891
-47.586849
-47.639267
-47.758007
-47.668934
-47.783966
-47.725952
-47.901356
-47.847992
-47.813782
-47.870625
-47.930679
-47.824631
-47.737873
-47.944695
-47.756668
-48.002834
-47.846584
-47.911926
-48.018723
-48.037914
-48.036743
-48.049721
-47.990124
-48.146275
-48.117332
-48.138302
-48.132004
-48.237465
-48.193977
-48.057278
-48.136303
-48.154198
-48.210396
-48.287003
-48.265270
-48.103653
-48.079502
-47.996765
-48.098373
-48.154797
-48.291405
-48.230042
-48.129913
-48.071770
-48.144470
-48.254856
-48.023563
-48.082691
-48.117542
-48.180244
-48.145939
-48.172829
-48.070045
-48.011883
-48.096775
-48.081959
-48.186245
-48.038033
-48.143414
-48.105171
-48.210472
-48.126717
-47.875221
-48.001564
-48.117649
-47.956753
-47.946190
-48.064152
-47.925423
-47.905479
-47.875286
-47.955524
-47.948483
-47.809059
-47.845585
-47.906277
-47.928162
-47.815472
-47.902138
-47.750946
-47.610310
-47.830334
-47.758030
-47.727657
-47.571602
-47.706894
-47.668282
-47.646416
-47.421585
-47.482975
-47.482094
-47.531097
-47.479660
-47.323929
-47.351471
-47.324734
-47.336201
-47.104336
-47.300453
-47.200954
-47.154629
-47.028381
-46.961197
-47.040604
-47.052441
-46.839027
-46.817245
-46.981419
-46.858456
-46.580742
-46.644474
-46.745701
-46.575851
-46.561966
-46.470814
-46.536259
-46.287727
-46.267773
-46.273605
-46.323868
-46.176392
-46.116650
-45.951756
-46.022320
-45.975170
-45.783875
-45.763710
-45.790558
-45.765545
-45.578636
-45.562622
-45.505901
-45.438549
-45.340076
-45.386345
-45.207108
-45.078426
-45.145351
-45.102245
-45.131725
-44.998863
-44.772072
-44.793392
-44.849651
-44.642479
-44.509735
-44.750904
-44.698971
-44.511646
-44.289944
-44.313316
-44.434361
-44.241859
-44.195362
-44.326942
-44.252258
-44.051968
-43.953754
-44.182289
-44.186024
-43.971111
-43.853622
-43.777225
-44.096924
-44.022964
-43.819115
-43.751610
-43.810993
-43.794598
-43.681129
-43.929600
-43.805916
-43.662212
-43.524525
-43.844570
-43.881138
-43.748100
-43.621120
-43.697742
-43.851116
-43.852329
-43.652908
-43.656990
-43.882439
-43.855770
-43.603012
-43.928246
-44.007511
-43.707928
-43.604740
-43.799244
-44.030060
-43.795906
-43.693768
-43.868690
-43.919666
-43.748775
-43.692802
-43.679096
-43.837841
-43.810757
-43.656887
-43.823349
-43.897015
-43.645107
-43.614441
-43.645748
-43.938412
-43.651371
-43.586624
-43.546120
-43.700981
-43.662998
-43.445358
-43.619278
-43.630043
-43.531277
-43.353104
-43.558098
-43.385456
-43.409073
-43.352612
-43.363773
-43.392162
-43.256149
-43.170158
-43.136002
-43.182518
-43.177296
-42.949982
-42.892139
-43.051544
-43.099808
-42.819450
-42.701237
-42.875595
-42.710754
-42.552532
-42.591015
-42.771812
-42.533062
-42.336483
-42.453506
-42.410374
-42.335396
-42.193417
-42.107006
-42.160912
-42.075256
-41.970322
-41.959419
-41.985615
-41.730064
-41.752434
-41.707912
-41.658386
-41.653786
-41.490284
-41.529705
-41.461208
-41.400009
-41.248951
-41.238770
-41.133545
-41.229958
-41.198200
-40.968109
-40.961941
-40.962296
-40.864502
-40.825314
-40.765926
-40.717373
-40.639633
-40.634045
-40.564987
-40.584534
-40.435711
-40.386856
-40.365318
-40.317913
-40.317314
-40.310436
-40.269165
-40.231033
-40.122276
-40.178535
-40.067039
-40.194138
-40.025467
-40.079735
-39.903423
-40.136967
-39.960827
-39.873085
-40.125000
-40.099602
-39.857819
-39.810020
-40.140289
-40.029015
-39.876530
-39.984085
-40.040730
-39.955185
-39.900539
-40.002602
-40.079704
-39.925434
-39.912083
-40.047230
-40.113644
-39.980049
-40.052162
-40.078541
-40.195618
-40.066582
-40.115314
-40.184132
-40.173584
-40.250870
-40.136475
-40.114151
-40.292465
-40.305706
-40.130051
-40.221901
-40.483063
-40.382545
-40.360470
-40.188736
-40.410313
-40.477776
-40.375347
-40.405376
-40.363144
-40.665249
-40.477467
-40.448086
-40.626450
-40.557957
-40.528877
-40.590885
-40.696247
-40.649555
-40.631603
-40.573994
-40.723831
-40.746258
-40.698326
-40.650223
-40.611874
-40.741108
-40.687298
-40.745640
-40.810421
-40.726517
-40.620159
-40.684292
-40.901863
-40.560127
-40.562004
-40.754868
-40.840187
-40.663567
-40.704380
-40.702141
-40.642681
-40.693584
-40.557224
-40.562458
-40.615067
-40.637146
-40.590878
-40.574776
-40.682911
-40.371315
-40.369984
-40.373363
-40.617756
-40.514194
-40.406628
-40.314384
-40.355782
-40.376694
-40.413589
-40.245594
-40.250359
-40.233273
-40.259510
-40.233982
-40.315128
-40.210861
-39.991280
-40.118519
-40.223568
-40.229813
-39.944630
-40.094116
-40.058876
-39.940739
-40.013432
-40.161739
-40.079834
-39.846188
-39.875557
-40.083084
-40.012897
-39.909008
-39.750866
-40.067150
-39.984524
-39.997120
-39.853344
-39.847736
-39.985855
-39.933571
-39.841724
-40.067844
-39.968410
-39.886475
-40.025089
-40.049171
-40.027088
-39.994568
-39.881435
-39.984528
-40.136425
-40.079655
-40.029266
-40.022854
-40.105198
-40.169765
-40.082836
-40.109982
-40.268875
-40.064064
-40.169292
-40.207508
-40.253952
-40.172112
-40.082165
-40.369465
-40.331963
-40.193531
-40.227051
-40.282116
-40.312870
-40.391449
-40.390427
-40.267075
-40.391014
-40.406391
-40.404385
-40.324974
-40.391468
-40.525032
-40.418938
-40.367107
-40.539619
-40.448700
-40.411079
-40.445992
-40.597507
-40.446274
-40.426144
-40.608814
-40.508339
-40.558197
-40.400978
-40.490952
-40.547310
-40.595772
-40.415756
-40.432880
-40.570110
-40.619179
-40.574409
-40.519611
-40.505886
-40.621788
-40.538425
-40.580215
-40.564846
-40.517998
-40.654415
-40.518600
-40.517372
-40.596523
-40.558216
-40.444664
-40.573914
-40.509087
-40.625317
-40.501541
-40.577766
-40.552563
-40.637459
-40.566612
-40.389526
-40.614315
-40.499016
-40.594105
-40.508217
-40.589500
-40.553471
-40.492352
-40.546242
-40.390514
-40.446686
-40.638283
-40.523739
-40.334259
-40.603851
-40.517853
-40.343140
-40.470428
-40.484539
-40.498161
-40.312149
-40.360836
-40.342045
-40.449146
-40.337101
-40.311455
-40.304001
-40.248371
-40.381115
-40.256992
-40.169518
-40.247288
-40.259644
-40.174103
-40.148022
-40.230659
-40.167835
-39.982109
-40.191944
-40.033691
-39.969643
-39.998871
-40.237999
-40.060616
-39.771378
-39.821735
-39.946270
-39.955757
-39.882217
-39.834259
-39.588291
-39.696617
-39.741100
-39.660126
-39.522675
-39.598633
-39.411381
-39.411541
-39.333241
-39.416916
-39.374180
-39.182716
-39.207695
-39.236233
-39.092297
-39.115047
-39.182999
-38.959534
-38.903526
-38.954346
-38.915508
-38.890030
-38.787121
-38.694633
-38.730175
-38.603649
-38.620838
-38.513577
-38.419090
-38.463020
-38.414227
-38.229256
-38.232513
-38.286579
-38.115757
-38.138191
-37.919903
-38.077435
-38.088470
-37.858513
-37.852921
-37.831699
-37.737072
-37.772484
-37.712391
-37.696205
-37.596092
-37.590115
-37.536491
-37.495369
-37.540363
-37.510941
-37.518555
-37.492035
-37.388988
-37.345123
-37.386032
-37.594280
-37.329735
-37.180679
-37.580418
-37.375641
-37.280094
-37.328472
-37.418278
-37.397243
-37.237999
-37.204449
-37.515381
-37.529392
-37.283344
-37.345715
-37.363949
-37.381962
-37.317715
-37.424480
-37.412327
-37.548286
-37.435303
-37.340252
-37.429787
-37.494415
-37.418003
-37.451080
-37.403606
-37.516312
-37.494804
-37.503082
-37.400589
-37.422489
-37.518646
-37.539013
-37.528778
-37.468357
-37.562042
-37.458954
-37.433475
-37.593681
-37.530376
-37.395348
-37.335617
-37.322941
-37.542114
-37.481892
-37.405647
-37.215435
-37.213505
-37.559895
-37.217018
-37.196354
-37.093616
-37.316078
-37.276047
-37.106113
-36.975124
-37.008457
-36.926212
-36.979153
-36.912094
-36.960712
-36.834244
-36.598747
-36.837963
-36.752689
-36.785206
-36.738411
-36.496746
-36.582333
-36.495960
-36.618893
-36.269836
-36.355244
-36.176682
-36.081272
-36.244217
-35.838306
-36.066536
-35.860695
-35.684059
-35.918209
-35.688438
-35.563435
-35.740536
-35.625149
-35.484081
-35.385918
-35.552357
-35.390663
-35.347736
-35.183437
-35.242981
-35.144512
-34.989799
-35.091454
-35.149254
-34.807877
-34.753948
-34.939381
-34.821365
-34.847027
-34.750778
-34.771496
-34.607536
-34.758167
-34.582108
-34.627907
-34.584427
-34.515915
-34.549301
-34.671013
-34.335564
-34.514893
-34.442463
-34.508472
-34.613003
-34.419598
-34.579502
-34.471138
-34.455128
-34.521282
-34.594551
-34.615192
-34.360680
-34.561520
-34.688541
-34.575779
-34.542274
-34.515934
-34.970875
-34.548721
-34.629185
-34.771511
-34.957664
-34.666649
-34.769058
-34.741013
-34.990173
-34.788879
-35.022079
-34.965527
-35.119698
-34.888672
-34.901089
-35.096947
-35.079754
-35.227615
-35.080593
-35.055634
-35.271236
-35.126041
-35.109074
-35.383312
-35.296421
-35.224602
-35.279465
-35.341228
-35.341801
-35.490284
-35.433739
-35.167610
-35.569767
-35.346783
-35.500034
