Az       (ft/s^2)
-34.239433
-34.098679
-34.050247
-34.120678
-34.256531
-34.137291
-33.780518
-33.991215
-34.117107
-34.363480
-34.107220
-34.099121
-34.258026
-33.838322
-34.033245
-33.969849
-34.271488
-34.333008
-34.473007
-34.057999
-33.976086
-34.205597
-33.924793
-33.945572
-33.834999
-34.192818
-34.132328
-34.200024
-33.815826
-34.001221
-34.087574
-33.797699
-33.846584
-34.260315
-34.481918
-34.356823
-34.266968
-34.168049
-34.121876
-33.912468
-33.819317
-34.010857
-34.038929
-33.871262
-33.544636
-33.801201
-33.782585
-33.583393
-33.644634
-33.719032
-33.877724
-33.720085
-33.788990
-33.818321
-33.927288
-34.138313
-34.023792
-33.774944
-33.984871
-34.070953
-33.732628
-34.046219
-33.891106
-33.852924
-33.688019
-34.194977
-34.301807
-34.143753
-33.829414
-33.591839
-33.791233
-33.910641
-34.279209
-34.252052
-34.474373
-34.042645
-33.820217
-34.062607
-33.830948
-33.782513
-33.689682
-34.091702
-34.346901
-34.232731
-33.783928
-33.704147
-34.097218
-34.202168
-34.067341
-34.011951
-34.372276
-34.525486
-34.297482
-34.470913
-34.413956
-33.827068
-33.507038
-33.746861
-33.640320
-34.009350
-33.876007
-33.155212
-33.387665
-33.441814
-33.273712
-33.095673
-33.424992
-33.196018
-33.146801
-33.235817
-33.144711
-33.202991
-33.214424
-32.837646
-32.412899
-32.507790
-32.425381
-32.331379
-32.637642
-32.677608
-32.467709
-32.015030
-32.276997
-32.333687
-31.945261
-31.941769
-32.001476
-32.044849
-31.832260
-31.905603
-31.747097
-31.777895
-31.678484
-31.498425
-31.426544
-31.285868
-31.470238
-31.634632
-31.829073
-31.903868
-32.183105
-32.160385
-31.660751
-31.910738
-32.001656
-31.883017
-31.840506
-32.139355
-32.116360
-32.006897
-31.990667
-31.916899
-31.646091
-31.683163
-31.675564
-32.119579
-32.053520
-32.297985
-32.378887
-32.145805
-31.966946
-31.939962
-32.081623
-31.895315
-32.046055
-32.199249
-32.293060
-31.840181
-31.854738
-31.529297
-31.537493
-31.839462
-32.115234
-31.884604
-32.103161
-31.944746
-31.797085
-32.357635
-32.600536
-32.107040
-31.809885
-32.151093
-32.613495
-32.904781
-32.965843
-32.395687
-31.962055
-32.183838
-32.699844
-32.590252
-32.723114
-32.285942
-31.980247
-32.245754
-32.591740
-32.409073
-32.381313
-32.448147
-32.648006
-32.620434
-32.581310
-32.583309
-32.778931
-32.296734
-32.201061
-32.711712
-32.780964
-32.769215
-32.477058
-32.190208
-32.422112
-32.286171
-32.332886
-32.324039
-32.257645
-32.324566
-32.281082
-32.377666
-32.126820
-32.171413
-32.011395
-31.960995
-32.109245
-32.210999
-32.218021
-32.233921
-32.103554
-32.037064
-31.974581
-32.098774
-31.995203
-32.112347
-32.015781
-32.084858
-32.288589
-32.091957
-31.963533
-31.975368
-32.004463
-31.967325
-32.058521
-31.988852
-31.935562
-31.943628
-31.994923
-32.120728
-31.980125
-31.949003
-32.036587
-31.984297
-32.029922
-31.974964
-31.934492
-32.029926
-32.031136
-31.868359
-31.979942
-31.935108
-31.772863
-31.783419
-31.960941
-31.861515
-31.778557
-31.942320
-31.869196
-31.814062
-31.882448
-31.887318
-31.913868
-31.769133
-31.902878
-31.967079
-31.950888
-31.939270
-32.034096
-32.069778
-31.996130
-31.945269
-32.105682
-32.135357
-32.154404
-32.075333
-32.308273
-32.245239
-32.232178
-32.398094
-32.353470
-32.328228
-32.427105
-32.521042
-32.621563
-32.696262
-32.629326
-32.566055
-32.901249
-32.763062
-32.798786
-32.849941
-33.112656
-32.908504
-33.044800
-32.990486
-33.034008
-32.958206
-32.961597
-32.912949
-33.011986
-32.948181
-32.979763
-32.956505
-32.895557
-32.927750
-32.795071
-32.776497
-32.901169
-32.810543
-32.838810
-32.608746
-32.766407
-32.770813
-32.743507
-32.431549
-32.562172
-32.497662
-32.554920
-32.440384
-32.417431
-32.441719
-32.393429
-32.346142
-32.343800
-32.386974
-32.264469
-32.267712
-32.168953
-32.279705
-32.222054
-32.153389
-32.070488
-31.916903
-32.054531
-32.081097
-31.898504
-31.839125
-31.983135
-31.932903
-31.926636
-32.008148
-32.008137
-31.980900
-31.830183
-32.011227
-32.159641
-32.035908
-32.039116
-32.088497
-31.946318
-32.208199
-32.040962
-31.931761
-32.065556
-32.186214
-32.072582
-32.074486
-32.158134
-32.142284
-32.059822
-31.981337
-32.062832
-32.334370
-32.210632
-32.046852
-32.146008
-32.202145
-32.199535
-32.325802
-32.341282
-32.272453
-32.220966
-32.487888
-32.410484
-32.421917
-32.295696
-32.623726
-32.406776
-32.613747
-32.474216
-32.547173
-32.633736
-32.605553
-32.614578
-32.630703
-32.677662
-32.624214
-32.692890
-32.780018
-32.795151
-32.738068
-32.793964
-32.953545
-32.944721
-32.862354
-32.927811
-33.040882
-33.078651
-32.892548
-33.121403
-33.200676
-33.083466
-33.130203
-33.118553
-33.074348
-33.271690
-32.970207
-33.129616
-33.193672
-33.211735
-32.934906
-32.883072
-33.161636
-32.984062
-32.933811
-32.921715
-33.146160
-32.829929
-32.889130
-32.863346
-33.073437
-32.866528
-32.941807
-33.035488
-33.021595
-32.851173
-32.969574
-33.021393
-32.980156
-32.900623
-32.981602
-32.877655
-33.060970
-32.945999
-32.909073
-33.048779
-32.963619
-32.890583
-32.954479
-32.971508
-32.944893
-32.891624
-32.959908
-32.926670
-32.913754
-32.873520
-32.930191
-33.009983
-32.683903
-33.013950
-32.941326
-32.939266
-32.774212
-33.048317
-32.984879
-32.939651
-32.838333
-32.877815
-33.068981
-32.947460
-32.886127
-32.989437
-33.073196
-32.963936
-32.819004
-33.150059
-33.062206
-33.029163
-33.046776
-33.069862
-33.105865
-32.946217
-33.070946
-33.082775
-33.179379
-33.142754
-33.017189
-32.984505
-33.173096
-33.011829
-32.960827
-33.135479
-32.982330
-33.015282
-32.969620
-32.925278
-32.908218
-32.991096
-32.789639
-32.806301
-33.116360
-32.928596
-33.100235
-32.996010
-32.848976
-32.842083
-33.174484
-33.283352
-33.006676
-33.173573
-33.411194
-33.507614
-33.553165
-33.370914
-33.205860
-33.342216
-33.387604
-33.472282
-33.652676
-33.382088
-33.178112
-33.107708
-33.189247
-33.359650
-33.472759
-33.321453
-33.099857
-33.370934
-33.138695
-33.278660
-33.465351
-33.277214
-33.099388
-33.372063
-33.526249
-33.420609
-33.426674
-33.447342
-33.432835
-33.314442
-33.461922
-33.471458
-33.540760
-33.605968
-33.270763
-33.606552
-33.771477
-33.549282
-33.421795
-33.609974
-33.695171
-33.902348
-33.689323
-33.644539
-34.053989
-34.099487
-33.851322
-33.775097
-34.126011
-33.946369
-33.843979
-33.902493
-33.551834
-33.112633
-33.403179
-33.457695
-33.508854
-33.277767
-33.361328
-33.259911
-33.737247
-33.611282
-33.498253
-33.442162
-33.787167
-33.629890
-33.832481
-33.848419
-33.758984
-33.527454
-33.773270
-33.892353
-33.791233
-33.476429
-33.454254
-33.588486
-33.737026
-33.658451
-33.475983
-33.613510
-33.842754
-33.586788
-33.582970
-33.623604
-33.654034
-33.497780
-33.609245
-33.498184
-33.556229
-33.702511
-33.595177
-33.453579
-33.535957
-33.666016
-33.813225
-33.807465
-33.624172
-33.931252
-34.317520
-34.311401
-34.047184
-33.890553
-34.127312
-34.081600
-34.242622
-34.333012
-34.402065
-34.147217
-34.083744
-34.160950
-34.200241
-34.032711
-34.311691
-34.373596
-34.442421
-34.636299
-34.653816
-34.517899
-34.497631
-34.664001
-34.765656
-34.698475
-34.770081
-34.573605
-34.797264
-34.554245
-34.512154
-34.585640
-34.656448
-34.794144
-34.692825
-34.718662
-34.738991
-34.873749
-34.567802
-34.551834
-35.024376
-34.833927
-34.566170
-34.744015
-34.989864
-34.793617
-34.646717
-34.918991
-34.860958
-35.126511
-35.258972
-35.241306
-35.015766
-35.066402
-35.007664
-34.727398
-34.977272
-35.012352
-34.877399
-35.002007
-35.101742
-34.810600
-34.627899
-34.811714
-34.651913
-34.701351
-35.144871
-35.198692
-35.217838
-35.051861
-34.848686
-34.777554
-34.778587
-34.943977
-34.861610
-34.917610
-35.000164
-35.201286
-34.931931
-34.816978
-34.910561
-34.715893
-34.846535
-34.943615
-35.184586
-35.181721
-35.039581
-35.042915
-34.869221
-34.999352
-34.925499
-34.884525
-34.833656
-35.032055
-35.157364
-34.995869
-35.133221
-35.017616
-35.040359
-34.792892
-35.054756
-35.130180
-35.032185
-34.843327
-34.954853
-35.170517
-34.924568
-35.052837
-34.887661
-34.804489
-35.022621
-34.993916
-34.952412
-34.958862
-34.982410
-34.858227
-35.013363
-34.695030
-34.857693
-34.785191
-34.800213
-34.734123
-34.891083
-34.893139
-34.791660
-34.842865
-34.921173
-34.946812
-34.766975
-34.756927
-34.882641
-34.946918
-34.959774
-34.876003
-34.801552
-34.840858
-34.924980
-34.724762
-34.806141
-34.654530
-34.751541
-34.661602
-34.709309
-34.721233
-34.629967
-34.498753
-34.466438
-34.623951
-34.719837
-34.599758
-34.611118
-34.629028
-34.883194
-34.681065
-34.779552
-35.017185
-34.744408
-34.766125
-34.794502
-34.983463
-35.025036
-34.845875
-34.816177
-34.935539
-35.059895
-34.980354
-34.801762
-35.101566
-35.091431
-35.152561
-35.217148
-35.338814
-35.263344
-35.153496
-35.157043
-35.400764
-35.390015
-35.236916
-35.206982
-35.311829
-35.451481
-35.251179
-35.196991
-35.463779
-35.308140
-35.336327
-35.299850
-35.468170
-35.271824
-35.394012
-35.438656
-35.411427
-35.414581
-35.248558
-35.465237
-35.323612
-35.459080
-35.311386
-35.295967
-35.333733
-35.288986
-35.467979
-35.318073
-35.234638
-35.149773
-35.502682
-35.211796
-35.460411
-35.314972
-35.310188
-35.468304
-35.269623
-35.270084
-35.339085
-35.345047
-35.142731
-35.236973
-35.336327
-35.224819
-35.185505
-35.162754
-35.214439
-35.084476
-35.037514
-35.149620
-35.129204
-35.239353
-35.104774
-34.936222
-35.120975
-35.102047
-35.071018
-35.098816
-35.054016
-34.948174
-35.074432
-35.156460
-35.029602
-35.124886
-34.965599
-35.116421
-35.004265
-35.082699
-34.831085
-34.899143
-34.924007
-34.963211
-34.862144
-34.815281
-35.037071
-35.000134
-34.776302
-34.891014
-34.931610
-35.046841
-35.001976
-35.143105
-35.081337
-35.098747
-35.222477
-34.936337
-35.077938
-35.163582
-35.193550
-35.167847
-35.273422
-35.361031
-35.188343
-35.065006
-35.092720
-35.376591
-35.398159
-35.271858
-35.456173
-35.412052
-35.325764
-35.318825
-35.525822
-35.409431
-35.322357
-35.326477
-35.459026
-35.618095
-35.347500
-35.479805
-35.428608
-35.496792
-35.491398
-35.558311
-35.785408
-35.322315
-35.673767
-35.561882
-35.684277
-35.583511
-35.740562
-35.469051
-35.512356
-35.627743
-35.483990
-35.497276
-35.598080
-35.734154
-35.423428
-35.458649
-35.578220
-35.639492
-35.648048
-35.626877
-35.847645
-35.742542
-35.677303
-35.763527
-35.740131
-35.959393
-35.784626
-35.652161
-35.906483
-35.913643
-35.706768
-35.711140
-35.772163
-35.630543
-35.789864
-35.888973
-35.796715
-35.825096
-35.701412
-35.765862
-35.863155
-35.958702
-35.812649
-35.760654
-35.932659
-36.079262
-35.830196
-36.013176
-35.861259
-36.012672
-35.966270
-35.952877
-35.919964
-36.057987
-36.043648
-35.837753
-36.047878
-36.129688
-36.012096
-35.695263
-35.964622
-35.905293
-36.076080
-35.788944
-35.904068
-35.988991
-35.800285
-35.887402
-35.905273
-35.949825
-35.895226
-35.748272
-35.851917
-35.931747
-36.021152
-35.776234
-35.793659
-35.830410
-35.851105
-36.031796
-35.606377
-35.875122
-35.714722
-35.841255
-35.841599
-35.757835
-35.819256
-35.733120
-35.804695
-35.706867
-35.837250
-35.964375
-35.814148
-35.716347
-35.866898
-36.038895
-35.943867
-35.672310
-35.824226
-35.890583
-35.909367
-35.842415
-35.822372
-35.726456
-35.838772
-35.719646
-35.695686
-35.890057
-35.972404
-35.761997
-35.693855
-35.977993
-35.929501
-35.902218
-35.861668
-35.976780
-35.977238
-35.829624
-36.057152
-35.928761
-35.819893
-35.971561
-35.879375
-36.115471
-35.860249
-36.070538
-36.040409
-35.856777
-36.031765
-36.129166
-36.029049
-35.995632
-35.901653
-36.096066
-36.123863
-36.105618
-35.822521
-35.926933
-35.992466
-35.992031
-36.002762
-35.836678
-35.926708
-36.032082
-36.002827
-35.957066
-35.898819
-35.828583
-36.164581
-35.968735
-36.100521
-35.941422
-36.059971
-36.033638
-35.960007
-36.047089
-35.984016
-36.063293
-36.127384
-35.904934
-36.225616
-36.058720
-35.866833
-35.941185
-36.162346
-36.186615
-36.103027
-36.267311
-35.861237
-36.110962
-36.133965
-36.057060
-36.234203
-35.941639
-36.200977
-36.143925
-36.219418
-36.020733
-36.051155
-36.125248
-35.990604
-36.153194
-36.104607
-36.260181
-36.147686
-36.039356
-35.943211
-36.031422
-36.109810
-36.150688
-36.122841
-36.070869
-36.255642
-35.933975
-36.105309
-36.137024
-36.160645
-36.286526
-36.016869
-36.347565
-36.262226
-36.411800
-36.180866
-36.186806
-36.369720
-36.242596
-36.430843
-36.295898
-36.462502
-36.511703
-36.282787
-36.490189
-36.725262
-36.548214
-36.433014
-36.649384
-37.093201
-36.806717
-36.835739
-36.979233
-37.123756
-37.201687
-37.315437
-37.366428
-37.422230
-37.582127
-37.760132
-37.731327
-38.054466
-38.149330
-38.239853
-38.274330
-38.456821
-38.766525
-38.765766
-38.796814
-39.194500
-39.310162
-39.400333
-39.553928
-39.725407
-39.799774
-39.967426
-40.326698
-40.258686
-40.449539
-40.690678
-40.923656
-41.120892
-41.230293
-41.335312
-41.423180
-41.623077
-41.922211
-42.074421
-42.272408
-42.198719
-42.627323
-42.660160
-42.818043
-42.933033
-43.130806
-43.468410
-43.472019
-43.460865
-43.785477
-43.988655
-44.195675
-44.058266
-44.211227
-44.464481
-44.592693
-44.684006
-44.752331
-45.102806
-44.987492
-45.121937
-45.392845
-45.490913
-45.554924
-45.540627
-45.870941
-45.774395
-45.892044
-46.024658
-46.159481
-46.327423
-46.288769
-46.420620
-46.599678
-46.647469
-46.740726
-46.775902
-47.012241
-47.055763
-47.082840
-47.261452
-47.349720
-47.483154
-47.371471
-47.446617
-47.735649
-47.639835
-47.824959
-47.716312
-47.931820
-47.939629
-48.180805
-48.103870
-48.023754
-48.401886
-48.335808
-48.463100
-48.570847
-48.785240
-48.777023
-48.825123
-48.840073
-49.040642
-49.177979
-49.270039
-49.157764
-49.478050
-49.634216
-49.534691
-49.749233
-49.797222
-49.972691
-50.100159
-50.195953
-50.243237
-50.457569
-50.568180
-50.559368
-51.019218
-50.885090
-51.150211
-51.170391
-51.111378
-51.333420
-51.506855
-51.754101
-51.729317
-51.892380
-52.116306
-52.081192
-52.348248
-52.216434
-52.742661
-52.767475
-52.765511
-53.098904
-53.229214
-53.474739
-53.313145
-53.662880
-53.762810
-54.000366
-53.975971
-54.003502
-54.417973
-54.451401
-54.557926
-54.580803
-54.961296
-55.054581
-55.083843
-55.346886
-55.202049
-55.785522
-55.812824
-55.953606
-55.847462
-56.242451
-56.552040
-56.352989
-56.423599
-56.702370
-57.036854
-56.928722
-56.914700
-57.186310
-57.511169
-57.615398
-57.250401
-57.648811
-57.900066
-58.131554
-58.031025
-58.064758
-58.412685
-58.345016
-58.519028
-58.576721
-58.874725
-58.814690
-58.793671
-58.943508
-59.257050
-59.249531
-59.031483
-59.238098
-59.553272
-59.582241
-59.546696
-59.637341
-59.747208
-59.777958
-59.846531
-60.005600
-60.047741
-60.143726
-60.055405
-60.406574
-60.328484
-60.334602
-60.310867
-60.519054
-60.599216
-60.405518
-60.625603
-60.682503
-60.774937
-60.781971
-60.624428
-60.756927
-60.836140
-61.090069
-60.904236
-60.986973
-61.217972
-61.197918
-61.049568
-61.158470
-61.462029
-61.378159
-61.500080
-61.384132
-61.573135
-61.593685
-61.540215
-61.533615
-61.635632
-61.763802
-61.690815
-61.671471
-61.747849
-61.859066
-61.997169
-61.776295
-61.590744
-61.878029
-61.900368
-61.882603
-61.858139
-62.162323
-61.872864
-62.086266
-62.015240
-62.080017
-62.096420
-62.163651
-62.319290
-62.314892
-62.204536
-62.208942
-62.283424
-62.377144
-62.299824
-62.400475
-62.354202
-62.469704
-62.546215
-62.639355
-62.455803
-62.471142
-62.702229
-62.690098
-62.614746
-62.862297
-62.766491
-62.694435
-62.761162
-62.886707
-63.028095
-62.899239
-63.031368
-63.026287
-63.069824
-63.186405
-63.153839
-63.304539
-63.351334
-63.505939
-63.341541
-63.509995
-63.722267
-63.539436
-63.618408
-63.794125
-63.987175
-63.855755
-63.973145
-64.137192
-64.165092
-64.379440
-64.031265
-64.349899
-64.303719
-64.554314
-64.503365
-64.402649
-64.801193
-64.707771
-64.832680
-64.664352
-64.908333
-64.983749
-64.987846
-64.903259
-65.010231
-65.322487
-65.253021
-65.177315
-65.266693
-65.446877
-65.298111
-65.330292
-65.341682
-65.441162
-65.527893
-65.514786
-65.485306
-65.606285
-65.531601
-65.456589
-65.525063
-65.719070
-65.772636
-65.502708
-65.609390
-65.759972
-65.816452
-65.558220
-65.597748
-65.836670
-65.665627
-65.703133
-65.544655
-65.700768
-65.689224
-65.471199
-65.621407
-65.613815
-65.642944
-65.378929
-65.466499
-65.629410
-65.723419
-65.368935
-65.319321
-65.665672
-65.707207
-65.344116
-65.451874
-65.416267
-65.357445
-65.241280
-65.274498
-65.475426
-65.113655
-65.195160
-65.308212
-65.399963
-65.014740
-65.043495
-65.156944
-65.220543
-65.104919
-65.027397
-65.234779
-65.190239
-64.911591
-65.043655
-64.978783
-65.079803
-64.893120
-64.981255
-64.867363
-64.975403
-65.010292
-64.751862
-64.933662
-64.965408
-64.920731
-64.829811
-64.935280
-64.985725
-64.849129
-64.813690
-64.904114
-64.991699
-64.853409
-64.826797
-64.955559
-64.906174
-64.689484
-64.956566
-64.959221
-64.798790
-64.811996
-65.039543
-64.914742
-64.833290
-64.949333
-64.929176
-64.889763
-64.880234
-65.000397
-64.941048
-64.799377
-65.019897
-64.852463
-64.941452
-64.779053
-64.867249
-64.815742
-64.829361
-65.050858
-64.851807
-64.846008
-64.839218
-65.009132
-65.023338
-64.811569
-65.016571
-64.959969
-64.940994
-65.033936
-65.009079
-65.205269
-64.856064
-64.947060
-64.992813
-65.108818
-65.090218
-64.777138
-65.013603
-64.921417
-65.181374
-65.118629
-65.012436
-64.999634
-64.961945
-65.004066
-64.995056
-65.116768
-65.071793
-65.005058
-65.084137
-65.091690
-65.082794
-64.899536
-65.288513
-65.053535
-65.135231
-65.206497
-65.265121
-65.187187
-64.962265
-65.280922
-65.086838
-65.138435
-65.145576
-65.163086
-65.229256
-65.089378
-65.401505
-65.039154
-65.066902
-65.130280
-65.169830
-65.245567
-65.211006
-65.395782
-64.924522
-65.294556
-65.269958
-65.311203
-65.148293
-65.081955
-65.394829
-65.322639
-65.286751
-64.959244
-65.416641
-65.302055
-65.243805
-65.214844
-65.302902
-65.265076
-65.283730
-65.253403
-65.431557
-65.256378
-65.303848
-65.211967
-65.356972
-65.299164
-65.299332
-65.256866
-65.167969
-65.306831
-65.317009
-65.431129
-65.163887
-65.196518
-65.322533
-65.191780
-65.446449
-65.114723
-65.323555
-65.255219
-65.365631
-65.244873
-65.163132
-65.165436
-65.127632
-65.355400
-65.242340
-65.191116
-65.178101
-65.180145
-65.273964
-65.206711
-65.259201
-65.280724
-65.144272
-65.178276
-65.192856
-65.335701
-65.164726
-65.158188
-65.242180
-65.318848
-65.097305
-65.162590
-65.407440
-65.224304
-65.227036
-65.303490
-65.323502
-65.287079
-65.134232
-65.375999
-65.298424
-65.233070
-65.268654
-65.292114
-65.367592
-65.207962
-65.343895
-65.241325
-65.423485
-65.223595
-65.236298
-65.320259
-65.301239
-65.350922
-65.258919
-65.252129
-65.338387
-65.319862
-65.349106
-65.217796
-65.421188
-65.345383
-65.312202
-65.300087
-65.411522
-65.306747
-65.298363
-65.283569
-65.325821
-65.252243
-65.424141
-65.391205
-65.349564
-65.194687
-65.388855
-65.406593
-65.261307
-65.272263
-65.297699
-65.526871
-65.259392
-65.406273
-65.387131
-65.314743
-65.309845
-65.402122
-65.373489
-65.301796
-65.392296
-65.352142
-65.376312
-65.437447
-65.330673
-65.333786
-65.292824
-65.383682
-65.459152
-65.323357
-65.388565
-65.368767
-65.573509
-65.290993
-65.328285
-65.540955
-65.304268
-65.408470
-65.284309
-65.543381
-65.358658
-65.343781
-65.332237
-65.389122
-65.318222
-65.201141
-65.447670
-65.351936
-65.303123
-65.310524
-65.255844
-65.300224
-65.205307
-65.411514
-65.356964
-65.407318
-65.284142
-65.182838
-65.368408
-65.338097
-65.508881
-65.261459
-65.297539
-65.444038
-65.349815
-65.497093
-65.145134
-65.380623
-65.396744
-65.338615
-65.360023
-65.329834
-65.481827
-65.260986
-65.342766
-65.376610
-65.300690
-65.437569
-65.411850
-65.386421
-65.355659
-65.410202
-65.439774
-65.405159
-65.361076
-65.474609
-65.481735
-65.425415
-65.361206
-65.525650
-65.461243
-65.512863
-65.499458
-65.460861
-65.513115
-65.572899
-65.599014
-65.591904
-65.632736
-65.640884
-65.507057
-65.662041
-65.854118
-65.669685
-65.694397
-65.682106
-65.900856
-65.823242
-65.844330
-65.913513
-65.986755
-65.992661
-65.946335
-66.037399
-66.041565
-66.096497
-66.246147
-66.063087
-66.164375
-66.221931
-66.399590
-66.190285
-66.184784
-66.395935
-66.259216
-66.457512
-66.281990
-66.569901
-66.303246
-66.350388
-66.488037
-66.396805
-66.657860
-66.454140
-66.528870
-66.535828
-66.584198
-66.581635
-66.697556
-66.695610
-66.669823
-66.864540
-66.590622
-66.899040
-66.832977
-66.794052
-66.919151
-66.840813
-67.023445
-66.717735
-67.028923
-66.994286
-66.950279
-66.996284
-66.970360
-67.138474
-67.002014
-67.086365
-67.177910
-67.206413
-67.174370
-66.995224
-67.311432
-67.192581
-67.280228
-67.278519
-67.256783
-67.142509
-67.197647
-67.424370
-67.265091
-67.202934
-67.312332
-67.281754
-67.426521
-67.285126
-67.384308
-67.311295
-67.358315
-67.383011
-67.362785
-67.489243
-67.397057
-67.365242
-67.454369
-67.442383
-67.559738
-67.457207
-67.515472
-67.546387
-67.761887
-67.594193
-67.678993
-67.606285
-67.719269
-67.609039
-67.679008
-67.665192
-67.469017
-67.627777
-67.584114
-67.606644
-67.500786
-67.539330
-67.630943
-67.517593
-67.455444
-67.724388
-67.700020
-67.659302
-67.646820
-67.805336
-67.721848
-67.827950
-67.895676
-67.847687
-67.592598
-67.878517
-67.726357
-67.726707
-67.749557
-67.704971
-67.704430
-67.649963
-67.912964
-67.646584
-67.747269
-67.594353
-67.808586
-67.850090
-67.733688
-67.993797
-67.759285
-67.897346
-67.714966
-68.040085
-67.904549
-67.921684
-67.991997
-68.010117
-68.094467
-68.032478
-68.248230
-68.012413
-68.083687
-68.149467
-68.165344
-68.186676
-68.042137
-68.145958
-68.090958
-68.007385
-67.995865
-68.127831
-68.108330
-67.933601
-68.153854
-68.133553
-68.284492
-67.952202
-67.992867
-68.194588
-68.186256
-68.322090
-68.041222
-68.265236
-68.188560
-68.367638
-68.260712
-68.260689
-68.407082
-68.359207
-68.472855
-68.420906
-68.613358
-68.530220
-68.594391
-68.477760
-68.518349
-68.662300
-68.605698
-68.621117
-68.594246
-68.824417
-68.539192
-68.586151
-68.772095
-68.748146
-68.702370
-68.708992
-68.783516
-68.709946
-68.621841
-68.728279
-68.769691
-68.761528
-68.621742
-68.620491
-68.721764
-68.703545
-68.582794
-68.493385
-68.582260
-68.686836
-68.609200
-68.414314
-68.570976
-68.289146
-68.386337
-68.245979
-68.219322
-68.060677
-68.248787
-68.251617
-68.084427
-68.126541
-67.991783
-67.966843
-67.956078
-68.046577
-67.985031
-67.976517
-67.935417
-67.946060
-67.921005
-68.127083
-67.919052
-68.019875
-67.972290
-68.134033
-68.017860
-67.781059
-67.823036
-67.948929
-67.938728
-67.737350
-67.744919
-67.711563
-67.817200
-67.483810
-67.513077
-67.588936
-67.617928
-67.660149
-67.446404
-67.585602
-67.580132
-67.519470
-67.362099
-67.407463
-67.569405
-67.302780
-67.459610
-67.418259
-67.456314
-67.424660
-67.250450
-67.346321
-67.282608
-67.395210
-67.231636
-67.404434
-67.235565
-67.271507
-67.175018
-67.228249
-67.299278
-67.135094
-67.262680
-67.036087
-67.281052
-67.181114
-67.124718
-67.229553
-67.104362
-67.207367
-67.205566
-67.225700
-67.121437
-67.191727
-67.294632
-67.230972
-67.273415
-67.158585
-67.222984
-67.148323
-67.302895
-67.002434
-67.111107
-67.185287
-67.144295
-66.989807
-67.027222
-67.248825
-67.094833
-67.107254
-67.059128
-67.134674
-67.150383
-67.183945
-67.225548
-67.109413
-67.242432
-67.107689
-67.166634
-67.186592
-67.160950
-67.138084
-67.011314
-67.254288
-67.144791
-67.158112
-67.263016
-67.225502
-67.225563
-67.212326
-67.392715
-67.311081
-67.365410
-67.490616
-67.482452
-67.312157
-67.480057
-67.542343
-67.535980
-67.444511
-67.431938
-67.391342
-67.412590
-67.305206
-67.264473
-67.180931
-67.242867
-67.086090
-67.020729
-66.989525
-66.943207
-66.836433
-66.828850
-66.735565
-66.699928
-66.722054
-66.642120
-66.538841
-66.596779
-66.513313
-66.539467
-66.367065
-66.429596
-66.401680
-66.421059
-66.427109
-66.443443
-66.532990
-66.417625
-66.589523
-66.709854
-66.695564
-66.770020
-66.857361
-66.975807
-66.979767
-67.105133
-67.219398
-67.120758
-67.353935
-67.355614
-67.337448
-67.245186
-67.499062
-67.334679
-67.360359
-67.593506
-67.519966
-67.525368
-67.412621
-67.606789
-67.525650
-67.697227
-67.802994
-67.674507
-67.519981
-67.466347
-67.952042
-67.717621
-67.378036
-67.518761
-67.628731
-67.592789
-67.522034
-67.572578
-67.506866
-67.575905
-67.545654
-67.612762
-67.770096
-67.648819
-67.753067
-67.853790
-67.922668
-67.764992
-67.822815
-67.968460
-67.598618
-67.749893
-67.827187
-67.768303
-67.487091
-67.471069
-67.589340
-67.393822
-67.380249
-67.291725
-67.537384
-67.339249
-67.331108
-67.246460
-67.198555
-67.203125
-67.126312
-67.165680
-67.117615
-67.031128
-67.179321
-67.027740
-67.035858
-66.766182
-66.893570
-66.804596
-66.817078
-66.595268
-66.553940
-66.868347
-66.665520
-66.517052
-66.621330
-66.742279
-66.585075
-66.605316
-66.680397
-66.688309
-66.798492
-66.523705
-66.616928
-66.620323
-66.512695
-66.523293
-66.511627
-66.637909
-66.347511
-66.582214
-66.504715
-66.691574
-66.581306
-66.658524
-66.497787
-66.578514
-66.717789
-66.598808
-66.565567
-66.687851
-66.739326
-66.660446
-66.761436
-66.852112
-66.674492
-66.724785
-66.825783
-67.075012
-66.944969
-66.832764
-67.123581
-67.358833
-67.338715
-67.301781
-67.418526
-67.572945
-67.554794
-67.481827
-67.562294
-67.688370
-67.706429
-67.716316
-67.767586
-67.752426
-67.586075
-67.532196
-67.554291
-67.783478
-67.726563
-67.743118
-67.710312
-67.724304
-67.850510
-67.789383
-67.847534
-67.981033
-68.039330
-67.853195
-67.926277
-67.953247
-67.990829
-68.165100
-68.019569
-67.900848
-68.121704
-68.006920
-67.997772
-68.057098
-68.124649
-68.123947
-68.275055
-68.348297
-68.157669
-68.300407
-68.223679
-68.295898
-68.311897
-68.469231
-68.264908
-68.440590
-68.605087
-68.331207
-68.430382
-68.403381
-68.604164
-68.533401
-68.649391
-68.561768
-68.556328
-68.659119
-68.508377
-68.706200
-68.577171
-68.517784
-68.375732
-68.494453
-68.604378
-68.582825
-68.528648
-68.306656
-68.684341
-68.557419
-68.555290
-68.657722
-68.682365
-68.852875
-68.769470
-68.909843
-68.730461
-68.673866
-68.783409
-68.779770
-68.894257
-68.771698
-68.744537
-68.746017
-68.764618
-68.856682
-68.803146
-68.918640
-68.664284
-68.884995
-68.828331
-68.919876
-68.679100
-68.776543
-68.727516
-68.733978
-68.753830
-68.693031
-68.739372
-68.556412
-68.658195
-68.588974
-68.810669
-68.792435
-68.765434
-68.789375
-68.923447
-68.923264
-68.802231
-68.905876
-68.881363
-68.844131
-68.659790
-68.666702
-68.619690
-68.630402
-68.502151
-68.348694
-68.364204
-68.218002
-68.333748
-68.148529
-68.244560
-68.164742
-68.145607
-68.277054
-68.275787
-68.218147
-68.207718
-68.256607
-68.102371
-68.256989
-68.328865
-68.122993
-68.100060
-67.849091
-67.986572
-68.041222
-67.840294
-67.743065
-67.720772
-67.911713
-67.835144
-67.857590
-67.927711
-67.963066
-67.980370
-67.986145
-67.886681
-67.755669
-67.837891
-67.754486
-67.664703
-67.651093
-67.611794
-67.571037
-67.275719
-67.381828
-67.619621
-67.541809
-67.241982
-67.366020
-67.582756
-67.545761
-67.322731
-67.362511
-67.105057
-67.109093
-67.137573
-67.094650
-66.675545
-66.632904
-66.614685
-66.312164
-66.311241
-65.972786
-65.946373
-66.019547
-65.941788
-65.869843
-65.775703
-65.683075
-65.612701
-65.722603
-65.699783
-65.622177
-65.574501
-65.295807
-65.350410
-65.314949
-65.292183
-65.260590
-65.118500
-65.118874
-65.104416
-65.289467
-65.223244
-65.237144
-65.295784
-65.158676
-65.254059
-65.304893
-65.301979
-64.932533
-64.718620
-65.004738
-65.045906
-64.829651
-64.813965
-64.889084
-64.948647
-64.913887
-65.122337
-65.095352
-65.348015
-65.310005
-65.355148
-65.312798
-65.363014
-65.366356
-65.327904
-65.392670
-65.442879
-65.321129
-65.215019
-65.242729
-65.435730
-65.510689
-65.612328
-65.658875
-65.540939
-65.786865
-65.916405
-65.998711
-65.915924
-65.758438
-65.882805
-65.956543
-65.977798
-66.003426
-65.881233
-65.963379
-65.916725
-65.824821
-65.852554
-66.036964
-66.003235
-65.867531
-65.914894
-66.076775
-66.209488
-66.264969
-66.194283
-66.108345
-66.221649
-66.334419
-66.363152
-66.332031
-66.305428
-66.254181
-66.186058
-66.108269
-65.975151
-65.884041
-65.947998
-65.833405
-66.071953
-66.028702
-65.911263
-65.669632
-65.734612
-65.942558
-65.902374
-65.977058
-65.903542
-65.876038
-65.843582
-66.076744
-65.970139
-65.935417
-65.852760
-65.959114
-66.124245
-66.010971
-65.840698
-65.825775
-66.014397
-66.013092
-66.071388
-66.017021
-66.082680
-66.050224
-66.123550
-66.080513
-66.187149
-66.419357
-66.419220
-66.345428
-66.374161
-66.596611
-66.665871
-66.576019
-66.618912
-66.693901
-66.803062
-66.544075
-66.606598
-66.608116
-66.644218
-66.664063
-66.493835
-66.460953
-66.401665
-66.229393
-66.201920
-66.312065
-66.335281
-66.183388
-66.148972
-66.266800
-66.305252
-66.289764
-66.359268
-66.402077
-66.505890
-66.528091
-66.754784
-66.809921
-66.816742
-66.823715
-66.898605
-67.055573
-67.097679
-67.042458
-67.147232
-67.239960
-67.265556
-67.163742
-67.198631
-67.239326
-67.205582
-66.918831
-66.866150
-67.030502
-67.215965
-66.866638
-66.760323
-66.841965
-66.800301
-66.788757
-66.560669
-66.570251
-66.569748
-66.691048
-66.626541
-66.629700
-66.686478
-66.685478
-66.623421
-66.646278
-66.494926
-66.536575
-66.517593
-66.475311
-66.460686
-66.516594
-66.504608
-66.583534
-66.732903
-66.737625
-66.838303
-66.754692
-66.859192
-66.860092
-66.694344
-66.773613
-66.991150
-66.767296
-66.849747
-66.734886
-66.530296
-66.549500
-66.498016
-66.389038
-66.163704
-66.327675
-66.459869
-66.477020
-66.298355
-66.301697
-66.371063
-66.405396
-66.358910
-66.448120
-66.696083
-66.645950
-66.850410
-66.836281
-66.837029
-66.898674
-67.055901
-67.151253
-67.178986
-67.283905
-67.246017
-67.450035
-67.409683
-67.390335
-67.326576
-67.247536
-67.183121
-66.943810
-66.993378
-66.669571
-66.618721
-66.257271
-66.186256
-66.235558
-66.155029
-65.875015
-65.808754
-65.907623
-65.644852
-65.523048
-65.565208
-65.569504
-65.397369
-65.373222
-65.527863
-65.468826
-65.433235
-65.435234
-65.391968
-65.487175
-65.375221
-65.323425
-65.244026
-65.324455
-65.042160
-64.797371
-64.796600
-64.677269
-64.584068
-64.469597
-64.527229
-64.520706
-64.509308
-64.428940
-64.500954
-64.716545
-64.679634
-64.648293
-64.862846
-64.990242
-64.898262
-65.021843
-64.976486
-64.842628
-64.842651
-64.892990
-64.807739
-64.636314
-64.777573
-64.771065
-64.646851
-64.448051
-64.649734
-64.674149
-64.696762
-64.570930
-64.821533
-65.001297
-64.953499
-65.032524
-65.002602
-65.113022
-64.970398
-65.159775
-65.194374
-65.170189
-65.016930
-64.957336
-65.152580
-65.250290
-65.101837
-65.171280
-65.387291
-65.563171
-65.377518
-65.499626
-65.812035
-65.933929
-65.640396
-65.691032
-65.743225
-65.736839
-65.695221
-65.642029
-65.522346
-65.466766
-65.428192
-65.459610
-65.486115
-65.450882
-65.338371
-65.318718
-65.356697
-65.314339
-65.335075
-65.269821
-65.186462
-65.216522
-65.071503
-64.962982
-64.953560
-64.824738
-64.720520
-64.630096
-64.583488
-64.510582
-64.738586
-64.757919
-64.675186
-64.722679
-64.602058
-64.930511
-64.686775
-64.797295
-64.770287
-64.757027
-64.560921
-64.696175
-64.709167
-64.620468
-64.289352
-64.476257
-64.533516
-64.406677
-64.381042
-64.446648
-64.432205
-64.424034
-64.365845
-64.432159
-64.472603
-64.553093
-64.542267
-64.540100
-64.680611
-64.685646
-64.602242
-64.671318
-64.772072
-64.638428
-64.602280
-64.580505
-64.645981
-64.648811
-64.589508
-64.580391
-64.690468
-64.578148
-64.456055
-64.472305
-64.496765
-64.584229
-64.814415
-64.834465
-64.654175
-64.767860
-64.693748
-64.907158
-64.984344
-65.028931
-65.116798
-65.054932
-64.941734
-64.982735
-64.972229
-64.787010
-64.730789
-64.743591
-64.612213
-64.434479
-64.184135
-64.006859
-63.798843
-63.708775
-63.452602
-63.224445
-63.174442
-63.074482
-62.951004
-62.679031
-62.351913
-62.357548
-62.395084
-62.609425
-62.525127
-62.424873
-62.394863
-62.299244
-62.227100
-62.285877
-62.140827
-61.786499
-61.685509
-61.722214
-61.391720
-61.096497
-60.944077
-60.947357
-60.666538
-60.417858
-60.414028
-60.368687
-60.236408
-60.248669
-60.173176
-59.778164
-59.776173
-59.874672
-59.934013
-59.813309
-59.728432
-59.888447
-59.828648
-59.617462
-59.633335
-59.812054
-59.436260
-59.404156
-59.500378
-59.408195
-59.361996
-59.380619
-59.239262
-59.231728
-59.043732
-58.929382
-58.943310
-59.182873
-59.283760
-58.882458
-58.730160
-58.837158
-58.932987
-58.935024
-58.906521
-58.648369
-58.511429
-58.628372
-58.728596
-58.648689
-58.468956
-58.247322
-58.146446
-58.483650
-58.331776
-58.198483
-58.144016
-58.115410
-58.186470
-58.037380
-57.991871
-57.882847
-58.015270
-58.042355
-57.876873
-57.916092
-57.828659
-57.774036
-57.576225
-57.701683
-57.873764
-57.999409
-57.884865
-57.903343
-58.014343
-57.998196
-58.219517
-58.064083
-57.975910
-57.971031
-57.955391
-58.118179
-57.755638
-57.539612
-57.356083
-57.177170
-56.857315
-56.585175
-56.370022
-56.196815
-55.980225
-55.635406
-55.337498
-55.091606
-54.709805
-54.371696
-54.119152
-53.774014
-53.353477
-52.951378
-52.476746
-52.041775
-51.550304
-50.994926
-50.476219
-49.972679
-49.431297
-48.834949
-48.477207
-47.895138
-47.260151
-46.671688
-46.269745
-45.836845
-45.218220
-44.646481
-44.112888
-43.572948
-42.857361
-42.366444
-41.735497
-41.244320
-40.455696
-39.914608
-39.353458
-38.645706
-38.091259
-37.511185
-37.024662
-36.263916
-35.755299
-35.361900
-34.805733
-34.233006
-33.657219
-33.184761
-32.601955
-32.174881
-31.614744
-31.091822
-30.583570
-29.963053
-29.491272
-29.017384
-28.622374
-27.996754
-27.474672
-26.948723
-26.675579
-26.187613
-25.645844
-25.330709
-24.872555
-24.541222
-23.944387
-23.599642
-23.039038
-22.640356
-22.116198
-21.725645
-21.277693
-20.841223
-20.241970
-19.795374
-19.372700
-18.931332
-18.454201
-17.954845
-17.466118
-17.045242
-16.788481
-16.459841
-16.028933
-15.610419
-15.051496
-14.843311
-14.710481
-14.488427
-14.028252
-13.789756
-13.389631
-13.271667
-12.981990
-12.661173
-12.324983
-12.104670
-11.953185
-11.809625
-11.559856
-11.352737
-11.093328
-10.977872
-10.674902
-10.568007
-10.474248
-10.356946
-10.245050
-10.083503
-10.034379
-9.868804
-9.758006
-9.598017
-9.507635
-9.518288
-9.386735
-9.281637
-9.200194
-9.100650
-8.998187
-8.849769
-8.775279
-8.761526
-8.752714
-8.446484
-8.475019
-8.458313
-8.390052
-8.302545
-8.190664
-8.185464
-8.107214
-8.105579
-8.002731
-8.036077
-7.906747
-7.805992
-7.742344
-7.758508
-7.672173
-7.686397
-7.535591
-7.454264
-7.429875
-7.399311
-7.267067
-7.323182
-7.198620
-7.102822
-7.055237
-7.051486
-6.963711
-6.802790
-6.837688
-6.792830
-6.593997
-6.591422
-6.598196
-6.407395
-6.370995
-6.345919
-6.272315
-6.245281
-6.045167
-6.060090
-6.109937
-6.104635
-6.055135
-5.981480
-5.840960
-5.826664
-5.847010
-5.903121
-5.807630
-5.681339
-5.660292
-5.587625
-5.443656
-5.551415
-5.396890
-5.389935
-5.232198
-5.325042
-5.221969
-5.177038
-5.064795
-5.029015
-5.008218
-4.915636
-4.821986
-4.731781
-4.682106
-4.532440
-4.455935
-4.473492
-4.310973
-4.250634
-4.162314
-4.031440
-4.109585
-4.046412
-3.918926
-3.844373
-3.896909
-3.758376
-3.641425
-3.636921
-3.550783
-3.432104
-3.295835
-3.282575
-3.275625
-3.183638
-3.007694
-2.801037
-2.863422
-2.863657
-2.812204
-2.741311
-2.743408
-2.694548
-2.537919
-2.651826
-2.502769
-2.515425
-2.383593
-2.403289
-2.266916
-2.341979
-2.186223
-2.086548
-2.026152
-1.961457
-2.037221
-1.808498
-1.863524
-1.737776
-1.724403
-1.688585
-1.696446
-1.642332
-1.513274
-1.523228
-1.443559
-1.429536
-1.505970
-1.381689
-1.299369
-1.306684
-1.376801
-1.277782
-1.217204
-1.150365
-1.285889
-1.192014
-1.075036
-1.091713
-1.109326
-1.165033
-1.120919
-1.082030
-0.932113
-0.900799
-0.905362
-0.941854
-0.945858
-0.933968
-0.897994
-0.842651
-0.932162
-0.803739
-0.775237
-0.884526
-0.859614
-0.775608
-0.881324
-0.943634
-0.802413
-0.632445
-0.899729
-0.708613
-0.710510
-0.673739
-0.731618
-0.593392
-0.665880
-0.594309
-0.551106
-0.398314
-0.479612
-0.400945
-0.383374
-0.336428
-0.405432
-0.353636
-0.105486
-0.281339
-0.283987
-0.251523
-0.281617
-0.451732
-0.284329
-0.385831
-0.388844
-0.447353
-0.513025
-0.375700
-0.440328
-0.558322
-0.534968
-0.554311
-0.536963
-0.505873
-0.483579
-0.546199
-0.532909
-0.624305
-0.494185
-0.683302
-0.629511
-0.691809
-0.622658
-0.601578
-0.548101
-0.679913
-0.743904
-0.709909
-0.682053
-0.640715
-0.808251
-0.721126
-0.832375
-0.771667
-0.831960
-0.857161
-0.867789
-0.852955
-0.938007
-0.957829
-0.816776
-0.884124
-0.942029
-0.914697
-0.848064
-0.894865
-0.984505
-0.847916
-0.949661
-0.920670
-0.905817
-0.921074
-0.881961
-0.940360
-0.974963
-1.031083
-0.912203
-0.873319
-0.969125
-1.038099
-1.019053
-1.049642
-0.974531
-1.034610
-1.072348
-1.150328
-1.137815
-1.240378
-1.208442
-1.242645
-1.343308
-1.349397
-1.375426
-1.361559
-1.480257
-1.374827
-1.452021
-1.411889
-1.405775
-1.346912
-1.352649
-1.376773
-1.382814
-1.348003
-1.384231
-1.418015
-1.396849
-1.596390
-1.555945
-1.499759
-1.461561
-1.536943
-1.413691
-1.448124
-1.446763
-1.262084
-1.159068
-1.176420
-1.219547
-1.116113
-1.043292
-0.947339
-0.833487
-0.963366
-1.008719
-1.056240
-0.979517
-0.944921
-0.949396
-1.004679
-0.903123
-0.922085
-1.132671
-0.840709
-0.796024
-0.808061
-0.930116
-0.704538
-0.596771
-0.746611
-0.645197
-0.549575
-0.468100
-0.356928
-0.337918
-0.270739
-0.288750
-0.190213
-0.332231
-0.100473
-0.196133
-0.190876
-0.092717
0.045512
-0.059659
-0.099156
-0.064457
0.005458
0.110399
0.215442
0.090007
0.082366
0.137895
0.198267
0.142195
0.250311
0.138934
0.240294
0.327455
0.235404
0.284440
0.530708
0.570368
0.594988
0.722300
0.863572
0.802228
0.840678
0.818494
0.746051
0.701913
0.649875
0.605616
0.661624
0.626402
0.573494
0.499892
0.586153
0.598969
0.738256
0.729844
0.861262
0.875894
1.003071
1.029343
0.936130
0.878938
0.964412
0.903369
0.925373
1.027907
0.947089
0.864847
0.842217
0.828529
0.846566
0.717950
0.815790
0.879952
0.904857
0.829660
0.785854
0.811951
0.746974
0.569514
0.624672
0.599699
0.635826
0.560790
0.424143
0.279548
0.350334
0.321081
0.350582
0.441643
0.343081
0.290366
0.273979
0.522512
0.385594
0.363888
0.300050
0.290100
0.302048
0.322966
0.370827
0.285988
0.209800
0.144512
0.131832
0.109506
0.175544
0.085480
0.124816
0.204709
0.166678
0.167581
0.135576
0.072086
0.131973
0.129726
0.074596
0.091555
0.093092
0.027485
0.018832
-0.000011
-0.250796
-0.167158
-0.168506
-0.100975
-0.174183
-0.203067
-0.321208
-0.225217
-0.300380
-0.327830
-0.315982
-0.329557
-0.269387
-0.446684
-0.252270
-0.355081
-0.360515
-0.469243
-0.339377
-0.247219
-0.303255
-0.262128
-0.282849
-0.160928
-0.166611
-0.207569
-0.194570
-0.166098
-0.229433
-0.086999
-0.029444
-0.066213
-0.086696
-0.011966
-0.082601
-0.011072
0.065680
0.116460
0.101976
0.102234
0.123789
0.131272
0.209437
0.181887
0.114167
0.164514
0.197697
0.220360
0.185512
0.193099
0.094198
0.195976
0.234456
0.206288
0.202606
0.262180
0.216539
0.256863
0.290810
0.247925
0.191271
0.316631
0.218209
0.270370
0.164761
0.273854
0.189694
0.223743
0.017302
0.158168
0.223868
0.119114
0.145230
0.207976
0.188240
0.159041
0.151751
0.263287
0.186377
0.222709
0.284925
0.314514
0.212744
0.258524
0.359385
0.277517
0.262023
0.289104
0.377710
0.305679
0.290986
0.250469
0.315218
0.329438
0.313400
0.307616
0.324661
0.329296
0.251993
0.378652
0.407518
0.318660
0.309214
0.316272
0.408127
0.338110
0.350337
0.379328
0.251135
0.296345
0.324440
0.310066
0.248622
0.280693
0.224235
0.145072
0.272551
0.234244
0.259710
0.251678
0.286950
0.159261
0.125155
0.315766
0.227923
0.152658
0.095624
0.245148
0.239638
0.092873
0.199015
0.110986
0.149342
0.107925
0.209356
0.146319
0.175934
0.055437
0.048136
0.189337
0.115280
0.064124
-0.009826
0.059725
-0.029067
-0.055500
-0.109280
-0.122471
-0.198506
-0.246177
-0.327253
-0.279262
-0.377924
-0.389417
-0.420888
-0.409077
-0.337894
-0.473850
-0.495617
-0.562015
-0.525338
-0.594914
-0.507831
-0.566151
-0.707151
-0.676080
-0.719005
-0.720436
-0.757779
-0.751480
-0.761208
-0.831214
-0.772842
-0.868793
-0.840961
-0.861190
-0.827246
-0.899729
-0.848490
-0.873124
-0.885507
-0.875654
-0.941250
-0.856906
-0.924703
-0.913192
-0.929220
-0.850275
-0.864853
-0.853690
-0.911947
-0.850365
-0.777902
-0.819874
-0.753782
-0.753353
-0.709774
-0.811377
-0.712614
-0.730306
-0.826421
-0.790887
-0.628278
-0.724206
-0.743450
-0.670772
-0.731614
-0.693256
-0.719838
-0.634311
-0.657473
-0.627152
-0.669452
-0.632513
-0.581476
-0.616955
-0.632381
-0.574749
-0.611082
-0.657142
-0.559373
-0.534754
-0.582805
-0.536703
-0.567064
-0.502597
-0.529887
-0.574147
-0.487695
-0.453585
-0.435357
-0.668590
-0.488576
-0.459918
-0.454123
-0.535528
-0.460540
-0.509673
-0.576520
-0.443092
-0.486123
-0.537807
-0.569618
-0.488576
-0.438048
-0.572441
-0.514141
-0.473435
-0.504433
-0.496885
-0.506678
-0.470476
-0.568209
-0.395570
-0.555954
-0.496519
-0.497231
-0.447676
-0.397456
-0.504245
-0.385153
-0.391232
-0.302176
-0.322594
-0.204918
-0.221159
-0.206854
-0.185069
-0.111212
-0.093426
-0.087624
-0.071235
-0.101718
-0.024096
-0.020470
-0.031173
-0.051575
-0.061684
-0.044405
-0.048891
0.061579
0.048625
0.054930
0.031306
0.117630
0.166791
0.107559
0.097884
0.178610
0.230353
0.195671
0.164219
0.226223
0.146174
0.183195
0.229342
0.214432
0.238557
0.237223
0.222249
0.289727
0.260203
0.275138
0.327232
0.352440
0.276705
0.366703
0.295746
0.289056
0.338133
0.321155
0.327895
0.304923
0.331844
0.261817
0.360849
0.355975
0.310795
0.282386
0.362981
0.369501
0.370232
0.387090
0.399564
0.367583
0.347499
0.367813
0.429352
0.351111
0.450573
0.339730
0.386898
0.390950
0.449254
0.346971
0.467403
0.425294
0.338091
0.443449
0.439074
0.364298
0.356445
0.421959
0.472765
0.485156
0.400312
0.392327
0.411339
0.430474
0.392006
0.461425
0.405281
0.411205
0.422032
0.366458
0.439067
0.376945
0.374404
0.322216
0.348310
0.365775
0.337864
0.311156
0.291468
0.288440
0.263379
0.258188
0.258797
0.280419
0.256199
0.164987
0.196891
0.253094
0.228746
0.170246
0.108035
0.109383
0.164320
0.134929
0.139900
0.098688
0.061844
0.014824
0.079275
0.093364
0.030556
-0.030625
0.006520
0.012708
0.015194
-0.038638
-0.086499
-0.033138
-0.067740
-0.100045
-0.053837
0.003610
-0.128324
-0.190352
-0.101863
-0.005651
-0.058530
-0.162275
-0.160784
-0.112171
-0.101321
-0.106186
-0.139539
-0.135527
-0.181835
-0.143768
-0.179428
-0.094082
-0.161392
-0.161342
-0.186268
-0.121761
-0.112041
-0.191032
-0.197967
-0.223936
-0.118198
-0.177759
-0.245465
-0.158304
-0.225766
-0.175591
-0.188817
-0.213956
-0.250522
-0.221009
-0.201800
-0.148664
-0.221580
-0.254287
-0.238274
-0.289770
-0.268740
-0.314590
-0.317740
-0.364831
-0.316519
-0.322168
-0.353317
-0.446187
-0.386404
-0.392851
-0.370820
-0.401995
-0.406540
-0.445987
-0.364894
-0.458019
-0.426241
-0.452896
-0.528617
-0.470940
-0.440980
-0.465973
-0.483733
-0.484438
-0.540204
-0.483526
-0.491551
-0.404496
-0.564342
-0.491112
-0.371374
-0.456515
-0.521197
-0.415228
-0.510702
-0.511698
-0.494539
-0.421918
-0.463276
-0.436495
-0.460496
-0.433569
-0.432852
-0.510195
-0.421740
-0.425218
-0.471605
-0.375256
-0.376981
-0.442105
-0.438044
-0.424428
-0.403210
-0.484913
-0.352500
-0.354323
-0.361180
-0.449350
-0.332254
-0.407923
-0.413079
-0.373262
-0.313198
-0.375456
-0.348215
-0.304095
-0.364581
-0.292038
-0.309737
-0.270295
-0.253084
-0.242311
-0.248826
-0.188554
-0.175251
-0.247670
-0.108052
-0.199912
-0.090602
-0.194985
-0.133986
-0.127942
-0.061288
-0.041923
-0.051933
-0.073481
-0.065408
-0.025107
-0.002279
0.023111
0.054352
-0.036079
0.028361
0.103148
0.069142
0.072614
0.091396
0.116003
0.093708
0.171620
0.113158
0.100394
0.127863
0.177125
0.209468
0.121691
0.150076
0.108579
0.211621
0.124169
0.237182
0.172758
0.141339
0.179488
0.171764
0.269546
0.158806
0.188007
0.155677
0.224395
0.226087
0.195108
0.199321
0.202653
0.184247
0.146264
0.186786
0.185713
0.225441
0.187079
0.186777
0.142687
0.183124
0.161737
0.237211
0.180049
0.075570
0.179873
0.130926
0.144126
0.163202
0.157732
0.167354
0.082630
0.123704
0.091670
0.083922
0.135162
0.027448
0.072527
0.039412
0.066233
0.074005
-0.010419
0.051769
-0.006176
-0.027063
-0.075283
-0.045557
-0.042111
-0.050429
-0.071359
-0.072844
-0.080782
-0.136342
-0.090627
-0.105118
-0.136563
-0.160084
-0.142835
-0.190382
-0.155086
-0.206398
-0.201918
-0.281617
-0.229822
-0.201898
-0.248821
-0.196255
-0.283294
-0.324377
-0.272706
-0.276413
-0.307850
-0.374548
-0.377497
-0.319577
-0.295531
-0.419778
-0.396746
-0.396011
-0.373844
-0.429826
-0.395633
-0.432920
-0.433220
-0.468164
-0.472134
-0.447513
-0.464525
-0.523687
-0.480016
-0.493922
-0.563945
-0.511820
-0.486350
-0.526649
-0.544881
-0.545319
-0.522648
-0.648974
-0.500362
-0.557150
-0.575324
-0.596062
-0.565521
-0.577433
-0.593707
-0.574490
-0.601084
-0.584876
-0.669106
-0.574020
-0.628633
-0.646798
-0.700486
-0.634892
-0.620423
-0.676741
-0.648391
-0.682604
-0.672731
-0.708454
-0.678974
-0.678349
-0.704585
-0.729353
-0.719844
-0.686224
-0.681473
-0.770426
-0.719721
-0.712668
-0.725284
-0.800900
-0.683113
-0.744914
-0.780796
-0.760527
-0.730280
-0.737765
-0.805455
-0.688412
-0.783641
-0.765283
-0.785356
-0.633291
-0.746571
-0.789389
-0.784340
-0.708818
-0.783935
-0.785008
-0.734126
-0.756912
-0.736681
-0.801148
-0.726776
-0.720216
-0.816418
-0.792071
-0.769794
-0.737330
-0.723582
-0.733279
-0.730315
-0.780024
-0.736923
-0.712842
-0.729502
-0.783384
-0.722594
-0.627182
-0.757847
-0.763845
-0.739563
-0.683708
-0.666305
-0.757084
-0.699266
-0.694459
-0.717755
-0.688920
-0.644130
-0.678857
-0.721231
-0.642985
-0.607871
-0.597644
-0.699005
-0.673341
-0.671580
-0.613849
-0.620665
-0.602107
-0.642402
-0.675196
-0.583183
-0.639894
-0.597693
-0.639162
-0.637987
-0.569516
-0.573811
-0.532351
-0.621651
-0.572777
-0.629488
-0.561785
-0.606947
-0.487487
-0.629700
-0.594067
-0.553331
-0.524961
-0.534192
-0.613307
-0.464197
-0.530970
-0.453580
-0.589957
-0.508421
-0.500489
-0.478659
-0.520115
-0.459684
-0.497883
-0.463728
-0.493152
-0.393967
-0.514136
-0.430052
-0.493825
-0.329000
-0.434444
-0.387908
-0.451052
-0.424741
-0.331543
-0.406778
-0.322339
-0.405771
-0.356527
-0.328321
-0.322376
-0.347413
-0.378468
-0.346555
-0.340760
-0.229656
-0.279064
-0.266541
-0.360601
-0.288504
-0.205269
-0.223042
-0.213700
-0.335640
-0.225312
-0.227348
-0.186108
-0.227304
-0.143325
-0.279143
-0.220469
-0.154095
-0.161457
-0.167983
-0.197640
-0.152548
-0.127407
-0.183563
-0.173177
-0.079661
-0.161019
-0.151450
-0.111547
-0.126817
-0.104542
-0.127916
-0.048817
-0.142774
-0.093030
-0.123991
-0.038492
-0.111060
0.006653
-0.139944
-0.088652
-0.106707
-0.052378
-0.064456
-0.044227
-0.113946
-0.061762
-0.091557
-0.044685
0.002972
-0.003597
-0.151409
-0.085247
0.000328
0.020691
-0.051492
-0.072607
-0.013065
-0.092773
0.007807
0.040529
-0.030200
-0.053651
-0.085940
-0.024930
0.012680
-0.014164
-0.039402
-0.037018
-0.022489
0.004492
0.010347
-0.079504
0.009291
0.001637
0.043969
-0.021263
-0.042082
0.017587
-0.065542
0.022291
-0.013980
-0.028758
-0.004209
-0.000377
-0.058854
-0.037984
0.061913
-0.054293
0.005072
-0.073822
0.026150
-0.032261
0.035450
-0.007082
0.000956
-0.032523
-0.035481
-0.040158
0.020649
-0.042629
-0.055216
-0.004923
-0.001193
-0.089081
-0.041721
-0.010486
-0.006701
-0.099756
-0.037316
-0.009806
-0.060365
-0.023264
-0.013831
-0.010843
-0.112899
-0.041178
-0.006878
-0.091264
-0.018562
-0.081663
-0.063819
-0.037166
-0.034640
-0.057877
-0.082131
-0.000134
-0.021392
-0.064204
-0.008583
-0.051696
-0.053670
-0.056826
-0.010579
-0.093206
-0.018784
-0.053479
-0.115879
-0.074426
-0.038615
0.017090
-0.146013
-0.043693
-0.075590
-0.046409
-0.069266
-0.110399
-0.034856
-0.064072
-0.114402
-0.061084
-0.025225
-0.114798
-0.162073
0.000737
-0.099514
-0.098062
-0.082238
-0.046774
-0.147279
-0.113847
-0.077984
-0.127872
-0.098560
-0.080229
-0.081749
-0.109354
-0.082799
-0.100936
-0.078567
-0.101804
-0.107533
-0.125775
-0.119014
-0.077454
-0.092448
-0.093418
-0.106567
-0.190652
-0.041953
-0.107253
-0.059426
-0.142123
-0.063397
-0.183977
-0.096611
-0.156979
-0.112838
-0.089835
-0.146033
-0.150620
-0.102053
-0.136997
-0.175325
-0.128391
-0.116324
-0.104908
-0.166589
-0.146976
-0.141955
-0.146066
-0.074766
-0.172376
-0.131591
-0.128762
-0.190787
-0.144537
-0.050055
-0.116985
-0.187840
-0.176591
-0.155651
-0.130887
-0.104735
-0.174675
-0.173949
-0.228290
-0.156483
-0.088565
-0.121858
-0.251516
-0.146204
-0.184425
-0.110050
-0.180043
-0.149880
-0.217870
-0.156956
-0.247152
-0.126386
-0.167874
-0.142111
-0.160032
-0.183974
-0.168588
-0.164822
-0.183318
-0.202209
-0.122808
-0.124664
-0.189534
-0.168489
-0.111140
-0.174290
-0.127061
-0.154924
-0.159252
-0.123744
-0.132827
-0.161799
-0.155521
-0.139981
-0.172303
-0.208719
-0.143380
-0.140737
-0.125835
-0.165015
-0.158378
-0.108240
-0.192576
-0.163436
-0.170128
-0.139154
-0.135486
-0.173192
-0.105733
-0.191960
-0.179971
-0.181017
-0.060320
-0.165856
-0.203749
-0.132231
-0.094102
-0.124717
-0.213066
-0.116693
-0.156597
-0.142359
-0.133554
-0.085085
-0.161082
-0.192919
-0.151199
-0.099742
-0.118036
-0.148940
-0.132413
-0.151041
-0.090108
-0.143759
-0.119159
-0.191427
-0.062904
-0.147498
-0.137319
-0.123787
-0.096857
-0.152412
-0.124351
-0.073518
-0.163123
-0.153544
-0.147539
-0.114789
-0.131738
-0.067617
-0.156095
-0.108371
-0.149686
-0.072829
-0.165258
-0.072356
-0.108637
-0.173752
-0.113606
-0.140193
-0.108665
-0.175989
-0.110181
-0.160979
-0.133444
-0.128301
-0.137790
-0.091728
-0.158525
-0.134020
-0.216869
-0.053017
-0.135412
-0.142510
-0.167075
-0.130164
-0.157138
-0.141912
-0.163342
-0.153354
-0.063229
-0.123525
-0.180920
-0.099489
-0.149564
-0.074205
-0.129709
-0.107277
-0.111636
-0.111804
-0.130364
-0.121514
-0.113628
-0.121969
-0.099028
-0.115300
-0.068147
-0.161894
-0.139015
-0.112149
-0.135505
-0.165176
-0.118801
-0.098469
-0.249692
-0.136465
-0.140578
-0.211944
-0.190845
-0.165786
-0.255210
-0.194914
-0.147582
-0.227432
-0.201235
-0.191944
-0.261765
-0.199257
-0.261172
-0.225481
-0.231113
-0.257710
-0.212607
-0.265986
-0.253478
-0.317046
-0.291684
-0.229110
-0.303215
-0.320960
-0.319841
-0.228461
-0.307311
-0.274436
-0.337579
-0.258889
-0.300541
-0.356734
-0.274217
-0.305416
-0.324889
-0.362037
-0.282632
-0.368907
-0.324705
-0.414826
-0.306388
-0.419463
-0.335926
-0.355654
-0.390297
-0.367506
-0.416128
-0.394419
-0.346767
-0.429794
-0.446839
-0.330993
-0.394300
-0.424811
-0.411444
-0.405611
-0.455584
-0.422116
-0.482182
-0.407713
-0.475881
-0.369867
-0.455980
-0.405117
-0.485334
-0.375533
-0.378585
-0.422975
-0.421857
-0.415622
-0.401570
-0.482671
-0.412091
-0.421103
-0.372052
-0.465540
-0.419571
-0.414556
-0.391776
-0.391566
-0.399221
-0.372737
-0.308717
-0.358301
-0.350517
-0.369812
-0.312738
-0.366965
-0.286955
-0.257725
-0.288432
-0.298249
-0.295503
-0.239122
-0.256710
-0.250198
-0.250292
-0.242456
-0.227105
-0.176179
-0.148733
-0.285310
-0.176800
-0.180952
-0.190679
-0.147167
-0.170822
-0.094402
-0.168738
-0.142926
-0.106035
-0.067479
-0.069911
0.000702
-0.030372
0.020662
0.013689
0.078044
0.081194
0.135669
0.111050
0.144088
0.193860
0.176522
0.148032
0.135574
0.254211
0.268713
0.241464
0.250453
0.320176
0.233111
0.313025
0.351211
0.428982
0.289131
0.365391
0.409283
0.408245
0.436579
0.426674
0.399079
0.433666
0.475778
0.391814
0.510076
0.446569
0.456544
0.517780
0.524936
0.580045
0.457345
0.577511
0.525287
0.702723
0.576885
0.581034
0.650820
0.626797
0.650506
0.697260
0.715555
0.606521
0.650632
0.719776
0.745844
0.690175
0.702777
0.737566
0.820038
0.747624
0.842130
0.785778
0.789909
0.844654
0.858789
0.810373
0.809055
0.947781
0.784390
0.759364
0.935967
0.986143
0.864452
0.833195
0.998117
0.835382
0.971519
0.915751
1.001625
0.934357
0.900668
0.992341
0.998964
1.022889
0.874841
1.058471
1.038114
1.014196
0.979725
1.040592
1.128965
0.995934
1.067513
1.152792
1.033873
1.079012
1.077783
1.137135
1.111365
1.138782
1.086403
1.175497
1.054674
1.098601
1.099865
1.133299
1.088632
1.049490
1.110708
1.143938
1.052084
1.064471
1.060703
1.044074
1.062958
1.124881
1.008998
0.996840
1.063819
1.003472
1.066358
1.069488
1.043158
1.045833
1.085140
1.096775
1.115619
1.089274
1.040233
1.117159
1.094088
1.054524
1.045940
1.077369
1.041910
0.987429
0.986916
1.006789
0.987588
0.967407
1.005666
1.013152
0.903314
1.033215
0.976030
0.992457
0.915301
1.042733
0.894157
0.890093
0.942159
0.931217
0.871619
0.923297
0.819181
0.802392
0.833089
0.856311
0.830556
0.862222
0.744784
0.822181
0.834452
0.859125
0.753017
0.789531
0.789616
0.792280
0.710378
0.727564
0.707690
0.675400
0.687053
0.726278
0.561339
0.606851
0.628811
0.707382
0.642577
0.568195
0.510947
0.628402
0.604104
0.436327
0.544687
0.414402
0.346187
0.259868
0.394692
0.206560
0.144334
0.141790
0.101485
0.127035
0.057067
0.082801
-0.011733
-0.046213
0.032331
-0.063361
-0.002335
-0.053127
-0.133364
-0.159382
-0.174754
-0.195281
-0.244694
-0.231796
-0.316171
-0.303891
-0.307326
-0.247462
-0.366734
-0.393195
-0.346752
-0.381841
-0.325724
-0.364661
-0.449557
-0.490063
-0.475012
-0.478972
-0.589917
-0.578672
-0.686478
-0.718030
-0.666884
-0.771839
-0.751846
-0.830410
-0.838201
-0.854559
-0.834643
-0.855173
-0.958012
-0.888411
-0.902790
-0.966379
-0.996373
-0.993810
-1.023239
-1.129200
-1.115436
-1.163218
-1.177182
-1.235435
-1.206049
-1.189604
-1.256028
-1.307391
-1.263750
-1.272368
-1.433569
-1.362104
-1.265365
-1.377968
-1.482421
-1.444957
-1.469033
-1.348309
-1.480161
-1.561121
-1.550079
-1.510977
-1.492378
-1.387758
-1.452122
-1.450082
-1.546798
-1.329145
-1.306382
-1.326181
-1.476808
-1.327156
-1.334549
-1.236727
-1.261159
-1.266486
-1.340556
-1.319710
-1.196216
-1.266536
-1.161071
-1.255699
-1.213421
-1.149027
-1.225231
-1.171689
-1.193793
-1.184030
-1.284139
-1.120621
-1.269419
-1.213442
-1.195015
-1.254992
-1.220301
-1.331563
-1.219563
-1.279593
-1.305205
-1.359402
-1.351368
-1.316983
-1.364774
-1.430503
-1.388207
-1.437582
-1.451703
-1.460133
-1.466333
-1.549849
-1.400062
-1.512476
-1.578431
-1.570260
-1.514011
-1.556804
-1.576815
-1.649120
-1.605092
-1.556987
-1.769024
-1.694007
-1.735864
-1.733873
-1.827025
-1.855321
-1.903760
-1.941828
-1.967781
-2.085904
-2.089001
-2.161117
-2.174410
-2.227096
-2.210033
-2.308368
-2.432223
-2.413401
-2.428950
-2.491825
-2.577706
-2.544477
-2.570400
-2.687973
-2.768163
-2.756674
-2.737417
-2.876046
-2.908847
-2.984146
-2.945719
-3.150793
-3.196884
-3.269976
-3.298053
-3.469258
-3.509356
-3.526972
-3.662425
-3.756529
-3.803464
-3.849106
-3.892761
-4.029317
-4.111466
-4.099690
-4.121533
-4.339532
-4.530075
-4.546022
-4.578711
-4.778571
-4.951712
-4.940618
-5.180921
-5.314573
-5.510315
-5.510525
-5.735442
-5.927320
-6.061934
-6.058784
-6.306969
-6.375141
-6.572635
-6.671746
-6.828314
-6.932964
-7.091502
-7.289813
-7.421966
-7.617288
-7.720144
-7.930939
-8.007607
-8.258721
-8.483194
-8.594473
-8.801193
-8.913755
-9.138607
-9.302571
-9.480338
-9.653298
-9.824941
-10.001233
-10.110549
-10.291011
-10.564766
-10.660880
-10.809152
-11.056199
-11.273835
-11.333044
-11.553452
-11.724682
-11.831585
-12.130902
-12.385455
-12.645433
-12.727685
-12.921328
-13.113102
-13.381275
-13.609316
-13.783081
-13.948147
-14.141991
-14.308939
-14.447017
-14.681787
-14.918973
-14.888790
-15.005836
-15.190450
-15.460450
-15.596818
-15.698333
-15.893130
-16.024052
-16.226435
-16.336805
-16.543962
-16.765152
-16.875952
-17.006435
-17.223888
-17.371004
-17.473118
-17.537924
-17.701859
-17.835413
-17.890760
-18.037659
-18.108002
-18.192633
-18.329865
-18.425547
-18.608898
-18.813437
-18.886913
-19.044348
-19.233551
-19.498329
-19.456390
-19.639639
-19.898771
-20.018000
-20.183109
-20.265270
-20.441490
-20.520193
-20.683207
-20.818850
-20.906250
-21.028580
-21.376541
-21.402693
-21.607843
-21.877125
-22.100374
-22.203964
-22.464188
-22.793549
-23.030607
-23.214951
-23.403975
-23.611986
-23.791351
-24.049847
-24.214733
-24.420658
-24.582382
-24.703760
-24.835747
-25.114201
-25.334383
-25.495703
-25.722210
-25.853481
-26.103573
-26.290916
-26.464531
-26.652233
-26.892813
-26.968269
-27.135513
-27.521240
-27.679583
-27.719538
-27.837126
-28.086824
-28.350315
-28.463917
-28.676153
-28.877922
-28.976345
-29.219818
-29.525118
-29.731491
-29.929485
-30.118944
-30.256439
-30.529108
-30.801338
-31.017902
-31.125944
-31.284241
-31.531395
-31.750118
-32.019852
-32.104214
-32.219776
-32.431496
-32.746712
-32.830608
-32.985870
-33.083099
-33.188820
-33.477005
-33.565140
-33.648724
-33.711819
-33.857567
-33.982937
-34.096088
-34.356468
-34.503731
-34.463737
-34.617085
-34.814388
-34.942112
-35.009308
-35.134930
-35.227306
-35.291725
-35.361336
-35.591007
-35.649765
-35.714180
-35.721710
-35.816132
-35.983940
-36.030830
-36.152603
-36.266319
-36.395901
-36.507782
-36.636578
-36.624825
-36.781330
-36.989922
-36.947178
-37.096584
-37.293850
-37.350746
-37.332748
-37.499809
-37.570747
-37.647839
-37.642284
-37.741646
-37.821507
-37.748108
-37.882946
-37.863052
-37.957058
-37.996944
-38.036438
-38.120625
-38.126251
-38.293484
-38.204948
-38.381569
-38.413963
-38.478935
-38.548542
-38.631969
-38.649960
-38.698376
-38.708595
-38.805199
-38.841301
-38.916538
-38.917507
-39.040218
-39.030190
-39.064075
-39.178070
-39.139225
-39.249176
-39.277885
-39.355129
-39.431450
-39.532707
-39.564316
-39.607044
-39.726929
-39.785351
-39.863163
-39.980789
-39.938049
-40.089027
-40.074852
-40.289268
-40.303665
-40.370728
-40.422459
-40.478130
-40.560001
-40.629513
-40.739700
-40.882080
-40.895218
-40.954189
-40.998737
-41.277615
-41.247211
-41.305344
-41.357685
-41.535934
-41.587891
-41.706726
-41.779285
-41.886162
-42.005268
-42.008392
-42.125854
-42.246307
-42.499348
-42.395020
-42.491882
-42.772339
-42.851738
-42.804115
-42.990765
-43.190052
-43.216286
-43.333984
-43.453033
-43.482075
-43.578712
-43.732147
-43.861118
-43.915070
-44.123661
-44.100491
-44.193027
-44.431667
-44.596199
-44.637142
-44.847496
-44.999340
-45.082249
-45.236256
-45.428295
-45.649025
-45.692600
-45.852516
-46.036938
-46.197613
-46.303780
-46.376484
-46.532696
-46.661274
-46.751999
-46.904354
-47.078827
-47.116486
-47.282372
-47.375393
-47.557293
-47.764648
-47.757004
-47.863693
-48.002068
-48.123486
-48.156475
-48.285507
-48.391163
-48.393616
-48.472179
-48.615749
-48.687366
-48.703026
-48.833626
-48.944611
-49.023605
-49.037376
-49.153469
-49.200874
-49.272480
-49.359646
-49.473236
-49.543583
-49.529888
-49.513580
-49.624889
-49.778149
-49.755081
-49.755100
-49.786003
-49.946075
-49.957546
-49.997601
-50.040958
-50.088928
-50.169563
-50.195107
-50.199352
-50.296589
-50.351814
-50.158539
-50.247414
-50.435204
-50.343647
-50.174129
-50.291607
-50.349831
-50.429955
-50.204475
-50.265026
-50.342339
-50.387207
-50.415623
-50.440876
-50.540318
-50.331032
-50.420368
-50.444077
-50.595963
-50.524509
-50.542725
-50.547173
-50.519985
-50.651123
-50.521412
-50.578465
-50.497414
-50.596172
-50.706753
-50.691288
-50.733402
-50.613098
-50.689045
-50.715328
-50.832680
-50.792755
-50.780563
-50.728725
-50.801762
-50.907661
-50.725609
-50.717449
-50.842995
-50.810291
-50.763496
-50.788609
-50.924454
-50.803596
-50.863544
-50.793503
-50.828819
-50.864006
-50.936569
-50.890297
-50.956451
-50.947308
-50.971416
-50.963409
-50.994480
-50.924473
-51.006111
-51.085464
-51.098103
-51.053139
-51.032326
-51.159679
-51.229256
-51.191830
-51.111717
-51.160931
-51.264633
-51.263096
-51.230801
-51.281902
-51.315159
-51.211800
-51.308022
-51.386269
-51.317711
-51.338665
-51.438919
-51.419346
-51.451336
-51.476395
-51.552570
-51.518093
-51.617355
-51.684692
-51.661983
-51.813232
-51.680973
-51.713264
-51.858932
-51.928864
-51.804005
-51.829205
-51.966415
-51.947430
-52.008865
-52.104218
-52.110699
-52.058903
-52.186180
-52.264339
-52.298794
-52.275715
-52.204422
-52.335667
-52.554371
-52.526432
-52.517559
-52.467609
-52.695156
-52.580681
-52.795757
-52.790146
-52.932552
-52.977371
-53.013329
-53.046124
-53.201298
-53.305031
-53.331085
-53.390507
-53.362457
-53.505775
-53.545856
-53.497444
-53.554893
-53.596237
-53.734077
-53.805984
-53.789005
-53.927769
-53.875778
-53.998009
-54.137962
-54.242207
-54.254185
-54.394768
-54.501675
-54.411411
-54.426971
-54.668800
-54.786827
-54.808666
-54.808815
-54.817604
-54.848919
-54.936977
-54.959560
-54.967236
-55.158741
-55.234589
-55.284550
-55.320522
-55.369408
-55.325005
-55.447758
-55.547176
-55.655716
-55.593327
-55.728962
-55.720783
-55.759304
-55.727345
-55.710590
-55.857632
-55.904884
-55.921661
-56.015739
-56.079052
-56.052094
-56.185837
-56.143356
-56.271812
-56.151112
-56.385742
-56.369869
-56.385941
-56.414349
-56.478542
-56.524582
-56.473728
-56.548412
-56.538120
-56.601864
-56.671822
-56.838890
-56.819145
-56.640636
-56.822216
-56.944111
-56.823578
-56.894409
-56.939407
-57.025131
-56.910114
-57.065109
-56.960323
-56.932915
-56.936901
-56.937725
-56.901878
-57.013790
-57.075699
-56.880367
-56.858391
-57.022018
-56.881840
-56.753048
-56.781246
-56.883495
-56.747063
-56.774452
-56.802742
-56.606396
-56.644958
-56.687912
-56.557877
-56.417606
-56.427814
-56.427040
-56.419777
-56.295242
-56.194359
-56.105549
-56.165543
-55.998989
-55.988758
-56.104263
-55.988846
-55.732960
-55.795685
-55.780506
-55.698330
-55.575790
-55.658691
-55.491112
-55.514500
-55.481956
-55.426411
-55.336300
-55.394474
-55.295208
-55.172607
-55.343536
-55.165752
-55.150845
-55.138042
-55.115807
-55.037987
-54.978619
-55.031418
-54.858814
-54.876190
-54.766930
-54.973671
-54.818264
-54.629471
-54.642681
-54.672470
-54.751999
-54.581768
-54.618362
-54.513729
-54.586834
-54.662178
-54.636398
-54.540409
-54.519981
-54.487514
-54.535328
-54.469845
-54.604252
-54.586334
-54.353409
-54.480301
-54.553040
-54.489670
-54.339718
-54.595364
-54.532238
-54.406788
-54.458687
-54.548790
-54.482758
-54.367195
-54.340775
-54.484665
-54.386021
-54.264709
-54.342392
-54.359039
-54.332874
-54.219151
-54.128094
-54.140160
-54.172894
-54.207310
-54.075230
-53.990772
-54.078060
-53.989109
-53.910053
-53.951492
-54.040119
-53.711185
-53.650871
-53.794773
-53.679470
-53.533745
-53.574055
-53.542297
-53.408646
-53.309418
-53.375843
-53.147575
-53.107170
-53.170345
-53.019840
-52.879971
-52.639462
-52.731194
-52.604187
-52.594021
-52.549618
-52.493401
-52.319416
-52.245018
-52.268490
-52.129990
-52.044460
-52.043274
-51.977730
-51.728065
-51.701160
-51.567310
-51.559757
-51.381172
-51.420025
-51.428524
-51.512817
-51.302383
-51.284027
-51.291019
-51.139256
-51.217766
-51.207352
-51.096287
-51.006714
-50.984558
-50.826351
-51.004128
-50.721291
-50.469810
-50.598377
-50.758095
-50.744530
-50.693859
-50.796104
-50.499706
-50.328426
-50.442062
-50.588367
-50.866730
-50.923607
-50.438766
-50.493233
-50.985283
-50.948299
-50.784863
-50.735638
-50.745266
-50.849674
-51.252537
-51.241783
-51.041500
-51.088516
-51.343746
-51.264572
-51.207092
-51.544067
-51.611145
-51.203785
-51.448257
-51.549652
-51.350739
-51.253586
-51.390999
-51.459194
-51.820164
-51.923889
-51.767563
-51.784222
-52.011974
-52.068722
-52.067833
-52.242733
-52.330471
-52.181011
-52.249229
-52.590092
-52.426640
-52.249214
-52.325195
-52.463493
-52.330421
-52.316044
-52.635361
-52.945522
-52.857193
-52.693600
-53.024216
-52.932854
-52.779972
-52.852451
-53.299595
-53.143524
-53.313538
-53.574833
-53.384693
-53.106335
-53.200630
-53.247406
-53.375992
-53.390594
-53.445930
-53.586334
-53.665051
-53.347748
-53.303143
-53.439400
-53.696640
-53.813076
-53.807529
-53.779552
-53.824348
-53.730423
-53.543423
-53.449387
-53.571682
-53.653683
-53.807640
-53.829624
-53.937698
-54.132698
-54.129684
-54.155331
-54.329388
-54.525623
-54.423561
-54.540524
-54.840828
-54.734451
-54.727139
-54.977268
-54.997547
-54.764194
-54.585861
-54.715179
-54.811119
-54.827110
-54.798180
-54.618362
-54.788345
-54.723568
-54.689369
-54.740559
-54.941574
-55.111614
-55.160927
-55.119114
-55.424644
-55.445408
-55.209316
-55.071812
-55.173260
-55.183846
-55.132801
-55.016327
-55.073055
-55.165936
-54.979828
-55.115284
-55.034840
-55.284386
-55.208755
-55.228657
-55.448311
-55.726871
-55.551563
-55.482349
-55.761082
-55.692448
-55.452797
-55.576618
-55.664032
-55.429676
-55.388077
-55.560413
-55.469315
-55.430935
-55.464569
-55.653748
-55.526897
-55.444801
-55.688538
-55.795162
-55.784435
-55.819904
-55.868942
-55.795036
-55.573803
-55.665443
-55.301662
-55.461437
-55.408268
-55.408024
-55.232433
-55.174816
-55.243103
-55.071697
-55.013943
-54.821510
-54.918644
-54.841415
-54.800552
-54.727818
-54.813553
-54.656963
-54.519379
-54.234272
-54.246780
-54.043133
-54.090927
-54.057533
-53.880905
-53.791073
-53.693272
-53.716003
-53.601509
-53.475677
-53.421734
-53.390705
-53.361595
-53.327286
-53.195740
-52.953735
-52.952366
-52.840214
-52.762726
-52.653938
-52.641525
-52.530838
-52.326431
-52.281891
-52.347672
-52.323166
-52.073647
-52.009666
-51.978848
-51.954605
-51.820347
-51.737762
-51.762650
-51.604733
-51.516861
-51.533344
-51.427013
-51.339222
-51.212337
-51.133850
-51.195827
-51.156071
-51.027962
-50.915508
-51.048832
-50.821465
-50.943428
-50.809425
-50.860191
-50.703232
-50.676884
-50.612629
-50.553410
-50.724033
-50.494362
-50.440876
-50.466038
-50.372406
-50.350510
-50.302967
-50.380722
-50.203465
-50.303909
-50.307484
-50.208767
-50.246456
-50.101799
-50.197887
-50.142654
-50.272839
-50.123886
-50.064404
-50.181110
-50.109901
-50.069622
-50.013786
-50.114616
-50.013523
-49.824760
-50.028225
-50.028206
-49.916145
-49.838726
-49.809025
-49.920277
-49.826324
-49.762737
-49.717663
-49.766861
-49.746368
-49.706474
-49.662323
-49.608315
-49.684238
-49.559536
-49.601738
-49.554790
-49.612568
-49.416534
-49.421722
-49.579781
-49.441059
-49.363956
-49.475601
-49.458393
-49.466156
-49.320953
-49.395634
-49.390209
-49.306599
-49.331440
-49.241497
-49.413334
-49.355812
-49.209450
-49.105473
-49.343674
-49.298794
-49.189606
-49.122177
-49.235722
-49.380230
-49.041965
-49.057877
-49.250095
-49.130905
-49.039665
-49.163643
-49.189220
-49.048923
-49.120602
-49.131462
-49.140049
-49.124561
-49.132790
-49.095314
-49.054081
-49.201588
-49.230858
-49.139973
-49.040916
-49.121468
-49.157097
-49.120964
-49.069550
-49.113415
-49.124168
-49.110630
-49.117828
-49.156616
-48.964241
-49.071297
-49.063934
-49.116230
-48.994976
-48.974842
-49.047337
-49.161697
-49.165127
-48.990963
-49.053318
-49.107948
-49.156151
-49.153194
-49.231575
-49.090202
-49.215870
-49.259724
-49.283512
-49.205997
-49.343609
-49.221279
-49.286499
-49.468918
-49.395641
-49.344532
-49.406918
-49.405983
-49.464230
-49.537254
-49.456486
-49.372574
-49.562550
-49.665569
-49.530037
-49.563858
-49.585110
-49.593590
-49.618595
-49.693390
-49.703011
-49.679504
-49.663601
-49.567528
-49.753078
-49.658646
-49.680771
-49.591900
-49.568497
-49.617069
-49.569660
-49.571754
-49.428112
-49.469688
-49.373135
-49.381893
-49.302631
-49.273651
-49.167198
-49.203854
-48.944866
-48.962009
-48.988262
-48.838772
-48.669563
-48.710369
-48.693161
-48.451691
-48.355419
-48.379086
-48.302311
-48.041386
-47.990200
-47.903648
-47.784222
-47.743557
-47.578449
-47.572998
-47.311405
-47.294930
-47.127720
-47.102768
-46.872059
-46.763222
-46.665939
-46.511623
-46.577595
-46.367531
-46.113747
-46.086189
-46.080647
-46.050076
-45.675575
-45.732941
-45.645184
-45.501278
-45.370060
-45.233669
-45.328281
-45.067059
-45.072308
-44.890232
-44.896507
-44.864502
-44.632549
-44.511780
-44.626064
-44.579605
-44.236897
-44.273018
-44.341919
-44.190647
-44.096397
-44.058643
-44.090580
-43.878258
-43.870178
-43.829563
-43.855553
-43.829235
-43.690250
-43.756302
-43.805714
-43.635639
-43.552071
-43.618660
-43.641602
-43.545330
-43.557720
-43.575901
-43.639477
-43.465561
-43.584877
-43.572361
-43.592731
-43.556721
-43.510975
-43.534267
-43.682743
-43.539791
-43.617985
-43.620598
-43.613499
-43.536915
-43.627197
-43.771397
-43.574520
-43.726036
-43.697960
-43.672718
-43.676041
-43.731762
-43.752190
-43.684090
-43.759392
-43.683159
-43.723755
-43.696465
-43.721455
-43.750225
-43.803730
-43.808060
-43.726265
-43.780636
-43.747093
-43.700161
-43.778412
-43.781368
-43.702541
-43.846313
-43.702068
-43.637390
-43.711456
-43.709324
-43.675228
-43.597538
-43.609596
-43.692005
-43.604824
-43.564350
-43.387722
-43.467449
-43.426640
-43.354050
-43.415932
-43.280430
-43.201736
-43.208271
-43.319435
-43.082184
-43.018665
-43.026531
-43.065208
-42.940659
-42.908306
-42.890678
-42.857708
-42.749092
-42.698826
-42.750713
-42.665001
-42.698570
-42.489925
-42.454674
-42.465912
-42.513741
-42.332035
-42.293320
-42.264694
-42.212963
-42.143246
-42.057560
-41.998604
-41.995979
-41.915787
-41.903988
-41.829453
-41.883263
-41.694351
-41.624729
-41.611179
-41.588371
-41.573360
-41.382576
-41.502171
-41.395168
-41.390507
-41.233952
-41.317661
-41.171608
-41.045975
-41.141644
-41.096416
-41.076950
-40.866287
-40.937183
-40.907524
-40.915478
-40.775787
-40.824383
-40.774857
-40.638348
-40.691448
-40.579739
-40.546036
-40.671898
-40.496124
-40.435589
-40.420883
-40.512054
-40.308918
-40.283226
-40.227032
-40.312084
-40.223763
-40.251453
-40.153442
-40.040241
-40.152065
-40.102798
-40.070114
-39.958179
-40.099888
-39.875671
-39.905613
-39.932716
-39.933071
-39.898762
-39.801876
-39.829319
-39.830372
-39.766914
-39.826454
-39.779034
-39.775681
-39.693081
-39.708008
-39.724686
-39.761467
-39.642971
-39.606838
-39.593250
-39.610603
-39.583443
-39.646500
-39.493294
-39.415466
-39.383110
-39.599537
-39.577759
-39.354454
-39.318710
-39.414021
-39.518562
-39.254642
-39.362656
-39.351433
-39.343948
-39.078983
-39.291908
-39.279495
-39.219574
-39.136673
-39.107773
-39.331406
-38.993713
-39.086117
-39.024097
-39.186737
-38.994926
-38.825695
-38.936150
-38.946430
-38.921783
-38.680004
-38.704967
-38.816818
-38.842106
-38.612007
-38.544838
-38.621216
-38.603840
-38.545448
-38.481647
-38.460964
-38.334793
-38.331768
-38.350857
-38.287430
-38.249027
-38.054108
-37.982960
-38.013672
-38.076687
-37.957672
-37.744011
-37.883522
-37.824829
-37.668068
-37.553436
-37.679813
-37.498756
-37.385765
-37.460068
-37.409122
-37.457233
-37.263004
-37.288746
-37.153568
-37.135277
-36.953045
-37.079502
-37.029041
-37.057632
-36.952477
-36.789604
-36.726086
-36.788895
-36.766144
-36.714046
-36.658394
-36.526543
-36.532673
-36.630596
-36.537300
-36.460369
-36.374001
-36.357872
-36.420071
-36.416779
-36.328648
-36.284397
-36.258808
-36.293343
-36.316246
-36.208363
-36.154583
-36.152637
-36.179680
-36.191135
-36.148094
-36.249630
-36.176022
-36.137993
-36.183849
-36.276730
-36.264366
-36.254971
-36.203289
-36.129158
-36.375244
-36.382591
-36.317181
-36.335289
-36.452423
-36.405018
-36.222393
-36.528503
-36.513508
-36.567406
-36.368969
-36.643856
-36.640408
-36.654751
-36.634960
-36.786522
-36.757160
-36.803631
-36.767792
-36.829716
-36.875496
-37.027946
-36.822971
-37.014336
-37.059654
-37.052635
-36.855427
-37.052681
-37.040199
-37.008610
-37.086933
-37.038952
-37.087181
-36.957367
-37.027630
-37.110161
-36.978989
-36.894871
-36.927013
-37.119411
-36.904266
-36.943825
-36.870632
-36.906425
-36.819561
-36.874775
-36.859062
-36.866913
-36.910297
-36.828457
-36.875908
-36.947884
-36.996078
-36.950382
-36.830372
-37.001987
-37.150620
-36.988564
-36.932575
-37.058537
-36.964729
-36.980152
-37.083549
-36.931717
-36.882755
-36.866062
-36.898838
-36.806358
-36.910709
-36.792862
-36.699776
-36.755859
-36.867542
-36.823849
-36.770493
-36.616684
-36.765827
-36.700996
-36.703827
-36.656357
-36.752201
-36.678066
-36.456478
-36.538380
-36.656071
-36.639194
-36.430969
-36.410950
-36.637386
-36.489731
-36.474468
-36.452675
-36.602489
-36.272350
-36.470055
-36.471554
-36.436836
-36.328674
-36.258801
-36.428253
-36.449875
-36.482971
-36.266724
-36.339470
-36.460960
-36.410587
-36.414650
-36.434105
-36.509521
-36.232433
-36.527866
-36.455605
-36.443752
-36.445847
-36.466568
-36.429787
-36.540993
-36.462112
-36.429153
-36.475903
-36.618988
-36.455250
-36.473942
-36.597496
-36.533993
-36.475121
-36.580334
-36.552448
-36.666721
-36.592182
-36.542385
-36.599606
-36.699593
-36.582958
-36.623947
-36.585300
-36.626259
-36.690193
-36.663570
-36.696327
-36.733147
-36.753468
-36.654438
-36.650055
-36.756584
-36.715900
-36.723873
-36.710789
-36.883175
-36.846294
-36.784126
-36.739491
-36.788761
-36.770958
-36.677094
-36.834930
-36.830196
-36.809311
-36.725555
-36.748405
-36.811573
-36.651836
-36.784187
-36.828804
-36.831676
-36.824818
-36.899010
-36.865105
-36.836330
-36.810299
-36.754570
-36.772617
-36.819817
-36.970852
-36.836678
-36.806343
-36.828442
-36.754280
-36.773849
-36.874817
-36.806438
-36.785431
-36.825962
-36.751945
-36.813854
-36.867325
-36.667175
-36.711960
-36.940247
-36.753590
-36.656544
-36.738369
-36.895000
-36.663246
-36.553795
-36.800583
-36.787273
-36.825405
-36.678478
-36.868553
-36.827652
-36.738998
-36.430782
-36.621826
-36.800343
-36.794670
-36.623020
-36.501537
-36.630844
-36.517868
-36.465271
-36.571697
-36.567146
-36.406094
-36.331253
-36.458168
-36.341141
-36.399277
-36.210396
-36.274052
-36.355263
-36.393791
-36.289917
-36.226120
-36.280533
-36.063671
-36.140568
-36.193436
-36.238464
-35.946121
-36.021427
-36.019459
-35.973763
-36.003506
-35.999023
-36.115456
-35.867653
-36.029022
-36.134521
-36.221233
-35.945122
-36.064159
-36.234913
-36.362804
-36.122082
-36.249062
-36.253304
-36.275414
-36.209167
-36.221695
-36.306633
-36.311638
-36.201622
-36.158245
-36.162647
-36.309048
-36.189060
-36.126301
-36.087875
-36.127457
-36.175205
-35.942432
-36.058468
-36.011837
-36.074490
-35.778755
-35.889450
-35.901505
-35.840504
-35.851341
-35.809139
-35.849686
-35.773209
-35.967270
-35.738602
-35.800953
-35.850292
-35.842007
-35.704666
-35.747955
-35.820648
-35.784958
-35.663849
-35.617931
-35.695438
-35.678810
-35.699188
-35.563095
-35.719257
-35.678391
-35.634228
-35.615196
-35.781803
-35.899078
-35.565426
-35.664116
-35.814816
-35.798901
-35.830929
-35.772213
-35.872711
-35.743748
-35.701324
-35.704258
-35.791515
-35.756767
-35.707973
-35.717926
-35.764759
-35.767673
-35.786114
-35.715893
-35.845676
-35.654732
-35.852177
-35.654922
-35.939701
-35.833866
-35.791229
-35.647694
-35.868515
-35.883461
-35.728111
-35.733479
-35.858860
-35.846062
-35.881577
-35.763313
-35.926540
-35.730305
-35.768246
-35.751102
-35.919621
-35.967434
-35.761795
-35.662857
-35.733269
-36.026611
-35.779861
-35.757309
-35.861111
-35.838882
-35.677948
-35.700920
-35.928772
-35.755249
-35.707500
-35.804260
-35.880692
-35.722542
-35.762756
-35.778229
-35.745087
-35.743328
-35.777195
-35.758072
-35.797005
-35.793644
-35.726166
-35.740982
-35.787640
-35.734047
-35.791496
-35.773735
-35.669758
-35.828362
-35.751316
-35.734688
-35.847347
-35.704163
-35.651604
-35.752735
-35.821674
-35.729645
-35.694195
-35.699947
-35.775833
-35.782410
-35.653950
-35.767944
-35.684326
-35.583885
-35.655209
-35.768948
-35.776314
-35.783401
-35.607868
-35.670967
-35.743118
-35.714050
-35.623661
-35.865032
-35.784950
-35.826706
-35.588993
-35.672592
-35.863827
-35.726585
-35.730885
-35.637100
-35.847530
-35.772213
-35.802052
-35.696529
-35.778740
-35.722073
-35.794590
-35.728878
-35.727722
-35.821835
-35.872524
-35.821899
-35.741673
-35.739410
-35.685558
-35.783665
-35.714725
-35.877789
-35.855412
-35.811119
-35.790497
-35.729294
-35.906879
-35.931286
-35.765003
-35.724709
-35.824097
-35.981861
-35.899891
-35.702522
-35.684250
-35.882977
-35.913727
-35.757378
-35.787159
-35.785885
-35.973591
-35.810940
-35.861233
-35.749493
-35.777962
-35.844727
-35.823719
-36.043343
-35.809502
-35.861591
-35.820797
-35.877762
-35.928490
-35.820385
-35.869072
-35.872478
-36.065235
-35.803329
-35.771545
-35.923649
-35.959946
-35.789249
-35.885643
-35.875778
-35.886440
-35.957047
-36.007401
-35.811028
-36.039120
-35.965618
-35.907162
-35.906094
-36.038658
-36.089947
-35.900375
-35.939095
-35.972282
-36.010029
-35.941948
-35.964108
-36.007645
-36.019535
-36.018986
-35.970963
-36.042221
-36.001167
-36.050930
-36.065411
-36.125237
-36.037632
-36.021912
-35.968410
-35.919922
-35.988152
-36.063553
-35.970646
-35.953537
-35.851849
-35.843647
-35.867359
-35.885231
-35.739799
-35.683270
-35.712189
-35.756618
-35.705807
-35.544075
-35.609138
-35.378746
-35.433525
-35.699295
-35.458008
-35.347740
-35.205620
-35.423588
-35.323116
-35.217392
-35.069130
-35.160759
-35.085400
-35.049652
-35.017620
-34.839706
-34.809788
-34.781662
-34.734554
-34.704857
-34.768021
-34.475639
-34.421875
-34.546349
-34.475082
-34.454952
-34.357307
-34.363983
-34.191456
-34.242908
-34.274834
-34.359795
-34.148197
-34.119743
-34.074474
-34.230701
-34.207016
-34.168400
-34.013653
-33.998199
-33.945034
-33.985050
-34.165356
-33.908710
-33.934547
-33.912483
-34.032589
-33.859791
-33.757652
-33.966679
-34.144783
-34.096054
-33.947578
-33.770092
-33.920460
-33.787155
-33.782642
-33.899811
-34.060745
-33.873226
-33.558983
-33.865753
-33.826962
-33.736229
-33.613018
-33.822865
-33.741695
-33.821918
-33.877708
-33.677242
-33.690544
-33.585209
-33.663307
-33.569744
-33.656807
-33.584656
-33.488716
-33.359550
-33.443478
-33.427597
-33.414612
-33.463364
-33.412842
-33.442944
-33.435436
-33.431198
-33.480690
-33.350040
-33.431885
-33.412430
-33.476559
-33.272522
-33.486984
-33.394154
-33.304085
-33.261707
-33.376137
-33.365940
-33.372108
-33.237343
-33.349064
-33.446449
-33.357143
-33.445812
-33.395809
-33.494881
-33.385963
-33.524330
-33.453251
-33.540848
-33.461391
-33.483730
-33.511116
-33.584766
-33.615185
-33.491173
-33.648682
-33.753342
-33.736649
-33.637280
-33.687443
-33.672371
-33.798260
-33.683414
-33.690659
-33.946201
-33.881062
-33.713470
-33.736355
-33.873886
-33.852928
-33.704231
-33.937550
-33.880722
-33.994831
-33.929268
-34.043457
-33.822407
-33.980885
-33.993687
-33.928181
-34.022644
-34.115025
-34.053104
-33.883904
-33.963917
-34.116234
-34.027355
-33.930042
-33.815975
-34.288731
-34.113781
-34.014729
-33.910507
-34.174149
-34.151562
-34.018894
-34.122395
-34.227474
-34.164749
-33.964912
-34.140572
-34.147221
-34.077740
-34.054710
-33.993244
-34.214413
-33.977818
-34.114052
-34.042694
-34.037273
-34.106667
-34.080254
-34.114113
-34.019188
-34.091110
-34.076828
-34.036167
-34.071857
-34.092331
-34.061604
-34.057522
-34.058083
-33.984825
-34.041332
-34.047535
-34.032310
-34.108021
-33.973438
-33.989746
-34.071720
-34.156307
-33.955364
-34.042595
-34.089241
-34.068050
-34.041523
-34.051460
-34.173973
-34.105923
-34.035347
-34.068989
-34.024021
-34.171791
-34.117874
-34.166920
-34.085255
-34.042000
-34.171249
-33.965523
-34.132774
-34.281662
-34.120781
-33.973972
-34.159374
-34.288433
-34.040035
-33.966663
-34.253483
-34.226242
-34.164051
-34.036053
-34.239677
-34.247097
-34.083786
-34.172867
-34.335381
-34.345383
-34.155148
-34.253525
-34.425900
-34.392227
-34.254879
-34.296139
-34.400906
-34.328163
-34.425659
-34.327133
-34.328339
-34.420029
-34.392471
-34.271648
-34.282398
-34.405876
-34.321606
-34.276447
-34.368225
-34.322563
-34.342754
-34.202656
-34.266445
-34.405506
-34.332371
-34.186535
