Az       (ft/s^2)
-27.152397
-27.228794
-27.257360
-27.312582
-27.219810
-27.174921
-27.356756
-27.390999
-27.185640
-27.144989
-27.461548
-27.342539
-27.390936
-27.227482
-27.347944
-27.337631
-27.491514
-27.270866
-27.370695
-27.421890
-27.304554
-27.453028
-27.375572
-27.480532
-27.496677
-27.377995
-27.293253
-27.521553
-27.570709
-27.345490
-27.330360
-27.479105
-27.563198
-27.440798
-27.452150
-27.437847
-27.450441
-27.472517
-27.550585
-27.478485
-27.572098
-27.559917
-27.458340
-27.502792
-27.684313
-27.465996
-27.484610
-27.443636
-27.662743
-27.570251
-27.543631
-27.423882
-27.471132
-27.537317
-27.462374
-27.517368
-27.455408
-27.585958
-27.503407
-27.585686
-27.482594
-27.483881
-27.514702
-27.575697
-27.506041
-27.479031
-27.502655
-27.544779
-27.550705
-27.480597
-27.438406
-27.621836
-27.394258
-27.339550
-27.596149
-27.620747
-27.443617
-27.469221
-27.605921
-27.457010
-27.628584
-27.524496
-27.513393
-27.468569
-27.624590
-27.661528
-27.677219
-27.651058
-27.616627
-27.686956
-27.642473
-27.554516
-27.814222
-27.691860
-27.529613
-27.651079
-27.817213
-27.782808
-27.548166
-27.814043
-27.807657
-27.724724
-27.849096
-27.842056
-27.822128
-27.862253
-27.889095
-27.721188
-27.927599
-27.976732
-27.828772
-27.741571
-27.901236
-28.023962
-27.951885
-27.829344
-27.940392
-28.057034
-28.059841
-28.001215
-28.024263
-28.082479
-28.068956
-28.102610
-28.146378
-28.150875
-28.098228
-28.066122
-28.169523
-28.191898
-28.127716
-28.174871
-28.247301
-28.200871
-28.195221
-28.265350
-28.272396
-28.316109
-28.296021
-28.360365
-28.416073
-28.314461
-28.301678
-28.393175
-28.366905
-28.383265
-28.419556
-28.397848
-28.360331
-28.498098
-28.409178
-28.368498
-28.437981
-28.542604
-28.461090
-28.455345
-28.523033
-28.628855
-28.575714
-28.527409
-28.656160
-28.634634
-28.577490
-28.635141
-28.780001
-28.654438
-28.683561
-28.803280
-28.725727
-28.676687
-28.820383
-28.933958
-28.812578
-28.781277
-28.835810
-28.864466
-28.978895
-28.794891
-28.929848
-28.944946
-28.883707
-28.998220
-28.932768
-29.085405
-28.934753
-29.052294
-28.969749
-29.192039
-29.008820
-29.108912
-29.038904
-29.121590
-28.995260
-29.137396
-29.226532
-29.310785
-29.070307
-29.156412
-29.182095
-29.242208
-29.365732
-29.214661
-29.298601
-29.312649
-29.338570
-29.345016
-29.277925
-29.320652
-29.377148
-29.527914
-29.360788
-29.347610
-29.421715
-29.480232
-29.345427
-29.369375
-29.509102
-29.504547
-29.324820
-29.384270
-29.368351
-29.409735
-29.218678
-29.478477
-29.264326
-29.415409
-29.355003
-29.406031
-29.257175
-29.345226
-29.381279
-29.371056
-29.403385
-29.312923
-29.318317
-29.288361
-29.424801
-29.373455
-29.350542
-29.354315
-29.377541
-29.323839
-29.393887
-29.367577
-29.497803
-29.457481
-29.330351
-29.453192
-29.390430
-29.419952
-29.382046
-29.450308
-29.535587
-29.449238
-29.472662
-29.522039
-29.460573
-29.406261
-29.626432
-29.495451
-29.568190
-29.511189
-29.571087
-29.527473
-29.608347
-29.580187
-29.584772
-29.644829
-29.468115
-29.599234
-29.692123
-29.667515
-29.671862
-29.751732
-29.668655
-29.714130
-29.728943
-29.786480
-29.786522
-29.756985
-29.804148
-29.926056
-29.857300
-29.824333
-29.859417
-29.886889
-29.890190
-30.009186
-30.043098
-29.918694
-30.076797
-30.192259
-30.021824
-30.066645
-30.195070
-30.102676
-30.264723
-30.228806
-30.316877
-30.257196
-30.399937
-30.316137
-30.352568
-30.498590
-30.513508
-30.476303
-30.542759
-30.631811
-30.611639
-30.599648
-30.583321
-30.640490
-30.694891
-30.714138
-30.819107
-30.780079
-30.728725
-30.721218
-30.772789
-30.920357
-30.814764
-30.896807
-30.736267
-31.003742
-30.913536
-30.961950
-30.935595
-30.999502
-31.007050
-31.054058
-31.021929
-31.096033
-30.984785
-30.978207
-31.034019
-30.988321
-31.031998
-31.082458
-30.963955
-31.001638
-31.018354
-31.026096
-31.004709
-30.977564
-31.131029
-31.082045
-31.170507
-31.201870
-31.143860
-31.233969
-31.184858
-31.211948
-31.221354
-31.256138
-31.243958
-31.326763
-31.284109
-31.222563
-31.222851
-31.309141
-31.166136
-31.380192
-31.388638
-31.347731
-31.362284
-31.514616
-31.357580
-31.304531
-31.584656
-31.674782
-31.503422
-31.496246
-31.624384
-31.506439
-31.649748
-31.455038
-31.486540
-31.660559
-31.564360
-31.652582
-31.483891
-31.724451
-31.535837
-31.474369
-31.669025
-31.869047
-31.684839
-31.847027
-31.845798
-31.902433
-31.805634
-31.947371
-31.940073
-31.893740
-31.891949
-31.895220
-32.028927
-31.799540
-31.730955
-31.791708
-31.903646
-31.953165
-31.955147
-31.849478
-31.970695
-32.259026
-32.003540
-31.866114
-32.009384
-32.148849
-32.193222
-32.151272
-32.279930
-32.076073
-32.078266
-32.285320
-32.158020
-32.101635
-32.152382
-32.282837
-32.085411
-32.063614
-31.995314
-32.067196
-31.962931
-31.985317
-32.092888
-31.972342
-31.980515
-31.878265
-31.872713
-31.993046
-31.999777
-32.023338
-31.885511
-31.925179
-31.947035
-32.089542
-32.061504
-32.079681
-32.039928
-32.074993
-31.878359
-32.028030
-32.087433
-32.097649
-32.005768
-31.986708
-32.003590
-31.988974
-32.073715
-32.081779
-31.976913
-32.049370
-32.234474
-31.980652
-31.959724
-32.071739
-31.960987
-32.000885
-32.098694
-32.099770
-31.972122
-31.857010
-31.891523
-32.082779
-31.872972
-31.734003
-31.968378
-32.078079
-31.934984
-31.836948
-32.003685
-31.990751
-31.916784
-31.948523
-31.829691
-32.144253
-32.099819
-31.962044
-31.925089
-32.200962
-31.998510
-31.931662
-31.968861
-32.091709
-32.138191
-32.197273
-32.153332
-32.229652
-32.094418
-32.267326
-32.335442
-32.269794
-32.215916
-32.283970
-32.463905
-32.453655
-32.423508
-32.327137
-32.349155
-32.517673
-32.409767
-32.362339
-32.470829
-32.404839
-32.444508
-32.389969
-32.488956
-32.341656
-32.438007
-32.392670
-32.465336
-32.403625
-32.514301
-32.365204
-32.430225
-32.463284
-32.560753
-32.410240
-32.413193
-32.419476
-32.476395
-32.426521
-32.434139
-32.498165
-32.355598
-32.622459
-32.522072
-32.555355
-32.581070
-32.389835
-32.458408
-32.475964
-32.539146
-32.378696
-32.495296
-32.493099
-32.363716
-32.426365
-32.482697
-32.452141
-32.306271
-32.391033
-32.546200
-32.411335
-32.518261
-32.641811
-32.550987
-32.513992
-32.417767
-32.522865
-32.574707
-32.663990
-32.488106
-32.509117
-32.642387
-32.530151
-32.459164
-32.402287
-32.426849
-32.440067
-32.426601
-32.373291
-32.420155
-32.370186
-32.262051
-32.208157
-32.262318
-32.212776
-32.281746
-32.198517
-32.166733
-32.096039
-32.117630
-32.143269
-32.053112
-32.167213
-32.175777
-32.147671
-32.095673
-32.210075
-32.183887
-32.146133
-32.158154
-32.348751
-32.223099
-32.160461
-32.130791
-32.197872
-32.176723
-32.230663
-32.204739
-32.215668
-32.043129
-32.060532
-32.218296
-32.171906
-32.080219
-32.205872
-31.987307
-32.112965
-32.094692
-32.037689
-31.915062
-32.071648
-31.974974
-31.849394
-31.944036
-31.886038
-31.750853
-31.749653
-32.033474
-31.865969
-31.821512
-31.777559
-31.904509
-31.997089
-32.043037
-31.896564
-31.911488
-32.003559
-32.081245
-32.041935
-31.897568
-32.107559
-31.972914
-31.971619
-32.024731
-32.116520
-32.112301
-32.121597
-31.990396
-32.164185
-32.226093
-32.199833
-32.067520
-32.171192
-32.352932
-32.276436
-32.302792
-32.255611
-32.202625
-32.212372
-32.167194
-32.308250
-32.156372
-32.111740
-32.061504
-32.273785
-32.202545
-32.134918
-32.039333
-32.133781
-32.070629
-32.013618
-32.032818
-32.208656
-32.080334
-31.975372
-31.995031
-32.129337
-31.894808
-31.845888
-31.990116
-31.939608
-31.815962
-31.781021
-31.842819
-31.724487
-31.583996
-31.737030
-31.710545
-31.780306
-31.679441
-31.635420
-31.713005
-31.871201
-31.810057
-31.720303
-31.756392
-31.977123
-32.006508
-31.829002
-31.913105
-32.085999
-32.073555
-31.859573
-32.260242
-32.365440
-32.314716
-32.186481
-32.371387
-32.499363
-32.510960
-32.258320
-32.463600
-32.698051
-32.450718
-32.347771
-32.306774
-32.289154
-32.096004
-32.078876
-32.145466
-32.034248
-32.157360
-31.900280
-32.035503
-32.140926
-31.994184
-31.813892
-31.998400
-32.194550
-32.040813
-31.921904
-31.845339
-31.662268
-31.927515
-31.645828
-31.644850
-31.802851
-31.799910
-31.705667
-31.813108
-31.868975
-31.917555
-31.905775
-31.995533
-32.166672
-32.078560
-32.105686
-31.955954
-31.968681
-32.120907
-31.968056
-32.205048
-32.035465
-31.960693
-32.225685
-32.115547
-32.339760
-32.302933
-32.456467
-32.403408
-32.444077
-32.726265
-32.597355
-32.731606
-32.567303
-32.647671
-32.906658
-32.746506
-32.769001
-32.901463
-32.986164
-32.863544
-32.880661
-32.974743
-33.043446
-33.102425
-33.014111
-33.204735
-33.072857
-33.138634
-33.051224
-33.276733
-33.089497
-33.241142
-33.291798
-33.250206
-33.286968
-33.183578
-33.324463
-33.373867
-33.379398
-33.402103
-33.275337
-33.307556
-33.301937
-33.365913
-33.488934
-33.332241
-33.150299
-33.301388
-33.435852
-33.367126
-33.234295
-33.248737
-33.442524
-33.154884
-33.265297
-33.147305
-33.286484
-33.243946
-33.187012
-33.361050
-33.199730
-33.349960
-33.016857
-33.017834
-33.219273
-33.230137
-33.046387
-32.962761
-33.122627
-32.934708
-32.763607
-33.070927
-32.794193
-32.716232
-32.834087
-32.895164
-32.808380
-32.837780
-32.650925
-32.856991
-32.693878
-32.703751
-32.788521
-32.888493
-32.730503
-32.801331
-32.979027
-32.720318
-32.873116
-32.876541
-32.880959
-32.937305
-33.231525
-33.106232
-32.990314
-32.957535
-33.126549
-33.039719
-33.194111
-32.994957
-33.046757
-33.065388
-33.035397
-33.186207
-32.965618
-33.094021
-33.080551
-33.184814
-33.113586
-33.155884
-33.245773
-33.152161
-33.109756
-33.440479
-33.243671
-33.117279
-33.255978
-33.346470
-33.425682
-33.155846
-33.594303
-33.340088
-33.361801
-33.538269
-33.564240
-33.456718
-33.560856
-33.511742
-33.440693
-33.686501
-33.768250
-33.501057
-33.543037
-33.585468
-33.580326
-33.632011
-33.527225
-33.603779
-33.685390
-33.690125
-33.763828
-33.706146
-33.937855
-33.768353
-33.828266
-33.919231
-33.944004
-33.985374
-33.839775
-34.151672
-34.007408
-33.871307
-33.977154
-34.159904
-33.927994
-34.179108
-34.156521
-34.090588
-34.242317
-34.142971
-34.202469
-34.078922
-34.398403
-34.137566
-34.338932
-34.304550
-34.211006
-34.346859
-34.317017
-34.297020
-34.325768
-34.404251
-34.339268
-34.435238
-34.577366
-34.558247
-34.621632
-34.794281
-34.654945
-34.603283
-34.911682
-34.899666
-34.941204
-34.775913
-35.046875
-34.827320
-35.117744
-34.978725
-34.970001
-35.091637
-35.077530
-35.118412
-35.144943
-35.120430
-35.059326
-35.205898
-35.108028
-35.292248
-35.291584
-35.449345
-35.305885
-35.390678
-35.439583
-35.557926
-35.821167
-35.588379
-35.815102
-35.984737
-35.865337
-36.006203
-36.049213
-36.039558
-36.141422
-36.402512
-36.404301
-36.359680
-36.549778
-36.706619
-36.580250
-36.785496
-36.882542
-36.962730
-37.063175
-37.093601
-37.321476
-37.117260
-37.415207
-37.623096
-37.508018
-37.721176
-37.636593
-38.006714
-37.900589
-38.062061
-38.307732
-38.411018
-38.572216
-38.486057
-38.858372
-38.901131
-39.142036
-39.129169
-39.387161
-39.361626
-39.639793
-39.926411
-40.111435
-40.068829
-40.252647
-40.544422
-40.665020
-40.913342
-40.874569
-41.098724
-41.176136
-41.330597
-41.573936
-41.454910
-41.875347
-41.903801
-42.042793
-42.129276
-42.209675
-42.624462
-42.612583
-42.829697
-43.107784
-43.015785
-43.470356
-43.510387
-43.875004
-44.007309
-44.298710
-44.179169
-44.120159
-44.283173
-44.664940
-44.739807
-44.660767
-44.773201
-44.653984
-44.709000
-45.166603
-45.468555
-45.283936
-45.520222
-45.753902
-45.940067
-46.003132
-45.984772
-46.052757
-46.290115
-46.643532
-46.668262
-47.042259
-46.851536
-46.593220
-46.825138
-47.032154
-47.169651
-47.303493
-47.454571
-47.444233
-47.424385
-47.840019
-47.675644
-47.620712
-47.693016
-48.078510
-48.161652
-48.090599
-47.998020
-48.159908
-48.395924
-48.340515
-48.512371
-48.571507
-48.667999
-48.799690
-49.005821
-49.080559
-49.184326
-49.233040
-49.208134
-49.151470
-49.519566
-49.414833
-49.613876
-49.676243
-49.680336
-49.637272
-49.587467
-49.674702
-49.497761
-49.886730
-49.858974
-49.887760
-50.050850
-50.176819
-50.187607
-50.031544
-50.073734
-50.360001
-50.598164
-50.681950
-50.436405
-50.660774
-50.834869
-50.775120
-50.819721
-50.889641
-50.975452
-50.854221
-51.238373
-51.276157
-51.293530
-51.263283
-51.362114
-51.531685
-51.642605
-51.544380
-51.586136
-51.707977
-51.929913
-51.736721
-52.086102
-52.037262
-52.161194
-52.063198
-52.158791
-52.490593
-52.388153
-52.429058
-52.366756
-52.725716
-52.746899
-52.724865
-52.907673
-52.833565
-53.150276
-52.793907
-53.203327
-53.230564
-53.357742
-53.313969
-53.187931
-53.405811
-53.335358
-53.463669
-53.416389
-53.547573
-53.633049
-53.643562
-53.677982
-53.672321
-54.009537
-53.902657
-53.998249
-54.219269
-54.436615
-54.429512
-54.252617
-54.429287
-54.359066
-54.629902
-54.571217
-54.492916
-54.597809
-54.640186
-54.431282
-54.458057
-54.718311
-54.906040
-54.903915
-54.981575
-54.939259
-54.941879
-55.257977
-55.177505
-55.399712
-55.284088
-55.591244
-55.743023
-56.012566
-56.003036
-55.713047
-55.898674
-55.977352
-56.133354
-56.328453
-56.386871
-56.243862
-56.071720
-56.359879
-56.355274
-56.239628
-56.096970
-56.398224
-56.747059
-56.367085
-56.488194
-56.505371
-56.734734
-56.501308
-56.749832
-56.933697
-56.930733
-57.018658
-57.054955
-57.073963
-57.098385
-56.930481
-57.184204
-57.233040
-57.529873
-57.254745
-57.377319
-57.596043
-57.530128
-57.722225
-57.768723
-58.025810
-57.814854
-57.806938
-57.998226
-58.208012
-58.108330
-58.149891
-58.487057
-58.484005
-58.438843
-58.509266
-58.522488
-58.783730
-58.597256
-58.934143
-59.030777
-58.976429
-59.091621
-59.017757
-59.292141
-59.074837
-59.225948
-59.108810
-59.380024
-59.462570
-59.382278
-59.554897
-59.420410
-59.639565
-59.605099
-59.796146
-59.687645
-59.845119
-59.996918
-59.905708
-60.045105
-59.889370
-60.134613
-59.977905
-59.997765
-60.202801
-60.119835
-60.393852
-60.219601
-60.517075
-60.481514
-60.619843
-60.519669
-60.644337
-61.030834
-60.840191
-60.880428
-60.829021
-60.953903
-61.118507
-61.023125
-61.008247
-60.909931
-61.226704
-60.979511
-61.109680
-61.295292
-61.387295
-61.286469
-61.187141
-61.487148
-61.465202
-61.545731
-61.496723
-61.470097
-61.553570
-61.516846
-61.728226
-61.654694
-61.599949
-61.717388
-61.827015
-61.869137
-61.712749
-61.909172
-61.990269
-61.948818
-62.050030
-61.985687
-62.200821
-62.005272
-62.024403
-62.200989
-62.214680
-62.127525
-62.097771
-62.359127
-62.348877
-62.664017
-62.360424
-62.441322
-62.601147
-62.726158
-62.664383
-62.878021
-63.021294
-62.761990
-62.885231
-62.979969
-62.939480
-62.946167
-63.032402
-63.106197
-63.024651
-63.187901
-63.136265
-63.288689
-63.240421
-63.059715
-63.262592
-63.380638
-63.465374
-63.349373
-63.423157
-63.522381
-63.595524
-63.474201
-63.546494
-63.639141
-63.867489
-63.730457
-63.818901
-63.936081
-63.858509
-63.671001
-63.950325
-64.047821
-63.889580
-63.880917
-63.871277
-64.013031
-63.851498
-63.801682
-63.964199
-64.046974
-64.036491
-63.791130
-64.064117
-64.177254
-64.019905
-64.068939
-64.050575
-64.041000
-63.864819
-64.203583
-64.047600
-64.059792
-64.045013
-63.998440
-63.902298
-63.855953
-64.061516
-63.982533
-63.998062
-63.889370
-63.914597
-64.243477
-63.813984
-63.840073
-63.801121
-64.086288
-63.973026
-63.990135
-63.828300
-63.899143
-63.970490
-63.843098
-63.788494
-63.751682
-63.875595
-63.696144
-63.941025
-63.863277
-63.569153
-63.759953
-63.757500
-63.870953
-63.830765
-63.865788
-63.730568
-63.922497
-64.109253
-63.867741
-63.725918
-63.887489
-64.137909
-64.032745
-63.724480
-63.769810
-63.574734
-63.889370
-63.760799
-63.671463
-63.737930
-63.923264
-63.984077
-63.634399
-63.870243
-63.806099
-63.874878
-63.867901
-63.850048
-64.084908
-63.867054
-63.756191
-63.843029
-63.927555
-63.805805
-63.796181
-63.866531
-63.928795
-63.991997
-63.769577
-63.877060
-64.137283
-63.940647
-63.835220
-64.018959
-64.272903
-64.006760
-63.931160
-64.063492
-64.127136
-64.263710
-63.877972
-64.145271
-64.060066
-64.095894
-64.068245
-64.095367
-64.262482
-64.230888
-64.163857
-64.056549
-64.334724
-64.264290
-64.181534
-64.323692
-64.400932
-64.560265
-64.369545
-64.631371
-64.466515
-64.538216
-64.759468
-64.714523
-64.636200
-64.705597
-64.770187
-64.641922
-64.658516
-64.760071
-64.735649
-64.721275
-64.719490
-64.822533
-64.936630
-64.952454
-64.911224
-64.739410
-65.094856
-64.912544
-64.742531
-64.856651
-64.809204
-64.672035
-64.773026
-64.927704
-64.603851
-64.606415
-64.568321
-64.498413
-64.704048
-64.866219
-64.651260
-64.466385
-64.553619
-64.829994
-64.664520
-64.886993
-64.743256
-64.648216
-64.866943
-64.577919
-64.740799
-64.807129
-64.946671
-64.725716
-64.834152
-64.763397
-64.715843
-64.684578
-64.864380
-64.920578
-64.768730
-64.782829
-64.798874
-64.837013
-64.783798
-64.698914
-64.606483
-64.559776
-64.790436
-64.904572
-64.584175
-64.607216
-64.543999
-64.563148
-64.723701
-64.758911
-64.682007
-64.549889
-64.602348
-64.408936
-64.365929
-64.519104
-64.472450
-64.265816
-64.284981
-64.453896
-64.146461
-64.290695
-64.309303
-64.272949
-64.241989
-64.262352
-64.410866
-64.584175
-64.521423
-64.338120
-64.428734
-64.679047
-64.518150
-64.299217
-64.619537
-64.576767
-64.638634
-64.591904
-64.639847
-64.598595
-64.660179
-64.749374
-64.825996
-64.935463
-64.882874
-64.911697
-64.578346
-64.928406
-65.148521
-64.938644
-64.677963
-64.785690
-65.086472
-65.075829
-64.999207
-64.974434
-64.938156
-64.862663
-64.799614
-64.890411
-64.934586
-64.878044
-64.932335
-64.893692
-65.118553
-64.785904
-64.517998
-64.663300
-64.917953
-65.026924
-64.668549
-64.937233
-65.016724
-64.985397
-64.870239
-64.779266
-64.857529
-64.594421
-64.808861
-65.112892
-65.120247
-64.684914
-64.668030
-64.896011
-64.973465
-64.856262
-64.754791
-65.153732
-65.174637
-65.114548
-64.992287
-65.074013
-65.065742
-64.785042
-65.260323
-65.164925
-65.202446
-64.949074
-64.935287
-64.954559
-64.776741
-65.146622
-64.977882
-64.980537
-64.884941
-64.906731
-64.786095
-65.112091
-65.055305
-64.867348
-64.983696
-64.913040
-64.983719
-64.747620
-64.985023
-65.040131
-65.070808
-65.061485
-65.036537
-65.145821
-65.042229
-65.142960
-65.050377
-65.095558
-65.187469
-65.135399
-65.347336
-65.137383
-65.216202
-65.007561
-65.114075
-65.252136
-64.964325
-65.178711
-65.179207
-65.200531
-65.057869
-64.985291
-65.220787
-65.020546
-65.196312
-65.067863
-65.205757
-65.116867
-65.179214
-65.223625
-65.027016
-65.033371
-64.997520
-64.969284
-65.049736
-65.109077
-65.198181
-64.926926
-65.040451
-64.943970
-65.204849
-65.116287
-65.006119
-64.948563
-64.899269
-65.125946
-65.146645
-65.238747
-65.068497
-64.822350
-65.091194
-65.178627
-65.307579
-65.162926
-65.051331
-65.298538
-65.415840
-65.332115
-65.093964
-65.166931
-65.151207
-65.070724
-65.229233
-65.173225
-65.365311
-65.327293
-65.187202
-65.084618
-65.241371
-65.177612
-65.221008
-65.491470
-65.323120
-65.050568
-65.013611
-65.125397
-65.006233
-65.212151
-65.288513
-65.261925
-65.200012
-65.085052
-65.273041
-65.210075
-65.375465
-65.300377
-65.560150
-65.366432
-65.347015
-65.209732
-65.291290
-65.192673
-65.193733
-65.591896
-65.361656
-65.144646
-65.386749
-65.524071
-65.147072
-65.053818
-65.411476
-65.388680
-65.415581
-65.314941
-65.283714
-65.524010
-65.423309
-65.333633
-65.140610
-65.344307
-65.250900
-65.251785
-65.544930
-65.498589
-65.501747
-65.375931
-65.391090
-65.374031
-65.138199
-65.433830
-65.391800
-65.481819
-65.351318
-65.298775
-65.081169
-65.147125
-65.396240
-65.414673
-65.318268
-65.253540
-65.296074
-65.391129
-65.489204
-65.572227
-65.297127
-65.283134
-65.480965
-65.719902
-65.675148
-65.313988
-65.401855
-65.436157
-65.743416
-65.767738
-65.630684
-65.635551
-65.503784
-65.812813
-65.922058
-65.554840
-65.459511
-65.719360
-65.890694
-65.423019
-65.733238
-65.812881
-65.585045
-65.678879
-65.820450
-65.926605
-65.731865
-65.844963
-65.601059
-66.032822
-66.082481
-65.969398
-65.942459
-65.864510
-65.912117
-66.070175
-66.148285
-65.988960
-65.829926
-66.079666
-66.150116
-66.123482
-65.942863
-66.192886
-66.146889
-66.171921
-66.210327
-66.071434
-66.449211
-66.094933
-66.066628
-66.275642
-66.368988
-66.139740
-65.969872
-66.300217
-66.270782
-66.191826
-66.093765
-66.068848
-66.274284
-66.280151
-66.266335
-66.244621
-66.381897
-66.291107
-66.079254
-66.425743
-66.270172
-66.275505
-66.256195
-66.475037
-66.296036
-66.118469
-66.375259
-66.220024
-66.244995
-66.197563
-66.373215
-66.364532
-66.182060
-66.258385
-66.195160
-66.271278
-66.161392
-66.308517
-66.441551
-66.158081
-66.128738
-66.159462
-66.403801
-66.413986
-66.299614
-66.260674
-66.276207
-66.483795
-66.287010
-66.606445
-66.408989
-66.540741
-66.576019
-66.573128
-66.648384
-66.430649
-66.687653
-66.629883
-66.552330
-66.639725
-66.508980
-66.710190
-66.496696
-66.616547
-66.412582
-66.440353
-66.501366
-66.638184
-66.631851
-66.548653
-66.761169
-66.597900
-66.381584
-66.511269
-66.732574
-66.751785
-66.476875
-66.478699
-66.514671
-66.666740
-66.664200
-66.425644
-66.522995
-66.409012
-66.635063
-66.760117
-66.679329
-66.511810
-66.464638
-66.607925
-66.615646
-66.675224
-66.554695
-66.478806
-66.548965
-66.356827
-66.505875
-66.569420
-66.672951
-66.585617
-66.335693
-66.357147
-66.417953
-66.377510
-66.351952
-66.412720
-66.515823
-66.223961
-66.412491
-66.251579
-66.488091
-66.325584
-66.314079
-66.301567
-66.297707
-66.470863
-66.212334
-66.406723
-66.154488
-66.219925
-66.111015
-66.187538
-66.249451
-66.093201
-65.998810
-65.988319
-66.050552
-65.940041
-65.887428
-66.012985
-65.886490
-65.899948
-65.938553
-65.912201
-65.803673
-65.693207
-65.862495
-65.820656
-65.855873
-65.746178
-65.826561
-65.844162
-65.772247
-65.773697
-65.802597
-65.889023
-65.842522
-65.966911
-65.977104
-65.953972
-65.795609
-65.896400
-65.999840
-65.905098
-65.882179
-65.718315
-65.786285
-65.807365
-65.964508
-65.882286
-65.836937
-65.882515
-65.924461
-65.975647
-65.958000
-66.249977
-66.220650
-66.087723
-66.033752
-66.228584
-66.157547
-66.209145
-66.061790
-66.135239
-66.195053
-66.028984
-66.085075
-66.033081
-66.128326
-66.129501
-66.079086
-66.171379
-66.040901
-66.164993
-66.009987
-66.152626
-66.040703
-66.081413
-66.127937
-66.131256
-66.149345
-65.868622
-66.106247
-65.891129
-65.994003
-65.851738
-66.022301
-66.121651
-65.857399
-65.862350
-65.942772
-66.078156
-65.686256
-65.883095
-65.939842
-65.903473
-65.894936
-65.864120
-65.981575
-65.861099
-65.881157
-65.890343
-65.903954
-65.937027
-65.803810
-66.084465
-65.861885
-65.894875
-65.838020
-65.979683
-65.874107
-65.785187
-66.020668
-65.875771
-65.847664
-65.751549
-65.848457
-65.827187
-65.936714
-65.879768
-65.709915
-65.962509
-65.801712
-65.844193
-65.753258
-65.978889
-65.920715
-65.901520
-65.809196
-65.865227
-65.958801
-65.870598
-65.735191
-65.993187
-65.982384
-65.875870
-65.710037
-65.986938
-65.889130
-65.863846
-65.881721
-66.111954
-66.099197
-66.110931
-66.012695
-66.044754
-66.163185
-66.056160
-66.128578
-66.098846
-66.139015
-66.150726
-65.987297
-66.148277
-66.021240
-65.925201
-65.898743
-65.986473
-66.119942
-66.063889
-65.894501
-65.927338
-66.023849
-65.878914
-65.828247
-65.902626
-65.978928
-65.807785
-65.790283
-65.916801
-65.780083
-65.894127
-65.827560
-65.739281
-65.879547
-65.936272
-65.898407
-65.891968
-66.014244
-65.866722
-66.111984
-66.113174
-66.208649
-66.006020
-65.974792
-66.210182
-66.091339
-66.183212
-65.968285
-66.068268
-65.996078
-65.936867
-65.960823
-65.868622
-66.090637
-65.829750
-65.908730
-65.980988
-66.029053
-65.939156
-65.903114
-66.101357
-65.955421
-65.892227
-66.015961
-66.021690
-65.841583
-65.814743
-65.965446
-65.848396
-65.998367
-65.725548
-65.726059
-65.844955
-65.918175
-65.859062
-65.874748
-65.991745
-65.840187
-65.852264
-65.884911
-65.918114
-66.014458
-65.880928
-66.050308
-65.902245
-66.053711
-65.792755
-65.877655
-65.972694
-65.800766
-65.940933
-65.835953
-65.802948
-65.779610
-65.732071
-65.943176
-65.651093
-65.739494
-65.608025
-65.677597
-65.667274
-65.567406
-65.589569
-65.310768
-65.496948
-65.384796
-65.332008
-65.439560
-65.314697
-65.447411
-65.317734
-65.455116
-65.411453
-65.397751
-65.517166
-65.467827
-65.578293
-65.442596
-65.620857
-65.636520
-65.650391
-65.601959
-65.657623
-65.721451
-65.641319
-65.826462
-65.861656
-65.819168
-65.827065
-65.991447
-65.761116
-65.866402
-65.875023
-65.998703
-65.999809
-66.118782
-66.170776
-66.001900
-66.146156
-66.022598
-66.196129
-66.245445
-66.269882
-66.274147
-66.449463
-66.313057
-65.921593
-66.091515
-66.459412
-66.359268
-66.276497
-66.253761
-66.245377
-66.246635
-66.371040
-66.334801
-66.282852
-66.260719
-66.327637
-66.544914
-66.565392
-66.307106
-66.318893
-66.550056
-66.473671
-66.353470
-66.530457
-66.637871
-66.420860
-66.488808
-66.592110
-66.546211
-66.382332
-66.558281
-66.522987
-66.730911
-66.509415
-66.622391
-66.493156
-66.632843
-66.677475
-66.656830
-66.752693
-66.537239
-66.739738
-66.786430
-66.869926
-66.613426
-66.780128
-67.004745
-66.846458
-66.845924
-66.914642
-66.883118
-66.875076
-66.980995
-66.908798
-66.935165
-66.994553
-67.022377
-67.117210
-67.126228
-67.015099
-67.242126
-67.254364
-67.172455
-67.216133
-67.283943
-67.394463
-67.289795
-67.269936
-67.302269
-67.471603
-67.233620
-67.490280
-67.362648
-67.460014
-67.406540
-67.565659
-67.538414
-67.502251
-67.578117
-67.624672
-67.647903
-67.537270
-67.647560
-67.733803
-67.702248
-67.787781
-67.705902
-67.712502
-67.639252
-67.901321
-67.803276
-67.777512
-67.710411
-67.840820
-68.020912
-67.825554
-67.965477
-67.811829
-67.974243
-67.913574
-67.909164
-68.037766
-67.817528
-67.963150
-67.959541
-68.123940
-67.882477
-67.923935
-67.986511
-68.032784
-67.906494
-67.942436
-67.974167
-68.069824
-68.076691
-67.960083
-68.002586
-67.978790
-67.904366
-68.010529
-68.078720
-67.955116
-67.810608
-67.869179
-67.901787
-67.919327
-67.895142
-67.860985
-67.832367
-67.785522
-67.893082
-67.928513
-67.791092
-67.702011
-67.848663
-67.864395
-67.704277
-67.773087
-67.668076
-67.739929
-67.614128
-67.667946
-67.623665
-67.545174
-67.608086
-67.419891
-67.601784
-67.468658
-67.477631
-67.364243
-67.512497
-67.462341
-67.287033
-67.473709
-67.476662
-67.444138
-67.376945
-67.413292
-67.389664
-67.419357
-67.353096
-67.351929
-67.378548
-67.396393
-67.310951
-67.345299
-67.344650
-67.249733
-67.296852
-67.359818
-67.160828
-67.122383
-67.287552
-67.240639
-67.070183
-67.244232
-67.153191
-67.199669
-67.079803
-67.075157
-67.104416
-67.264946
-67.194489
-67.068901
-67.099609
-67.122383
-67.093353
-67.029274
-67.073349
-66.897919
-66.953300
-66.871796
-66.878708
-66.880692
-66.807137
-66.787888
-66.633797
-66.799629
-66.627785
-66.655197
-66.753670
-66.752739
-66.592651
-66.570030
-66.590782
-66.508675
-66.456902
-66.510071
-66.522964
-66.428345
-66.425552
-66.390884
-66.494331
-66.528954
-66.414803
-66.441925
-66.602669
-66.548073
-66.586029
-66.605858
-66.659233
-66.806854
-66.936043
-66.781944
-66.882881
-67.062454
-67.143509
-67.172638
-67.188934
-67.300835
-67.307404
-67.324722
-67.438911
-67.463821
-67.356903
-67.237038
-67.289841
-67.331512
-67.236343
-67.209984
-67.138718
-67.276108
-67.153824
-67.094688
-67.058243
-67.022667
-67.149513
-67.052277
-67.066162
-66.990387
-67.124672
-67.021431
-66.964127
-66.898514
-66.961861
-66.935928
-66.868454
-66.901367
-66.986961
-66.934570
-66.911285
-66.983902
-66.948647
-67.014977
-66.887321
-67.002609
-66.972832
-66.981308
-66.903442
-66.999435
-67.082253
-67.009918
-66.924210
-66.901344
-66.945702
-66.888222
-66.719955
-66.901512
-66.764214
-66.804909
-66.700882
-66.665001
-66.613678
-66.554871
-66.494736
-66.489113
-66.532463
-66.372459
-66.470528
-66.384888
-66.489128
-66.387352
-66.430107
-66.432533
-66.544731
-66.501900
-66.433739
-66.521202
-66.475990
-66.555244
-66.451302
-66.453514
-66.600868
-66.604935
-66.454651
-66.660957
-66.707825
-66.440460
-66.417953
-66.803589
-66.600456
-66.475311
-66.604553
-66.722084
-66.528374
-66.460106
-66.528694
-66.608475
-66.576469
-66.548248
-66.517632
-66.695572
-66.653435
-66.624367
-66.600548
-66.710999
-66.845566
-66.771423
-66.550827
-66.692703
-67.048645
-66.601013
-66.567299
-66.591949
-66.635941
-66.460167
-66.537041
-66.573639
-66.489754
-66.338219
-66.472679
-66.417778
-66.418343
-66.412712
-66.402168
-66.443306
-66.524727
-66.475258
-66.382393
-66.460632
-66.566154
-66.582344
-66.560371
-66.486397
-66.669205
-66.655602
-66.703514
-66.588524
-66.681961
-66.634331
-66.717514
-66.790497
-66.675735
-66.683983
-66.593048
-66.715897
-66.683556
-66.556824
-66.455956
-66.545998
-66.487244
-66.532852
-66.487099
-66.309761
-66.284065
-66.284195
-66.281830
-66.271828
-66.255676
-66.096085
-66.044563
-66.112007
-66.150009
-65.901115
-65.831482
-65.885239
-65.921371
-65.712059
-65.599297
-65.727440
-65.648308
-65.406975
-65.467865
-65.510490
-65.363365
-65.457405
-65.392517
-65.398811
-65.408684
-65.463326
-65.507835
-65.557259
-65.621506
-65.638542
-65.593391
-65.681229
-65.778839
-65.754791
-65.755219
-65.825500
-65.742638
-65.631851
-65.741638
-65.733620
-65.701767
-65.637131
-65.539803
-65.784508
-65.584190
-65.684357
-65.577110
-65.564812
-65.444870
-65.454010
-65.494370
-65.434120
-65.309685
-65.264549
-65.256165
-65.108025
-65.085030
-65.032059
-64.982269
-65.012245
-65.090462
-64.969475
-64.877205
-64.868179
-65.015831
-64.983040
-64.963135
-64.869560
-64.962585
-64.885445
-64.715370
-64.713356
-64.718498
-64.526878
-64.456131
-64.414711
-64.346298
-64.056274
-63.881710
-64.017944
-63.991329
-63.869423
-63.760002
-63.772835
-63.755138
-63.745575
-63.771149
-63.818287
-63.951988
-63.890690
-63.904362
-64.000282
-64.123878
-64.089272
-63.990238
-64.005836
-64.112679
-64.188530
-64.164986
-64.232384
-64.362747
-64.356972
-64.194153
-64.379517
-64.545219
-64.506020
-64.313118
-64.451683
-64.490982
-64.558754
-64.257271
-64.335152
-64.396492
-64.203239
-64.158043
-64.206123
-64.271194
-64.068329
-64.051971
-64.123405
-64.059250
-63.943798
-63.956223
-63.801163
-63.776333
-63.951588
-63.785080
-63.657478
-63.697529
-63.727558
-63.651695
-63.520824
-63.636597
-63.607037
-63.470951
-63.592068
-63.627731
-63.631462
-63.457935
-63.556618
-63.529922
-63.487694
-63.482533
-63.328487
-63.405575
-63.402935
-63.266121
-63.187908
-63.236794
-63.308025
-63.060722
-63.071438
-63.151726
-63.205235
-63.043842
-63.008766
-63.025303
-63.024067
-63.040447
-62.914333
-62.871243
-62.902203
-62.954388
-62.931389
-62.964211
-62.999397
-62.996147
-62.988903
-63.161915
-63.088009
-63.396339
-63.221897
-63.154205
-63.311607
-63.364677
-63.401245
-63.247189
-63.296589
-63.340500
-63.360836
-63.195438
-63.158928
-63.267311
-63.166286
-63.262894
-63.177883
-63.144787
-63.157681
-63.216370
-63.228233
-63.032280
-63.017654
-62.914597
-62.973301
-62.932514
-62.825237
-62.605377
-62.450951
-62.403042
-62.215862
-62.195854
-62.073620
-62.107891
-61.945396
-61.794106
-61.923023
-61.890305
-61.877354
-61.810318
-61.953289
-62.002216
-62.121883
-61.945946
-62.000023
-62.372311
-62.390301
-62.172817
-62.202934
-62.391174
-62.410622
-62.319832
-62.230503
-62.256554
-62.194565
-62.076721
-62.027473
-62.154873
-61.913029
-61.780941
-61.664024
-61.774361
-61.791233
-61.656834
-61.692200
-61.835300
-61.854939
-61.777325
-61.819603
-61.806713
-61.884487
-61.946846
-61.979290
-61.918457
-62.005287
-62.095051
-61.967186
-61.926815
-62.022560
-61.995010
-61.985027
-62.182743
-62.257729
-62.153057
-62.238194
-62.254433
-62.121162
-62.150829
-62.244728
-62.170967
-61.965073
-61.952175
-62.096008
-61.780220
-61.636314
-61.580990
-61.617809
-61.353161
-61.294712
-61.234787
-61.241188
-61.023331
-60.992367
-60.973015
-60.839939
-60.828159
-60.636784
-60.604263
-60.680908
-60.562092
-60.178806
-60.193325
-60.218548
-60.221046
-59.991165
-59.868656
-59.939655
-59.922031
-59.672913
-59.845089
-59.861691
-59.702728
-59.636749
-59.890476
-59.954620
-59.822403
-59.683071
-59.816502
-59.969307
-59.892788
-59.888035
-60.002094
-60.105339
-60.073181
-60.040794
-60.050243
-60.122986
-60.121532
-60.189098
-60.277714
-60.253536
-60.410042
-60.428875
-60.469616
-60.673153
-60.714806
-60.689045
-60.784290
-60.901890
-60.845863
-60.808746
-60.974464
-60.934971
-60.893848
-60.946491
-61.030109
-61.094204
-61.049755
-60.959999
-61.054066
-60.999321
-61.065063
-61.133831
-61.177620
-61.158390
-60.999611
-60.906315
-60.967262
-60.881802
-60.756779
-60.695095
-60.760437
-60.611210
-60.613876
-60.481052
-60.550934
-60.394791
-60.368568
-60.405956
-60.355453
-60.419838
-60.287064
-60.258434
-60.060131
-60.169868
-60.087448
-59.886822
-60.007347
-59.937996
-59.911213
-59.736526
-59.830135
-59.700439
-59.590942
-59.629147
-59.603001
-59.602142
-59.358101
-59.491222
-59.425976
-59.315853
-59.336018
-59.280045
-59.299393
-59.175964
-59.131111
-59.069378
-59.085732
-59.117012
-59.124252
-59.002861
-58.941772
-58.974598
-58.826218
-58.903759
-59.034122
-59.023426
-58.831764
-58.709572
-59.028919
-58.882740
-58.733353
-58.704887
-59.001888
-58.786716
-58.734123
-58.661480
-58.627956
-58.547314
-58.466843
-58.465755
-58.422844
-58.404091
-58.318863
-58.260078
-58.338516
-58.351025
-58.210606
-58.107563
-58.236473
-58.276024
-58.098545
-58.185246
-58.206669
-58.115013
-57.975613
-58.044781
-58.148975
-57.917927
-57.819527
-57.962482
-58.070576
-57.904877
-57.887318
-58.000977
-58.005562
-57.804382
-57.863857
-57.805851
-57.796711
-57.792229
-57.707981
-57.598946
-57.664055
-57.556438
-57.331909
-57.297554
-57.410500
-57.277332
-57.150650
-57.194237
-57.177311
-57.208965
-57.065022
-56.976719
-56.962811
-56.961517
-56.865749
-56.721272
-56.675282
-56.556992
-56.432091
-56.291977
-56.252079
-56.155697
-55.911072
-55.816685
-55.859570
-55.829147
-55.559917
-55.431690
-55.397068
-55.299858
-55.284298
-55.153370
-55.034668
-54.914612
-54.739265
-54.595657
-54.380615
-54.243687
-54.011925
-53.932198
-53.778019
-53.695114
-53.436588
-53.255798
-53.118809
-52.968773
-52.815258
-52.591019
-52.498371
-52.404846
-52.178432
-51.921459
-51.771294
-51.494427
-51.116005
-50.892178
-50.719959
-50.486713
-50.207020
-50.043205
-49.715805
-49.409916
-49.082481
-49.014450
-48.621216
-48.370640
-48.175911
-47.853661
-47.534916
-47.209461
-46.998184
-46.459499
-46.332005
-45.913048
-45.609921
-45.261913
-44.998894
-44.511322
-44.203419
-43.949413
-43.616680
-43.194389
-42.890392
-42.626228
-42.244984
-41.791492
-41.462849
-41.214352
-40.703777
-40.267960
-39.890842
-39.557133
-39.098591
-38.624779
-38.241398
-37.827805
-37.414139
-36.964279
-36.621201
-36.165424
-35.834976
-35.446209
-35.055630
-34.654316
-34.309658
-33.906143
-33.570633
-33.116024
-32.743877
-32.372864
-32.111027
-31.673523
-31.315207
-31.032291
-30.674828
-30.326511
-30.060305
-29.704359
-29.458260
-29.134472
-28.754679
-28.460093
-28.133108
-27.904892
-27.598383
-27.243023
-27.008318
-26.713177
-26.455753
-26.187267
-25.887203
-25.714514
-25.420465
-25.255899
-25.052336
-24.753990
-24.665478
-24.323881
-23.971455
-23.715010
-23.646357
-23.166815
-22.854626
-22.657299
-22.326345
-21.867828
-21.821121
-21.424984
-20.985701
-20.779787
-20.770155
-20.618509
-20.341965
-20.090958
-19.906219
-19.602551
-19.324867
-19.138533
-18.904526
-18.628244
-18.218069
-17.977360
-17.725338
-17.224672
-16.826511
-16.514904
-16.345686
-16.067690
-15.793967
-15.543499
-15.398525
-15.152825
-14.885062
-14.644054
-14.454340
-14.334846
-13.992634
-13.868983
-13.634295
-13.372076
-13.141918
-12.843565
-12.574231
-12.408587
-12.254354
-12.072182
-11.894810
-11.589766
-11.438875
-11.228797
-11.147457
-11.088745
-10.821057
-10.611597
-10.525413
-10.422297
-10.120797
-9.885696
-9.699947
-9.382892
-9.227417
-9.212543
-9.030300
-8.660202
-8.528877
-8.530863
-8.279473
-8.381856
-8.417229
-8.348906
-8.198661
-8.177241
-8.095078
-8.060767
-7.875537
-7.713175
-7.702480
-7.654226
-7.416955
-7.207560
-7.017440
-6.916989
-6.831359
-6.726752
-6.465708
-6.479640
-6.451002
-6.396996
-6.196835
-6.238850
-6.065994
-5.951004
-5.811779
-5.903974
-5.770476
-5.660998
-5.475460
-5.349142
-5.384153
-5.227448
-5.086018
-5.092422
-5.170650
-5.087047
-5.067840
-5.026338
-4.935753
-4.981107
-4.906522
-4.893320
-4.920034
-4.917296
-4.822995
-4.687453
-4.619654
-4.574804
-4.447328
-4.437875
-4.332215
-4.271884
-4.104708
-4.062686
-4.103317
-3.919172
-3.786021
-3.749800
-3.765145
-3.624411
-3.573914
-3.514211
-3.467678
-3.414919
-3.227066
-3.274767
-3.187671
-3.058965
-3.056058
-2.916507
-2.885117
-2.902420
-2.749010
-2.720767
-2.787901
-2.765993
-2.521861
-2.655174
-2.623499
-2.574390
-2.631954
-2.624041
-2.501004
-2.431500
-2.378217
-2.310940
-2.359911
-2.196378
-2.198583
-2.088386
-2.003934
-2.073682
-2.037594
-2.023738
-1.962063
-1.972225
-1.964554
-1.970016
-2.074475
-1.891003
-1.816592
-1.842908
-1.863847
-1.565495
-1.664205
-1.634920
-1.442867
-1.360540
-1.338086
-1.367308
-1.162343
-1.141549
-1.003544
-1.133747
-1.026776
-1.051363
-1.079245
-0.912094
-0.914730
-0.849596
-0.834193
-0.833273
-0.777135
-0.791949
-0.539625
-0.559263
-0.543787
-0.448285
-0.373830
-0.430138
-0.353147
-0.275722
-0.222026
-0.164471
-0.244229
-0.163298
-0.067981
-0.038304
-0.043647
0.152220
0.146798
0.110342
0.368117
0.619900
0.639764
0.755086
0.763941
0.808596
0.906609
1.069747
1.248113
1.257288
1.001613
0.962215
0.807874
0.883660
0.821445
0.832676
0.574041
0.515805
0.301331
0.431784
0.395165
0.489739
0.431327
0.450843
0.463734
0.545965
0.201228
0.266302
0.076064
0.163455
0.227892
0.059542
-0.159868
-0.239761
-0.225235
-0.415600
-0.347786
-0.481420
-0.438239
-0.547112
-0.536245
-0.270006
-0.324240
-0.572434
-0.593489
-0.661065
-0.659493
-0.736227
-0.689095
-0.896395
-1.011604
-0.989182
-1.023865
-1.085843
-1.254513
-1.325911
-1.295091
-1.112296
-1.191581
-1.187853
-1.178047
-1.326687
-1.212113
-1.237952
-1.227173
-1.280669
-1.326530
-1.251172
-1.255887
-1.257065
-1.357433
-1.292205
-1.311188
-1.323911
-1.339529
-1.265159
-1.267163
-1.377369
-1.124476
-1.206827
-1.153774
-1.229640
-1.410454
-1.369378
-1.393447
-1.399326
-1.394929
-1.426233
-1.426736
-1.483360
-1.424155
-1.337934
-1.543139
-1.711748
-1.544185
-1.381101
-1.427851
-1.350859
-1.407312
-1.474811
-1.469912
-1.333350
-1.343389
-1.278346
-1.186547
-1.203962
-1.036298
-1.138917
-1.180732
-1.254575
-1.156532
-0.814289
-0.874806
-0.893403
-0.969971
-0.883886
-0.935088
-0.739343
-0.532299
-0.689901
-0.789919
-0.818632
-0.666484
-0.626185
-0.652869
-0.777321
-0.752037
-0.766977
-0.704877
-0.522834
-0.659255
-0.714455
-0.618903
-0.527203
-0.595959
-0.558865
-0.555836
-0.603006
-0.632348
-0.499087
-0.460982
-0.500928
-0.477842
-0.346310
-0.359658
-0.226358
-0.208869
-0.281807
-0.116456
-0.037128
-0.084677
-0.030576
0.044928
-0.017157
0.027403
0.083895
-0.053584
-0.064249
-0.175664
-0.120602
-0.177023
-0.357005
-0.375242
-0.328860
-0.463376
-0.418007
-0.458354
-0.479130
-0.537414
-0.428539
-0.485435
-0.401766
-0.465511
-0.484898
-0.652788
-0.520327
-0.541193
-0.584875
-0.629990
-0.681099
-0.809378
-0.770012
-0.819811
-0.899654
-0.836654
-0.685289
-0.707311
-0.602316
-0.599236
-0.547266
-0.600353
-0.450178
-0.345377
-0.432823
-0.445166
-0.423814
-0.377527
-0.422357
-0.334932
-0.347123
-0.376674
-0.399266
-0.286846
-0.268899
-0.281411
-0.281071
-0.197393
-0.110454
-0.136414
-0.106509
-0.018257
-0.094574
-0.159106
-0.091220
-0.022479
-0.022855
-0.040825
-0.155239
-0.056149
-0.129878
-0.050462
-0.007647
-0.111828
-0.104449
-0.007624
0.034729
0.002250
-0.041283
-0.105125
-0.021870
-0.013655
-0.050040
-0.134872
-0.048847
0.070096
0.116551
0.120882
0.120968
0.135270
0.130993
0.115426
0.157787
0.217121
0.145402
0.133477
0.197119
0.091191
0.107452
0.106399
0.038875
0.033968
-0.077003
0.017035
0.040068
-0.030551
-0.016601
-0.034067
-0.011768
-0.022538
0.070588
0.104612
0.084382
-0.011278
0.046761
0.077829
0.087434
0.079376
0.014037
0.012549
-0.000485
0.068567
0.065942
0.102374
-0.021041
0.063920
0.044955
0.048379
-0.006532
-0.026521
-0.194848
-0.166353
-0.124705
-0.039045
-0.083550
-0.074635
-0.172334
-0.223569
-0.049308
0.058097
0.266985
0.133138
0.255662
0.282160
0.435947
0.403653
0.543212
0.630092
0.685526
0.640738
0.633608
0.589344
0.527611
0.433797
0.283784
0.319793
0.375363
0.241638
0.298548
0.150803
0.144642
0.056314
0.184149
0.153981
0.312914
0.377591
0.266208
0.283763
0.237305
0.079093
-0.006909
-0.071989
-0.010154
-0.090136
-0.076750
-0.099174
-0.024648
-0.051519
0.017082
0.089454
0.165834
0.177906
0.208450
0.320945
0.283602
0.242664
0.198911
0.123459
0.111228
-0.002943
-0.085749
-0.109203
-0.108344
-0.203574
-0.318662
-0.255074
-0.278004
-0.136168
-0.177865
-0.252680
-0.167831
-0.074437
-0.139028
-0.071569
-0.018949
-0.101628
-0.195179
-0.130192
-0.205115
-0.237370
-0.303748
-0.310561
-0.446435
-0.240645
-0.164928
-0.178974
-0.161707
-0.126372
-0.060726
-0.051842
0.028232
-0.000693
0.017059
-0.103906
-0.123071
-0.056907
-0.144623
-0.419101
-0.420802
-0.470652
-0.485272
-0.454956
-0.443957
-0.334748
-0.341778
-0.347625
-0.220632
-0.238492
-0.324979
-0.329455
-0.258309
-0.189666
-0.312811
-0.383440
-0.559533
-0.499348
-0.566065
-0.612083
-0.586289
-0.542545
-0.588035
-0.655835
-0.546476
-0.485517
-0.542321
-0.597544
-0.527315
-0.432351
-0.563282
-0.539102
-0.601244
-0.592705
-0.681002
-0.793757
-0.752718
-0.709942
-0.674599
-0.769880
-0.737998
-0.753334
-0.821226
-0.821255
-0.712770
-0.739156
-0.820359
-0.936845
-0.907161
-0.852093
-0.978758
-1.024025
-1.037412
-1.050583
-1.040705
-1.003311
-1.125067
-1.196578
-1.121501
-1.122948
-1.161379
-1.138080
-1.010487
-1.088319
-1.116392
-1.234773
-1.153089
-1.081748
-1.081437
-1.195894
-1.135565
-1.124224
-1.235615
-1.230865
-1.112817
-1.244203
-1.265543
-1.241140
-1.133653
-1.073532
-0.990565
-1.145497
-1.019789
-0.967303
-1.007510
-1.096681
-0.987075
-1.041964
-1.034500
-1.190838
-1.210136
-1.160267
-1.139618
-1.243172
-1.138635
-1.219819
-1.307760
-1.260527
-1.046391
-1.013118
-0.999200
-1.079639
-1.087507
-1.076288
-1.039796
-1.007705
-1.098083
-1.036187
-1.024063
-1.129295
-1.060370
-1.025402
-1.097569
-1.046646
-0.979389
-0.972789
-0.881121
-0.983373
-1.017755
-0.953741
-0.836785
-0.859882
-0.908391
-1.004423
-0.840210
-0.863448
-0.833567
-0.913514
-0.885669
-0.966114
-0.990356
-0.893383
-0.765708
-0.895361
-1.003932
-0.938061
-0.881126
-0.833309
-0.946240
-0.971951
-0.865059
-0.847838
-0.831465
-0.833258
-0.883313
-0.907691
-0.815830
-0.639716
-0.715504
-0.762915
-0.839379
-0.760056
-0.730721
-0.674006
-0.717083
-0.753173
-0.724913
-0.685505
-0.604722
-0.616229
-0.630105
-0.645049
-0.732469
-0.614660
-0.560644
-0.569812
-0.608216
-0.624474
-0.569089
-0.662861
-0.544583
-0.625083
-0.597869
-0.620613
-0.553416
-0.533849
-0.613004
-0.561788
-0.655761
-0.570617
-0.583669
-0.534191
-0.579146
-0.596400
-0.640260
-0.544720
-0.561516
-0.643155
-0.516391
-0.529728
-0.600474
-0.626078
-0.512029
-0.459587
-0.592373
-0.584557
-0.461700
-0.421206
-0.418584
-0.534459
-0.462163
-0.535898
-0.491052
-0.398136
-0.350653
-0.461814
-0.432456
-0.430447
-0.466589
-0.311167
-0.297847
-0.439934
-0.422702
-0.343531
-0.382543
-0.366837
-0.348451
-0.409701
-0.407258
-0.353748
-0.296281
-0.321276
-0.408884
-0.410275
-0.457596
-0.374536
-0.376703
-0.373838
-0.394632
-0.496695
-0.372112
-0.379465
-0.336678
-0.390009
-0.350467
-0.330947
-0.317158
-0.310925
-0.255472
-0.209165
-0.320872
-0.337084
-0.184586
-0.213289
-0.301686
-0.301491
-0.239381
-0.325635
-0.319715
-0.337646
-0.311351
-0.299201
-0.300720
-0.217389
-0.312941
-0.272176
-0.253733
-0.196858
-0.259711
-0.221651
-0.276471
-0.252103
-0.297891
-0.332422
-0.291838
-0.405377
-0.288148
-0.334305
-0.335296
-0.324446
-0.295813
-0.308604
-0.294049
-0.277942
-0.299385
-0.258190
-0.308121
-0.275254
-0.226058
-0.320858
-0.305882
-0.329768
-0.245941
-0.335048
-0.239535
-0.385594
-0.288276
-0.318651
-0.313936
-0.327959
-0.323987
-0.216525
-0.291550
-0.342633
-0.303205
-0.239430
-0.328728
-0.368881
-0.268507
-0.400371
-0.323402
-0.472829
-0.350644
-0.454753
-0.350003
-0.480916
-0.372795
-0.457705
-0.469897
-0.490121
-0.465048
-0.389883
-0.418987
-0.474680
-0.470496
-0.542880
-0.436507
-0.563361
-0.472278
-0.542974
-0.540628
-0.505794
-0.476533
-0.528766
-0.553805
-0.512535
-0.633388
-0.504630
-0.509676
-0.458665
-0.555765
-0.550750
-0.501226
-0.420048
-0.501690
-0.484735
-0.535327
-0.537448
-0.428119
-0.440397
-0.507704
-0.472153
-0.509460
-0.514161
-0.477704
-0.490413
-0.510020
-0.536706
-0.510746
-0.493410
-0.525200
-0.509164
-0.524035
-0.518770
-0.515670
-0.528953
-0.438420
-0.475943
-0.475196
-0.461045
-0.444952
-0.452219
-0.457202
-0.389911
-0.444745
-0.358879
-0.489609
-0.435298
-0.429838
-0.445344
-0.410531
-0.395406
-0.448503
-0.419629
-0.393839
-0.448344
-0.420675
-0.366035
-0.387286
-0.378436
-0.405396
-0.413745
-0.428403
-0.372218
-0.363612
-0.344796
-0.442655
-0.478776
-0.365788
-0.355441
-0.356914
-0.348654
-0.414752
-0.425705
-0.398700
-0.343613
-0.388564
-0.390451
-0.400118
-0.318024
-0.349083
-0.362256
-0.378035
-0.313228
-0.344485
-0.398541
-0.390515
-0.379353
-0.339100
-0.338083
-0.389448
-0.299940
-0.367198
-0.413939
-0.346210
-0.264864
-0.288343
-0.367919
-0.336524
-0.235221
-0.268876
-0.274706
-0.317378
-0.333100
-0.403374
-0.377567
-0.262343
-0.298532
-0.369584
-0.446292
-0.414217
-0.410236
-0.369450
-0.405072
-0.417453
-0.388225
-0.461654
-0.351346
-0.373047
-0.415637
-0.437020
-0.355585
-0.351215
-0.412623
-0.396835
-0.374501
-0.390408
-0.346516
-0.324958
-0.441592
-0.339033
-0.487333
-0.315663
-0.380142
-0.314409
-0.418316
-0.388039
-0.308346
-0.308635
-0.358400
-0.373274
-0.251657
-0.374022
-0.331108
-0.375200
-0.263361
-0.438312
-0.391052
-0.331040
-0.341565
-0.365215
-0.458549
-0.318297
-0.323101
-0.303408
-0.424978
-0.398858
-0.373531
-0.340454
-0.355961
-0.367560
-0.380918
-0.428904
-0.351742
-0.382531
-0.491002
-0.424243
-0.449562
-0.362661
-0.455344
-0.397563
-0.414181
-0.423866
-0.439440
-0.385531
-0.480035
-0.465393
-0.449498
-0.456906
-0.444197
-0.381462
-0.527708
-0.508480
-0.469181
-0.398179
-0.528010
-0.466043
-0.485017
-0.429596
-0.453205
-0.439245
-0.454784
-0.440866
-0.422162
-0.407753
-0.446619
-0.455330
-0.393575
-0.371445
-0.491096
-0.361341
-0.379313
-0.415410
-0.445613
-0.328266
-0.418977
-0.393034
-0.476112
-0.408477
-0.424342
-0.474991
-0.464069
-0.405044
-0.429015
-0.397604
-0.369350
-0.309394
-0.444369
-0.429431
-0.288957
-0.276260
-0.341946
-0.325919
-0.323914
-0.365860
-0.363738
-0.335088
-0.317294
-0.302063
-0.388181
-0.303727
-0.235939
-0.196401
-0.216720
-0.309942
-0.190138
-0.237567
-0.092897
-0.267427
-0.142952
-0.197475
-0.189277
-0.259360
-0.174770
-0.198419
-0.260415
-0.216353
-0.147384
-0.098309
-0.177962
-0.189540
-0.063181
-0.150895
-0.075548
-0.082924
-0.093122
-0.191474
-0.050342
-0.079631
-0.078335
-0.146293
-0.170202
-0.137801
-0.072868
-0.079068
-0.116802
-0.055332
-0.090480
-0.044690
-0.059944
-0.116641
0.062498
-0.052800
-0.000909
-0.052375
-0.010427
-0.025194
-0.104228
-0.030064
-0.075560
-0.008028
-0.074402
-0.001704
-0.069910
0.008911
-0.011906
-0.078100
0.065309
-0.002527
0.045671
-0.054673
-0.002468
-0.025192
0.030233
0.039003
-0.022310
-0.014981
-0.049083
-0.020319
-0.027538
0.059644
-0.062150
-0.025957
-0.027102
-0.025930
-0.084474
-0.006268
0.006535
-0.045378
-0.067562
-0.037540
-0.028254
-0.051157
-0.009922
-0.054256
-0.012188
-0.127944
-0.007328
-0.020363
-0.096319
-0.090606
-0.066818
-0.058668
-0.132062
-0.024755
-0.068872
-0.081142
-0.126003
-0.100020
-0.093884
-0.070353
-0.058234
-0.140334
-0.163391
-0.159242
-0.091749
-0.098794
-0.206436
-0.260905
-0.271059
-0.166328
-0.138686
-0.282531
-0.274223
-0.279159
-0.308444
-0.293566
-0.290105
-0.287942
-0.251028
-0.250763
-0.312791
-0.257474
-0.264471
-0.297211
-0.321634
-0.238488
-0.298210
-0.282164
-0.245517
-0.285068
-0.295654
-0.327414
-0.310147
-0.340964
-0.332850
-0.400590
-0.426439
-0.371196
-0.418827
-0.444304
-0.447472
-0.384132
-0.462701
-0.434362
-0.401672
-0.470816
-0.451729
-0.380579
-0.455301
-0.384582
-0.369924
-0.458115
-0.491344
-0.525628
-0.421091
-0.500403
-0.495078
-0.572862
-0.505702
-0.555670
-0.498892
-0.510919
-0.543739
-0.532896
-0.542258
-0.431758
-0.383513
-0.465238
-0.496508
-0.491108
-0.493773
-0.495626
-0.493446
-0.569887
-0.421832
-0.512888
-0.515576
-0.514174
-0.468848
-0.534658
-0.499102
-0.486591
-0.507290
-0.483028
-0.531474
-0.538708
-0.528540
-0.581832
-0.558513
-0.627791
-0.635599
-0.524219
-0.525661
-0.629719
-0.622097
-0.521063
-0.545268
-0.511666
-0.492602
-0.515134
-0.536177
-0.536524
-0.528683
-0.632348
-0.597084
-0.620258
-0.583335
-0.562058
-0.650787
-0.640382
-0.656562
-0.587151
-0.622620
-0.560553
-0.558072
-0.520103
-0.508333
-0.473273
-0.511654
-0.527926
-0.561373
-0.503157
-0.517641
-0.550800
-0.575128
-0.521999
-0.500210
-0.588612
-0.586865
-0.605701
-0.497422
-0.577921
-0.509151
-0.588731
-0.518003
-0.530487
-0.559677
-0.538407
-0.611873
-0.552333
-0.583062
-0.463531
-0.521036
-0.439196
-0.535250
-0.575907
-0.480380
-0.501630
-0.449773
-0.426625
-0.451201
-0.540147
-0.425588
-0.459175
-0.467825
-0.461939
-0.527420
-0.542312
-0.532153
-0.434195
-0.533179
-0.579083
-0.502716
-0.507509
-0.528151
-0.486722
-0.431997
-0.495981
-0.542776
-0.452664
-0.509759
-0.439168
-0.500163
-0.498228
-0.583137
-0.514653
-0.446350
-0.510371
-0.518387
-0.555081
-0.547891
-0.504912
-0.364384
-0.490768
-0.517444
-0.456180
-0.470950
-0.421028
-0.342661
-0.375835
-0.515340
-0.478210
-0.387894
-0.272743
-0.371940
-0.344394
-0.399035
-0.355381
-0.321866
-0.273689
-0.207465
-0.271594
-0.276503
-0.354716
-0.260319
-0.201069
-0.248067
-0.308087
-0.328616
-0.249446
-0.316955
-0.329803
-0.293196
-0.260241
-0.289433
-0.302227
-0.291240
-0.293379
-0.231798
-0.245924
-0.270826
-0.246244
-0.210302
-0.130106
-0.232371
-0.142979
-0.152042
-0.220750
-0.218533
-0.081803
-0.001855
-0.133060
-0.129717
-0.129033
-0.137980
-0.100773
-0.079016
-0.042156
-0.096517
0.013732
-0.039419
0.005240
-0.001799
0.018437
-0.074396
-0.051357
-0.012675
0.055720
-0.017463
-0.027576
0.024313
-0.027346
0.023804
0.051514
0.090676
0.148420
0.062720
0.072022
0.116803
0.112730
0.078096
0.105661
0.074173
0.109738
0.046643
0.048919
0.074004
0.033598
0.048488
-0.012609
0.043388
0.061285
0.012856
0.030257
0.046651
0.055764
-0.041147
0.058080
0.139387
0.107733
0.006116
0.022952
0.053528
0.089205
0.109372
0.065459
0.012329
-0.004342
0.017106
0.073644
0.080971
0.051071
0.058034
0.041622
0.080578
0.070364
0.068469
0.198832
0.151384
0.102390
0.132850
0.198608
0.024714
0.106867
0.170312
0.152435
0.100422
0.258208
0.263026
0.270056
0.236358
0.278608
0.292359
0.325644
0.324727
0.370497
0.335580
0.285266
0.241383
0.298739
0.259303
0.127096
0.117968
0.187908
0.110191
0.109687
0.183388
0.148480
0.057363
0.138437
0.122214
0.201400
0.121220
0.133589
0.106139
0.128880
0.134507
0.147358
0.107100
0.149906
0.187254
0.194742
0.162934
0.224305
0.244708
0.193360
0.244247
0.233070
0.246935
0.236459
0.342698
0.209887
0.142292
0.189202
0.205160
0.210374
0.237115
0.152542
0.018764
-0.008706
0.117745
0.145679
0.095627
0.066563
0.123090
0.094484
0.185510
0.162087
0.151739
0.118256
0.167476
0.167156
0.161475
0.207766
0.244112
0.213558
0.182798
0.175027
0.097796
0.248217
0.261879
0.213062
0.100507
0.127970
0.087792
0.012956
0.003884
0.078771
0.060524
0.049291
0.090575
0.041535
0.152486
0.178032
0.229692
0.290078
0.170707
0.217466
0.321148
0.288931
0.312782
0.273256
0.201456
0.195179
0.170124
0.092818
0.175544
0.175431
0.111004
0.029833
0.103460
0.129447
0.117336
0.093486
0.130801
0.081903
0.033303
0.136475
0.158880
0.082187
0.067342
0.029429
0.136182
0.150339
0.107767
0.122239
0.167115
0.268192
0.232626
0.242543
0.250776
0.181981
0.174498
0.211515
0.195752
0.126440
0.148516
0.081936
0.143585
0.025294
0.122029
0.060900
0.037256
0.055090
0.127895
0.201513
0.108230
0.053251
0.103077
0.185234
0.196868
0.202300
0.159498
0.085848
0.067102
0.054882
0.148906
0.190824
0.091055
0.069488
0.074876
0.131269
0.030769
0.064309
0.102373
0.069015
0.042344
0.124297
0.104551
0.071947
-0.019451
0.008465
-0.021666
0.047574
0.018848
0.030578
-0.028363
0.042518
0.003971
0.052966
-0.013624
0.047953
0.045527
-0.016210
0.124058
0.040327
-0.039275
0.009291
0.039694
0.065299
0.011454
0.087696
0.018178
0.148470
0.012994
0.074811
0.074881
0.139801
0.063739
0.014351
0.109024
0.026840
0.032718
0.044628
0.034904
0.052511
0.044745
0.080019
0.073720
0.110848
0.046805
0.071809
0.064531
0.094540
0.099075
0.066436
0.133318
0.153776
0.111060
0.148450
0.051162
0.172009
0.193038
0.195678
0.161315
0.199803
0.161746
0.208055
0.183230
0.122374
0.241680
0.162822
0.140488
0.234081
0.215040
0.141442
0.191535
0.160349
0.209763
0.334916
0.235139
0.206964
0.238145
0.224666
0.295808
0.392978
0.262853
0.189995
0.294933
0.323372
0.240971
0.229332
0.176160
0.159056
0.081902
0.178601
0.169261
0.153659
0.029040
0.068445
0.174836
0.144553
0.140566
0.055519
0.083151
0.145965
0.227490
0.196480
0.124433
0.136086
0.124211
0.198022
0.215201
0.265224
0.167788
0.091233
0.100746
0.169187
0.215721
0.157456
0.172471
0.190806
0.204888
0.217216
0.202174
0.169116
0.237688
0.226737
0.247397
0.272346
0.162281
0.177285
0.230640
0.300172
0.203433
0.278876
0.339941
0.321777
0.275814
0.366151
0.418320
0.264859
0.347799
0.452550
0.338362
0.323236
0.270292
0.374783
0.347036
0.393609
0.350172
0.343558
0.324341
0.383774
0.492163
0.453635
0.393809
0.424035
0.420411
0.399356
0.414570
0.484390
0.428216
0.388110
0.478827
0.447796
0.508631
0.423719
0.499725
0.390665
0.495478
0.511869
0.556298
0.458761
0.391530
0.518436
0.460105
0.563189
0.427485
0.450168
0.389925
0.463736
0.486218
0.446818
0.371073
0.391745
0.394567
0.448546
0.381508
0.321375
0.273045
0.263925
0.306523
0.262357
0.242064
0.265268
0.239939
0.210350
0.164182
0.150217
0.131223
0.157296
0.219952
0.270569
0.173055
0.131762
0.204783
0.140386
0.176780
0.216256
0.248468
0.119222
0.148780
0.199512
0.257822
0.195599
0.136683
0.146087
0.238966
0.191019
0.229630
0.194439
0.228781
0.108333
0.175333
0.217059
0.200512
0.119342
0.169162
0.138684
0.150516
0.175431
0.070323
0.093904
0.182578
0.223832
0.152827
0.165856
0.157516
0.175720
0.131029
0.078229
0.280320
0.251266
0.168889
0.112933
0.196520
0.230086
0.176129
0.300849
0.261218
0.234647
0.287181
0.259302
0.246721
0.243205
0.178667
0.176267
0.275222
0.205835
0.267026
0.160264
0.244264
0.314759
0.261742
0.291856
0.293805
0.292782
0.256463
0.423411
0.405968
0.455934
0.300851
0.303342
0.437396
0.509623
0.460633
0.323763
0.410966
0.418619
0.422475
0.535776
0.416193
0.480001
0.543881
0.517980
0.645289
0.642116
0.615306
0.599110
0.689621
0.676660
0.774289
0.786169
0.752704
0.767202
0.766205
0.787592
0.825303
0.846698
0.929641
0.912476
0.847254
0.869766
0.945323
0.899359
0.978244
0.937082
0.939871
0.886188
0.950644
0.966838
0.950461
0.830448
0.876855
0.964193
0.856823
0.839669
0.924230
0.801915
0.829198
0.839275
0.853238
0.745986
0.796011
0.694954
0.712459
0.743493
0.711379
0.708044
0.710476
0.742956
0.809651
0.758425
0.721588
0.764503
0.770784
0.755536
0.855474
0.879251
0.807244
0.826049
0.951095
0.892819
0.819313
0.877724
0.892108
0.977575
0.937506
1.081498
1.035998
1.009695
1.015214
1.137427
1.146180
1.112890
1.114205
1.170814
1.168149
1.276721
1.208942
1.138133
1.027962
1.040486
1.079738
1.188771
1.151238
1.063863
0.972128
1.094141
1.253569
1.101062
1.141894
1.118962
1.165400
1.092470
1.109607
1.063342
0.930661
1.012460
0.792487
0.743510
0.767133
0.678444
0.627688
0.616902
0.626634
0.523079
0.731884
0.538168
0.542364
0.601487
0.629798
0.590802
0.597571
0.598778
0.469472
0.501376
0.409036
0.394084
0.386438
0.298590
0.315406
0.276933
0.169666
0.109317
0.200245
0.103750
0.146483
0.138939
0.059025
-0.135336
-0.031893
-0.049340
-0.098919
-0.226661
-0.338707
-0.238258
-0.343334
-0.361566
-0.490817
-0.434080
-0.587854
-0.628337
-0.619468
-0.622738
-0.564894
-0.724409
-0.867255
-0.854138
-0.866700
-0.944949
-0.971143
-1.020581
-1.145030
-1.345972
-1.318289
-1.308613
-1.362615
-1.524318
-1.629999
-1.644224
-1.683050
-1.710856
-1.828967
-1.819007
-2.028513
-2.146102
-2.097585
-2.184303
-2.389742
-2.472718
-2.509547
-2.533992
-2.656405
-2.785968
-2.859292
-2.998022
-3.089331
-3.124873
-3.204265
-3.261226
-3.504497
-3.607015
-3.616795
-3.767141
-3.867088
-4.036352
-4.084106
-4.221117
-4.405692
-4.420287
-4.507308
-4.778129
-5.073307
-5.081890
-5.170493
-5.251817
-5.468329
-5.614737
-5.712362
-5.927503
-6.109756
-6.209397
-6.228113
-6.464684
-6.609702
-6.760725
-6.891252
-7.031743
-7.146842
-7.019316
-7.214489
-7.330288
-7.656997
-7.562502
-7.723727
-7.831815
-7.999887
-8.313817
-8.458821
-8.709265
-8.746525
-8.950254
-9.142765
-9.395427
-9.576659
-9.663709
-9.831218
-9.999475
-10.247596
-10.271477
-10.375018
-10.477658
-10.709144
-10.958710
-11.046148
-11.292036
-11.425241
-11.495114
-11.765337
-12.007847
-12.258032
-12.431267
-12.873414
-13.183035
-13.218691
-13.346005
-13.527390
-13.850200
-14.075259
-14.369833
-14.511207
-14.737123
-14.825926
-14.801169
-15.139616
-15.356565
-15.430467
-15.442978
-15.747116
-16.048376
-16.084856
-16.319525
-16.533161
-16.770885
-16.881533
-17.156195
-17.504551
-17.737799
-17.881203
-18.049189
-18.340504
-18.461899
-18.639999
-18.914686
-19.079494
-19.104645
-19.333071
-19.506098
-19.708185
-19.825733
-19.876516
-20.121172
-20.394217
-20.568521
-20.875233
-20.998285
-21.186253
-21.507996
-21.683363
-21.818508
-22.054749
-22.275801
-22.397255
-22.591022
-22.711441
-22.965277
-23.013056
-23.160484
-23.284874
-23.590616
-23.740137
-23.973049
-24.097012
-24.297915
-24.526833
-24.634481
-24.896969
-25.043896
-25.127172
-25.341078
-25.454613
-25.649771
-25.766424
-25.862865
-25.932076
-26.281895
-26.389719
-26.452608
-26.711777
-26.937859
-27.087072
-27.306190
-27.606516
-27.767210
-27.957771
-28.129993
-28.276117
-28.634171
-28.766895
-28.889105
-29.036699
-29.236332
-29.365665
-29.550379
-29.671679
-29.981493
-30.242544
-30.285597
-30.480589
-30.717091
-30.846693
-31.026968
-31.401400
-31.541285
-31.590357
-31.807575
-31.929478
-32.130814
-32.229603
-32.420174
-32.650898
-32.767891
-32.768505
-32.999722
-33.228245
-33.336586
-33.401394
-33.593857
-33.789230
-33.971333
-34.080605
-34.176746
-34.360500
-34.451260
-34.646416
-34.855152
-35.125496
-35.167992
-35.408150
-35.642307
-35.861275
-35.953789
-36.217781
-36.300266
-36.582169
-36.882423
-37.019547
-37.052471
-37.147179
-37.293701
-37.513847
-37.599701
-37.746426
-37.833519
-37.962303
-38.106407
-38.228806
-38.405880
-38.539532
-38.664520
-38.722988
-38.845272
-39.052341
-39.153919
-39.245235
-39.306385
-39.558594
-39.557072
-39.670631
-39.832382
-39.920948
-40.094826
-40.245579
-40.425053
-40.465340
-40.666039
-40.733986
-40.803310
-41.063362
-41.237797
-41.469727
-41.542294
-41.483261
-41.607616
-42.019138
-42.150688
-42.142517
-42.194695
-42.358849
-42.543011
-42.663849
-42.821102
-42.899418
-43.103970
-43.231346
-43.390617
-43.583569
-43.880047
-43.851864
-44.001293
-44.250759
-44.413998
-44.612312
-44.744038
-44.856777
-45.033943
-45.180450
-45.253078
-45.417816
-45.546894
-45.584118
-45.715057
-45.920509
-45.990852
-46.034412
-46.164803
-46.186947
-46.280712
-46.489296
-46.585899
-46.693073
-46.650208
-46.838974
-46.891327
-47.089996
-47.112656
-47.249699
-47.286034
-47.372383
-47.382504
-47.611137
-47.626518
-47.590656
-47.620235
-47.835087
-47.876122
-47.991447
-47.987827
-47.999489
-47.972919
-48.087376
-48.180740
-48.271751
-48.319748
-48.404274
-48.460094
-48.639664
-48.566189
-48.494118
-48.525597
-48.766582
-48.850883
-48.919689
-49.006611
-48.836372
-48.746288
-48.714813
-48.837032
-48.862446
-48.704304
-48.718922
-48.775810
-48.802727
-48.746655
-48.537003
-48.602123
-48.604118
-48.660969
-48.683044
-48.828777
-48.851948
-48.798550
-48.743763
-48.888626
-48.906139
-48.823044
-48.790382
-48.962051
-49.003811
-49.048847
-49.066589
-49.014160
-48.949032
-49.028633
-49.130684
-49.173420
-49.253098
-49.085621
-49.232819
-49.349861
-49.354164
-49.249714
-49.348618
-49.369564
-49.375118
-49.465622
-49.389988
-49.530853
-49.481689
-49.487518
-49.450535
-49.678768
-49.649376
-49.676762
-49.624844
-49.936806
-49.957726
-49.917385
-49.981239
-50.214005
-50.251270
-50.188519
-50.335918
-50.517815
-50.511620
-50.419205
-50.745842
-50.804661
-50.752689
-50.637817
-50.801655
-51.146347
-50.988884
-51.057343
-51.169468
-51.208271
-51.188839
-51.277336
-51.370365
-51.498055
-51.598232
-51.529606
-51.619385
-51.723530
-51.753464
-51.783501
-51.846855
-52.111542
-52.209389
-52.234829
-52.421844
-52.671486
-52.648605
-52.649597
-52.850468
-53.055595
-53.074966
-53.105778
-53.287769
-53.471493
-53.435413
-53.264771
-53.385311
-53.610039
-53.685368
-53.716965
-53.787144
-53.919594
-53.921589
-53.926239
-54.043381
-54.148010
-54.250793
-54.357353
-54.374439
-54.429825
-54.341404
-54.428955
-54.582478
-54.553623
-54.552715
-54.419498
-54.554783
-54.656952
-54.561157
-54.655369
-54.873482
-54.756439
-54.769974
-54.979691
-54.915894
-55.016220
-55.313915
-55.311199
-55.144379
-55.312370
-55.438072
-55.375355
-55.383144
-55.511822
-55.518585
-55.464596
-55.528809
-55.562862
-55.629185
-55.730438
-55.684509
-55.780476
-55.846825
-55.995193
-55.950344
-56.116528
-56.239815
-56.261177
-56.247490
-56.395336
-56.461460
-56.447540
-56.513512
-56.439091
-56.577038
-56.632519
-56.685867
-56.635807
-56.777672
-56.758457
-56.767429
-56.853996
-56.928726
-56.857170
-56.937302
-57.020657
-56.985828
-57.057625
-56.989265
-56.977486
-57.054272
-57.069218
-57.145660
-57.012001
-57.094482
-57.056885
-57.204937
-57.118462
-57.194202
-57.158951
-57.102020
-57.249126
-57.169399
-57.313553
-57.176723
-57.281807
-57.226181
-57.283081
-57.358589
-57.365902
-57.260784
-57.255947
-57.500622
-57.443237
-57.347198
-57.485500
-57.562740
-57.487316
-57.439537
-57.651360
-57.484440
-57.372181
-57.531490
-57.651604
-57.488617
-57.490105
-57.509689
-57.564575
-57.460999
-57.444790
-57.623569
-57.463306
-57.580227
-57.554203
-57.626617
-57.634033
-57.527588
-57.624565
-57.534561
-57.675674
-57.661873
-57.631538
-57.543098
-57.575348
-57.662712
-57.576523
-57.565327
-57.633724
-57.681599
-57.727222
-57.633488
-57.746925
-57.772625
-57.699337
-57.680058
-57.884613
-57.855320
-57.734333
-57.842793
-57.860977
-57.899906
-57.792023
-57.883739
-57.915825
-57.908035
-58.020603
-57.942421
-57.954842
-57.907295
-58.134586
-58.018009
-58.075661
-58.029640
-58.193184
-58.046890
-58.074673
-58.215836
-58.150623
-58.129467
-58.097652
-58.343781
-58.169685
-58.243053
-58.262669
-58.304237
-58.330227
-58.364746
-58.328022
-58.361668
-58.470558
-58.481972
-58.541077
-58.574841
-58.583267
-58.583767
-58.483971
-58.648556
-58.695736
-58.700451
-58.709927
-58.714996
-58.775181
-58.810028
-58.752239
-58.756943
-58.769234
-58.900581
-58.777927
-58.874035
-58.923191
-58.871193
-58.889275
-58.932552
-58.995827
-58.921127
-59.014717
-59.018761
-59.113251
-58.978065
-59.010754
-59.088867
-59.191452
-59.120754
-59.090820
-59.254093
-59.227837
-59.146980
-59.203613
-59.329899
-59.311970
-59.220467
-59.304199
-59.400185
-59.257862
-59.306114
-59.337303
-59.290840
-59.254482
-59.308025
-59.283466
-59.379955
-59.204773
-59.206959
-59.357807
-59.327026
-59.214062
-59.276653
-59.461143
-59.402878
-59.302364
-59.385056
-59.439747
-59.467487
-59.401760
-59.555908
-59.514721
-59.419918
-59.494366
-59.584709
-59.615509
-59.436302
-59.527248
-59.590931
-59.649170
-59.465786
-59.683525
-59.639282
-59.601334
-59.630505
-59.645260
-59.721954
-59.631783
-59.674713
-59.630150
-59.824417
-59.607132
-59.607220
-59.713722
-59.803497
-59.682545
-59.725395
-59.654537
-59.683033
-59.750240
-59.645355
-59.744911
-59.715630
-59.774445
-59.666840
-59.705402
-59.746277
-59.620773
-59.677425
-59.662209
-59.761471
-59.589462
-59.638626
-59.623478
-59.631771
-59.574802
-59.528057
-59.749271
-59.651779
-59.597050
-59.671684
-59.678707
-59.596928
-59.709122
-59.693974
-59.653019
-59.610577
-59.552322
-59.669781
-59.542923
-59.640568
-59.517128
-59.448566
-59.371845
-59.559898
-59.484238
-59.354950
-59.446606
-59.520813
-59.412334
-59.441170
-59.467537
-59.554035
-59.276363
-59.496998
-59.486084
-59.435101
-59.438709
-59.379219
-59.465591
-59.367401
-59.455368
-59.299934
-59.372639
-59.392849
-59.452961
-59.325924
-59.340923
-59.380077
-59.304165
-59.419697
-59.386555
-59.396439
-59.485493
-59.241993
-59.446590
-59.381393
-59.457417
-59.345585
-59.493664
-59.575420
-59.415966
-59.459717
-59.509609
-59.546734
-59.489674
-59.402893
-59.398560
-59.463757
-59.535110
-59.381817
-59.412640
-59.526321
-59.533936
-59.516846
-59.580471
-59.478607
-59.426239
-59.549820
-59.665913
-59.603687
-59.524166
-59.525188
-59.684711
-59.622364
-59.700253
-59.755260
-59.723232
-59.815422
-59.900177
-60.102932
-59.950199
-59.823986
-60.047771
-60.160904
-60.182583
-60.210300
-60.138451
-60.009644
-59.991322
-59.901249
-59.940292
-59.993183
-60.018353
-59.956692
-59.796383
-59.984390
-60.031364
-59.830059
-60.002884
-60.100460
-60.139755
-60.053955
-60.272114
-60.262276
-60.159561
-60.135052
-60.091782
-60.247242
-60.012573
-60.153255
-60.202011
-60.296204
-60.113556
-60.065475
-60.209728
-60.250233
-60.140625
-60.130146
-60.331173
-60.396946
-60.168186
-60.193558
-60.402851
-60.388725
-60.143078
-60.242619
-60.295418
-60.369308
-60.253910
-60.246067
-60.365677
-60.207432
-60.182117
-60.133553
-60.274239
-60.222832
-60.053223
-60.000629
-60.045631
-60.103558
-59.830910
-59.847660
-59.922161
-59.842270
-59.844456
-59.787930
-59.806301
-59.736568
-59.906181
-59.840893
-59.998459
-60.065842
-59.871231
-59.871796
-59.883133
-59.865421
-59.848328
-59.959057
-59.865898
-59.754078
-59.936878
-59.708427
-59.902054
-59.873833
-59.950172
-59.713207
-59.937801
-60.235428
-60.124424
-60.145195
-59.943802
-60.231564
-60.367924
-60.360294
-60.057926
-60.114338
-60.213444
-60.115677
-60.120125
-60.218468
-60.082733
-60.267139
-60.092129
-60.117195
-60.194714
-60.343380
-60.285671
-60.273067
-60.255577
-60.164089
-60.237961
-60.340904
-60.513142
-60.190220
-60.209518
-60.478577
-60.325535
-60.250751
-60.292732
-60.506073
-60.331699
-60.287319
-60.627846
-60.548145
-60.369946
-60.244511
-60.413773
-60.315407
-60.316071
-60.418034
-60.312061
-60.333912
-60.177151
-60.246082
-60.095402
-60.269928
-60.095577
-60.270756
-60.463142
-60.390713
-60.304573
-60.374756
-60.349072
-60.393379
-60.279919
-60.425743
-60.344318
-60.238995
-60.243103
-60.379719
-60.500626
-60.099705
-60.115871
-60.320030
-60.446224
-60.222496
-60.237896
-60.406502
-60.516022
-60.378273
-60.269650
-60.378338
-60.395966
-60.241512
-60.323372
-60.431648
-60.311302
-60.285339
-60.088055
-60.043182
-60.123291
-60.206406
-60.044930
-59.972126
-60.189590
-60.067760
-60.070507
-60.030392
-60.170067
-60.173832
-60.151695
-60.232841
-60.380951
-60.491276
-60.201122
-60.342022
-60.608574
-60.631935
-60.498734
-60.471718
-60.786118
-60.732662
-60.637894
-60.741573
-60.715534
-60.605251
-60.642876
-60.617260
-60.796631
-60.670284
-60.576351
-60.461288
-60.428383
-60.587143
-60.520683
-60.603649
-60.659451
-60.826733
-60.524742
-60.609558
-60.684132
-60.692669
-60.536331
-60.431732
-60.722912
-60.551197
-60.406693
-60.484814
-60.609276
-60.537804
-60.375099
-60.274712
-60.355091
-60.493439
-60.510422
-60.407818
-60.366444
-60.406574
-60.193394
-60.146397
-60.226517
-60.437160
-60.429684
-60.217644
-59.950054
-60.227024
-60.070324
-59.865795
-59.946014
-60.018223
-59.705585
-59.664268
-59.716568
-59.880966
-59.622787
-59.318882
-59.245819
-59.389114
-59.659428
-59.281822
-59.202019
-59.168503
-59.232983
-59.163177
-59.336639
-59.164368
-59.037102
-59.141804
-58.920094
-59.009480
-59.141911
-59.016621
-58.573994
-58.658089
-58.770592
-58.569096
-58.520077
-58.526264
-58.371868
-58.307068
-58.289852
-58.338799
-58.251381
-57.953560
-57.999439
-57.956894
-58.068882
-57.924393
-57.832703
-57.803234
-57.828068
-57.735966
-57.659878
-57.648403
-57.603939
-57.690983
-57.843456
-57.609989
-57.467766
-57.479553
-57.682373
-57.431786
-57.347214
-57.358387
-57.422424
-57.366970
-57.198772
-57.257828
-57.270588
-57.286354
-57.137390
-57.232971
-57.281204
-57.200897
-57.097866
-57.039688
-57.081459
-56.960144
-57.043575
-56.893559
-56.885406
-56.856873
-56.768585
-56.759895
-56.818989
-56.707764
-56.618511
-56.727459
-56.740883
-56.660751
-56.583801
-56.533405
-56.428513
-56.574093
-56.550964
-56.357494
-56.426182
-56.435707
-56.267597
-56.250191
-56.454758
-56.178280
-56.192581
-56.232994
-56.279152
-56.152340
-56.105312
-56.165733
-56.071556
-56.122112
-56.070717
-56.218727
-55.947197
-55.972187
-56.067894
-55.997334
-56.033363
-55.835365
-55.981411
-55.920540
-55.914330
-55.928699
-55.944473
-55.874435
-55.819988
-55.922619
-55.884430
-55.871315
-55.828739
-55.894478
-55.833359
-55.883549
-55.852730
-55.960529
-55.778645
-55.836166
-55.951313
-55.877419
-55.823135
-55.874920
-55.994141
-55.716206
-55.881622
-55.933086
-55.883865
-55.823601
-55.786556
-55.818867
-55.858238
-55.855827
-55.786148
-55.805820
-55.921570
-55.828609
-55.786808
-55.738754
-55.858665
-55.808731
-55.775761
-55.869339
-55.753883
-55.739944
-55.719280
-55.809143
-55.698589
-55.694462
-55.656422
-55.683018
-55.708096
-55.724331
-55.602779
-55.616428
-55.534645
-55.661201
-55.553440
-55.577675
-55.456730
-55.436970
-55.505894
-55.499165
-55.454227
-55.291958
-55.360580
-55.366859
-55.327663
-55.224476
-55.287788
-55.246338
-55.175186
-55.124977
-55.213921
-55.133953
-54.988544
-54.974689
-55.086544
-54.957275
-54.829300
-54.955475
-54.855873
-54.834961
-54.720093
-54.646606
-54.572884
-54.613445
-54.573727
-54.426193
-54.522999
-54.256264
-54.271603
-54.250122
-54.152534
-54.041481
-53.921280
-54.024860
-53.948032
-53.810650
-53.752232
-53.663326
-53.627815
-53.355450
-53.500900
-53.305038
-53.408718
-53.241741
-53.015823
-53.071033
-53.000141
-52.916058
-52.669075
-52.802647
-52.642502
-52.586105
-52.561729
-52.465874
-52.458645
-52.262047
-52.141953
-52.119255
-52.129307
-52.006416
-51.855362
-51.924816
-51.841656
-51.697449
-51.611160
-51.576996
-51.562672
-51.499096
-51.428391
-51.413029
-51.419395
-51.290989
-51.170517
-51.294510
-51.209259
-51.056393
-51.052509
-51.151993
-51.075478
-51.011311
-50.848240
-50.884682
-51.038784
-50.865490
-50.781410
-50.907703
-50.890804
-50.727501
-50.808907
-50.798428
-50.877445
-50.661259
-50.725155
-50.612202
-50.795681
-50.774609
-50.635269
-50.588165
-50.755997
-50.670746
-50.667511
-50.633247
-50.606304
-50.661373
-50.618916
-50.726200
-50.692993
-50.631824
-50.575619
-50.632019
-50.589046
-50.665310
-50.623325
-50.712471
-50.573551
-50.623154
-50.521423
-50.632225
-50.626564
-50.660294
-50.597843
-50.790501
-50.681740
-50.490990
-50.714573
-50.759064
-50.640827
-50.660355
-50.905426
-50.725880
-50.755325
-50.791294
-50.831615
-50.913338
-50.842022
-50.895477
-50.981873
-51.094494
-50.917957
-50.837532
-50.987659
-50.955269
-51.116226
-50.880676
-50.843849
-50.985935
-50.967056
-51.048714
-50.992744
-50.966522
-50.815289
-50.920040
-51.020309
-51.100544
-51.036633
-50.910229
-51.028366
-50.977222
-51.062195
-50.947449
-51.019650
-51.164745
-51.135376
-51.084591
-51.202335
-51.286934
-51.225552
-51.207302
-51.212334
-51.387409
-51.161865
-51.286041
-51.313507
-51.336056
-51.380756
-51.175842
-51.199928
-51.175919
-51.270638
-51.242844
-51.258640
-51.471790
-51.482273
-51.371639
-51.473274
-51.519943
-51.378681
-51.427521
-51.608612
-51.617199
-51.629601
-51.475842
-51.540203
-51.511311
-51.470329
-51.387585
-51.440365
-51.677551
-51.662495
-51.483925
-51.388844
-51.407085
-51.310783
-51.406834
-51.377007
-51.426399
-51.607990
-51.372410
-51.364677
-51.492115
-51.452339
-51.394192
-51.514149
-51.651192
-51.487850
-51.639385
-51.722099
-51.629105
-51.640327
-51.624016
-51.678078
-51.795025
-51.846039
-51.875011
-51.711002
-51.946823
-51.754341
-51.962566
-51.788364
-51.967194
-51.905853
-51.926708
-52.058044
-52.012711
-51.995014
-51.908028
-52.059433
-52.015743
-52.079376
-52.056427
-52.100342
-51.957172
-52.062157
-51.986130
-52.109138
-51.948818
-52.071377
-52.072060
-52.236168
-52.091774
-52.009293
-51.953499
-52.190746
-52.142067
-52.046070
-52.106133
-52.058674
-52.055626
-52.009171
-52.098743
-52.035957
-52.009377
-51.931583
-52.060474
-52.036777
-52.088242
-52.020996
-51.917770
-52.153465
-52.045818
-51.914825
-52.008968
-52.106030
-52.103489
-52.032173
-52.051609
-52.152641
-52.023640
-52.038033
-52.166237
-52.189514
-52.117847
-52.131332
-52.101429
-52.189362
-52.221531
-52.209953
-52.037334
-52.177868
-52.185429
-52.198544
-52.162640
-52.227501
-52.150509
-52.281654
-52.372837
-52.288826
-52.263535
-52.206131
-52.390236
-52.491367
-52.392063
-52.381599
-52.433998
-52.536854
-52.416489
-52.561020
-52.586926
-52.502102
-52.610462
-52.666965
-52.742695
-52.644089
-52.783176
-52.765553
-52.859161
-52.784710
-52.880348
-52.996475
-52.940910
-52.946735
-52.970490
-53.028507
-53.104778
-53.064922
-53.172764
-53.102238
-53.316441
-53.159637
-53.246456
-53.339596
-53.265732
-53.449654
-53.410725
-53.406605
-53.367550
-53.563301
-53.525387
-53.600502
-53.635849
-53.554756
-53.785480
-53.683872
-53.833450
-53.833008
-53.749336
-53.804352
-53.786411
-53.902718
-53.986622
-53.920731
-53.919975
-53.913048
-54.119473
-54.034508
-53.943726
-54.169212
-54.154091
-54.083870
-54.166187
-54.377445
-54.203949
-54.224339
-54.252792
-54.434010
-54.310905
-54.277428
-54.356468
-54.460205
-54.430878
-54.332054
-54.501690
-54.514179
-54.522926
-54.468502
-54.578434
-54.578419
-54.581829
-54.576302
-54.660072
-54.722439
-54.710537
-54.651024
-54.642288
-54.710377
-54.741859
-54.627666
-54.793907
-54.788837
-54.751957
-54.817352
-54.712322
-54.836212
-54.784832
-54.833847
-54.795040
-54.884907
-54.875656
-54.748337
-54.941265
-55.033470
-54.910110
-54.836651
-54.885361
-54.918858
-54.797977
-54.910450
-55.059166
-55.034031
-54.756298
-54.796398
-55.223545
-54.961449
-54.805740
-54.956932
-54.947701
-54.847733
-54.983955
-55.074741
-54.986916
-54.982670
-54.906292
-54.951042
-55.044750
-55.084686
-54.922939
-55.069130
-55.154385
-55.081509
-55.126678
-55.082211
-55.115067
-55.157940
-55.019360
-55.244137
-54.952908
-55.178059
-55.202969
-55.128326
-55.266022
-55.091843
-55.178841
-55.021065
-55.320580
-55.327423
-55.292896
-55.165169
-55.263718
-55.228653
-55.146496
-55.343784
-55.239922
-55.134514
-55.184570
-55.345085
-55.233620
-55.127075
-55.220428
-55.114372
-55.254429
-55.244156
-55.331192
-55.181580
-55.291767
-55.168911
-55.154434
-55.250484
-55.337269
-55.303749
-55.255054
-55.163940
-55.207470
-55.312389
-55.146557
-55.184845
-55.303680
-55.251225
-55.106396
-55.298046
-55.293358
-55.151924
-55.052753
-55.290154
-55.196445
-55.097607
-55.172649
-55.230762
-55.182709
-55.139980
-55.097313
-55.280743
-55.031162
-55.175117
-55.214481
-55.242023
-55.030350
-55.039646
-55.132568
-55.140430
-55.120136
-55.083565
-55.112526
-55.168747
-55.049671
-55.084461
-55.148949
-55.123058
-55.044521
-55.215843
-55.225960
-55.103653
-55.055122
-55.001583
-55.004761
-55.200554
-55.057446
-54.977982
-55.031071
-55.111343
-55.063614
-54.822674
-54.974724
-55.073406
-55.051991
-54.984005
-55.129631
-55.089924
-54.898190
-54.937031
-55.033470
-54.972893
-54.878998
-55.050964
-54.924259
-54.894302
-55.054653
-55.036564
-54.869499
-54.763287
-55.060368
-54.895782
-55.011009
-55.042309
-55.054817
-55.037029
-54.928551
-54.987583
-54.911152
-55.025631
-54.955471
-55.002796
-54.968590
-55.057743
-54.960342
-54.993103
-54.889297
-54.965378
-54.995201
-54.934990
-54.917122
-55.062759
-55.083176
-54.937260
-55.016808
-54.905025
-55.001667
-54.949409
-55.109806
-55.038429
-55.045784
-55.010983
-54.949814
-55.084492
-55.094460
-55.042812
-55.041523
-55.094540
-55.201866
-55.080238
-55.105507
-55.109383
-55.093777
-55.169514
-55.300098
-55.136799
-55.048676
-55.224323
-55.348316
-55.209362
-55.255024
-55.211876
-55.147671
-55.218121
-55.333950
-55.293842
-55.149124
-55.314705
-55.142380
-55.234852
-55.376637
-55.365093
-55.318741
-55.302387
-55.314751
-55.304085
-55.424358
-55.301964
-55.531315
-55.320164
-55.357300
-55.503403
-55.409908
-55.321934
-55.338444
-55.590645
-55.269344
-55.509579
-55.458416
-55.377384
-55.279827
-55.509266
-55.467663
-55.494999
-55.541763
-55.370731
-55.560181
-55.630608
-55.484776
-55.552738
-55.518353
-55.555458
-55.650311
-55.688110
-55.591885
-55.527431
-55.677143
-55.573742
-55.687733
-55.636364
-55.632496
-55.699184
-55.668495
-55.771530
-55.702084
-55.812447
-55.712063
-55.859852
-55.771057
-55.920181
-55.785778
-55.752720
-55.929844
-55.905266
-55.857555
-55.805466
-56.041416
-55.776218
-55.898663
-56.060963
-55.979073
-55.959808
-56.038452
-56.057751
-56.089191
-56.043922
-56.091579
-55.983295
-56.236305
-56.083839
-56.180607
-56.170483
-56.246376
-56.264458
-56.210289
-56.269344
-56.261555
-56.354080
-56.341446
-56.348545
-56.421326
-56.505821
-56.420704
-56.393513
-56.323425
-56.609303
-56.470116
-56.447857
-56.587959
-56.625809
-56.512733
-56.525658
-56.628269
-56.636593
-56.716362
-56.734909
-56.640846
-56.781380
-56.713207
-56.802620
-56.723503
-56.868984
-56.803722
-56.927517
-56.765007
-56.837704
-56.975300
-56.921417
-56.871952
-56.947990
-56.982094
-56.931370
-57.023376
-57.019840
-56.923439
-56.996815
-57.138153
-57.128517
-56.996796
-57.166073
-57.186531
-57.224842
-57.233383
-57.152176
-57.211349
-57.178802
-57.328075
-57.295826
-57.276279
-57.380997
-57.266769
-57.211739
-57.302792
-57.322800
-57.324799
-57.412601
-57.347187
-57.398003
-57.405075
-57.437439
-57.462608
-57.478073
-57.401180
-57.609795
-57.582901
-57.498764
-57.606159
-57.751320
-57.592140
-57.662922
-57.717957
-57.775871
-57.667927
-57.623203
-57.884026
-57.929691
-57.928345
-57.778561
-57.860516
-57.799805
-57.850800
-57.904846
-57.886990
-58.023071
-57.989811
-58.061787
-58.009296
-58.015385
-58.010036
-57.983662
-58.126480
-58.151867
-58.178989
-58.124340
-58.193916
-58.230694
-58.155003
-58.238499
-58.243252
-58.250549
-58.290543
-58.275417
-58.376972
-58.330265
-58.319702
-58.384834
-58.433136
-58.340088
-58.446827
-58.461082
-58.387909
-58.507706
-58.580738
-58.528606
-58.503662
-58.685200
-58.614449
-58.639320
-58.700954
-58.887344
-58.685738
-58.677414
-58.849857
-58.941113
-58.912018
-58.733837
-58.860943
-58.938576
-59.001186
-59.002270
-58.932976
-58.957672
-59.078075
-59.147163
-59.085964
-59.203918
-59.125938
-59.154701
-59.183186
-59.287289
-59.346424
-59.243778
-59.354782
-59.279789
-59.402088
-59.456829
-59.379116
-59.373352
-59.404972
-59.641529
-59.582191
-59.648182
-59.592213
-59.686657
-59.669838
-59.723869
-59.805168
-59.796207
-59.853779
-59.767651
-59.964188
-59.934368
-59.943192
-59.941528
-59.985302
-60.100441
-60.028172
-60.148151
-60.054131
-60.165581
-60.231709
-60.242542
-60.198845
-60.179722
-60.480133
-60.274883
-60.344395
-60.416882
-60.543468
-60.376904
-60.432590
-60.595860
-60.510025
-60.580368
-60.577663
-60.709293
-60.588009
-60.600796
-60.677532
-60.794540
-60.822407
-60.781456
-60.815247
-60.906628
-60.845810
-60.929207
-60.947060
-61.010803
-60.945759
-60.973412
-61.063061
-60.978710
-61.055332
-61.034958
-61.193699
-61.168755
-61.095711
-61.133801
-61.224594
-61.318237
-61.189972
-61.270672
-61.374680
-61.286015
-61.271496
-61.373981
-61.576828
-61.375038
-61.417793
-61.575481
-61.603760
-61.528915
-61.525085
-61.630383
-61.624672
-61.708061
-61.625362
-61.696438
-61.764019
-61.748924
-61.708752
-61.723404
-61.899971
-61.775475
-61.820915
-61.910934
-61.910854
-61.940903
-61.777828
-61.995453
-61.974819
-62.083973
-61.889149
-61.959915
-62.080643
-62.101635
-61.954586
-62.050423
-62.167725
-62.088642
-62.094265
-62.167526
-62.254120
-62.126041
-62.143135
-62.137081
-62.297649
-62.181267
-62.281315
-62.261971
-62.392044
-62.207623
-62.352413
-62.318172
-62.325539
-62.341782
-62.411922
-62.408230
-62.548630
-62.409100
-62.448467
-62.506878
-62.517754
-62.367325
-62.470394
-62.623848
-62.472420
-62.506130
-62.537521
-62.635181
-62.563568
-62.529659
-62.401867
-62.663441
-62.706120
-62.550823
-62.601456
-62.742710
-62.615105
-62.612003
-62.640686
-62.578259
-62.624825
-62.647324
-62.687885
-62.621662
-62.619003
-62.581985
-62.643196
-62.690506
-62.635193
-62.595921
-62.603653
-62.656891
-62.715191
-62.624409
-62.630913
-62.569809
-62.625050
-62.556278
-62.604099
-62.517193
-62.528942
-62.425476
-62.653214
-62.546707
-62.478756
-62.477333
-62.545933
-62.483593
-62.344070
-62.538872
-62.489723
-62.490166
-62.448147
-62.478168
-62.416130
-62.495689
-62.373718
-62.287678
-62.360199
-62.344112
-62.360512
-62.273937
-62.232620
-62.244061
-62.136730
-62.276226
-62.147934
-62.231201
-62.110008
-62.076412
-61.996342
-62.010185
-61.985691
-61.850075
-61.795769
-61.762169
-61.755318
-61.782230
-61.598721
-61.595230
-61.626835
-61.489639
-61.320717
-61.462524
-61.386562
-61.264011
-61.205605
-61.232895
-61.179211
-61.037975
-60.965725
-60.933662
-60.864258
-60.749390
-60.769192
-60.699497
-60.605209
-60.440384
-60.432968
-60.378448
-60.363136
-60.322197
-60.041229
-60.074604
-60.162315
-60.051949
-59.835331
-59.867344
-59.825829
-59.591042
-59.550816
-59.532669
-59.539482
-59.306717
-59.246418
-59.173008
-59.197571
-59.019470
-58.870556
-58.786243
-58.803055
-58.707458
-58.498913
-58.471176
-58.557243
-58.342739
-58.108131
-58.129589
-58.009201
-57.905411
-57.781517
-57.625473
-57.586803
-57.444984
-57.440666
-57.165535
-56.990906
-56.934002
-56.894489
-56.773270
-56.587234
-56.604053
-56.287701
-56.230137
-56.121613
-56.119198
-55.761639
-55.792183
-55.632969
-55.484413
-55.412704
-55.174702
-55.114628
-54.948181
-54.889748
-54.656700
-54.479168
-54.472954
-54.270229
-54.206623
-53.970451
-53.860138
-53.702473
-53.606106
-53.389812
-53.265488
-53.096012
-53.006840
-52.827358
-52.668289
-52.566349
-52.356174
-52.194042
-51.940285
-51.972080
-51.863129
-51.643810
-51.453953
-51.321239
-51.320122
-51.081390
-50.967674
-50.695618
-50.631752
-50.525097
-50.265354
-50.270470
-50.010021
-49.941330
-49.690430
-49.680305
-49.522182
-49.392746
-49.090092
-49.202293
-48.994614
-48.891834
-48.750660
-48.678558
-48.490353
-48.229576
-48.247475
-48.231159
-48.146240
-47.814537
-47.735210
-47.650478
-47.542606
-47.476021
-47.330517
-47.142677
-46.962383
-46.894619
-46.938114
-46.737671
-46.597652
-46.387798
-46.387493
-46.303654
-46.192413
-45.888233
-45.847488
-45.824837
-45.632488
-45.540894
-45.437382
-45.334351
-45.092789
-44.957424
-44.988495
-44.893700
-44.752789
-44.592537
-44.489914
-44.381218
-44.291801
-44.298210
-44.138618
-44.031868
-43.809589
-43.820980
-43.773994
-43.673229
-43.542992
-43.434269
-43.470627
-43.266560
-43.227833
-43.126984
-43.060753
-42.944187
-42.778091
-42.821907
-42.818848
-42.680019
-42.501617
-42.551636
-42.494568
-42.421505
-42.215481
-42.322117
-42.262856
-42.157761
-42.049061
-42.073124
-41.993130
-41.862000
-41.823734
-41.778992
-41.819458
-41.651840
-41.625664
-41.410473
-41.488773
-41.483864
-41.401222
-41.201309
-41.139095
-41.200176
-41.079563
-41.077164
-41.000587
-40.854996
-40.783916
-40.878155
-40.833477
-40.777100
-40.765816
-40.485497
-40.579529
-40.423752
-40.580608
-40.330994
-40.375240
-40.318401
-40.345425
-40.183735
-40.236191
-40.192841
-40.083439
-39.962379
-39.955570
-40.060497
-39.899288
-39.863098
-39.783825
-39.726612
-39.559998
-39.596653
-39.489285
-39.366882
-39.330467
-39.417130
-39.293530
-39.161995
-39.068737
-39.099911
-38.943237
-38.897591
-38.863731
-38.827129
-38.787846
-38.536087
-38.602013
-38.592274
-38.493389
-38.348576
-38.311363
-38.210938
-38.217346
-38.207729
-37.937550
-37.926453
-37.837147
-37.797489
-37.796776
-37.668713
-37.567921
-37.471073
-37.384689
-37.288044
-37.426716
-37.165405
-37.059196
-37.006458
-36.995834
-36.933430
-36.894951
-36.650948
-36.642956
-36.621891
-36.553791
-36.446968
-36.375862
-36.282578
-36.194096
-36.096550
-36.092827
-36.048515
-35.829430
-35.747704
-35.686844
-35.634991
-35.704021
-35.428150
-35.366344
-35.287369
-35.224125
-35.195667
-35.137886
-34.977325
-34.896954
-34.943554
-34.741539
-34.738094
-34.564560
-34.667160
-34.494595
-34.329296
-34.375153
-34.379730
-34.202690
-34.162174
-34.194885
-33.958626
-33.903606
-34.024212
-33.863831
-33.766949
-33.620487
-33.727005
-33.671318
-33.578617
-33.386131
-33.445614
-33.400150
-33.323750
-33.320679
-33.201256
-33.210918
-33.119190
-33.094139
-32.962097
-32.953480
-32.995132
-32.795280
-32.820152
-32.770832
-32.715408
-32.652485
-32.491577
-32.467613
-32.491673
-32.466919
-32.270821
-32.268379
-32.237503
-32.179516
-31.972212
-32.043587
-32.137775
-31.967930
-31.801893
-31.743408
-31.924881
-31.762070
-31.565632
-31.656729
-31.659842
-31.398388
-31.412653
-31.331797
-31.417065
-31.189522
-31.085209
-31.018227
-31.021965
-30.918375
-30.699459
-30.676676
-30.691238
-30.673445
-30.295353
-30.175495
-30.253614
-30.219984
-30.020670
-29.780739
-29.985271
-29.803976
-29.619390
-29.491116
-29.541344
-29.499001
-29.147966
-29.140690
-29.056877
-29.096521
-28.867273
-28.644173
-28.656204
-28.591402
-28.526669
-28.285311
-28.345226
-28.256517
-28.080753
-27.996849
-28.011120
-27.975063
-27.769768
-27.816437
-27.749868
-27.681879
-27.584408
-27.461252
-27.523081
-27.496372
-27.423872
-27.282518
-27.316454
-27.282585
-27.137127
-27.245033
-27.172344
-27.095457
-26.925480
-27.085215
-27.085094
-26.942644
-26.856625
-26.813187
-26.861685
-26.879007
-26.825176
-26.771299
-26.677662
-26.704559
-26.598684
-26.778734
-26.775146
-26.568226
-26.611246
-26.701584
-26.674784
-26.595671
-26.699188
-26.612444
-26.642706
-26.719198
-26.719585
-26.659136
-26.594452
-26.717068
-26.631636
-26.727962
-26.646664
-26.629683
-26.655094
-26.818163
-26.766315
-26.605400
-26.726223
-26.765524
-26.791325
-26.731060
-26.802143
-26.860395
-26.912306
-26.829975
-26.859991
-26.874376
-27.012815
-27.024326
-27.100632
-27.088091
-27.021437
-27.137812
-27.140406
-27.259398
-27.112352
-27.228806
-27.175459
-27.090248
-27.218607
-27.326775
-27.342030
-27.193871
-27.079018
-27.159863
-27.291939
-27.220137
-27.086132
-27.137611
-27.120415
-27.108973
-27.070131
-27.037182
-27.027142
-27.186287
-27.129061
-27.131584
-27.090258
-26.987202
-26.966751
-27.135241
-27.125061
-27.148901
-27.054188
-27.180513
-27.090231
-27.078577
-26.954393
-27.019150
-27.062761
-27.002375
-26.888147
-27.126009
-27.203182
-27.034836
-26.701126
-26.762960
-26.817726
-26.520563
-26.506536
-26.580412
-26.698553
-26.592936
-26.483074
-26.520926
-26.480362
-26.447353
-26.713686
-26.913589
-26.933357
-26.526365
-26.720169
-26.687746
-26.670652
-26.458500
-26.454645
-26.410912
-26.467609
-26.430206
-26.475183
-26.356220
-26.249819
-26.133904
-26.257095
-26.335331
-26.561052
-26.275978
-26.482529
-26.452368
-26.285816
-26.156565
-26.262924
-26.257637
-26.050373
-26.162651
-26.196684
-26.139833
-26.028549
-26.025885
-26.038092
-25.987261
-26.023964
-25.999924
-26.051237
-25.980942
-26.017223
-26.032793
-26.059555
-26.013813
-25.807858
-25.807112
-25.844107
-25.961813
-25.965218
-25.875319
-25.725294
-25.756235
-25.834896
-25.934252
-25.917988
-25.747847
-25.806007
-25.887894
-25.830917
-25.914232
-25.735815
-25.721163
-25.753765
-25.915224
-25.821232
-25.912401
-25.811378
-25.810568
-25.751640
-25.778568
-25.900045
-25.772644
-25.692326
-25.743925
-25.771070
-25.701500
-25.506687
-25.712826
-25.645454
-25.632046
-25.614920
-25.719456
-25.642241
-25.566628
-25.642502
-25.648802
-25.725698
-25.660891
-25.590195
-25.728897
-25.752569
-25.707520
-25.666603
-25.720110
-25.598560
-25.579836
-25.696409
-25.693827
-25.671652
-25.603432
-25.559042
-25.683083
-25.589525
-25.637428
-25.587990
-25.680796
-25.638885
-25.645130
-25.616589
-25.633102
-25.641874
-25.559752
-25.713989
-25.571711
-25.617752
-25.558081
-25.673216
-25.710194
-25.610172
-25.625347
-25.683327
-25.689337
-25.618456
-25.603598
-25.736498
-25.633615
-25.664223
-25.685711
-25.762297
-25.609934
-25.665571
-25.588766
-25.785339
-25.670403
-25.697742
-25.640774
-25.723812
-25.596338
-25.617990
-25.751522
-25.681700
-25.733000
-25.633987
-25.717550
-25.769842
-25.754448
-25.785175
-25.636118
-25.696083
-25.804979
-25.811287
-25.726686
-25.724827
-25.845039
-25.772148
-25.690674
-25.739231
-25.851475
-25.772108
-25.736776
-25.769011
-25.885056
-25.849010
-25.819942
-25.793140
-25.886683
-25.901552
-25.734589
-25.877857
-25.927919
-25.939960
-25.772150
-25.943808
-26.044998
-26.032932
-25.880787
-25.886759
-25.989681
-26.019850
-26.105158
-25.940918
-25.996889
-26.081615
-26.099361
-26.025925
-26.004290
-26.067238
-26.002211
-26.032766
-26.015936
-26.108856
-26.094261
-26.004223
-26.035416
-26.015877
-26.063269
-26.003208
-26.047453
-26.149961
-26.090191
-26.020844
-26.087831
-26.067789
-26.096220
-26.124798
-26.013376
-26.126713
-26.123539
-26.143641
-26.137962
-26.082581
-26.103556
-26.137358
-26.163435
-26.071938
-26.181973
-26.173059
-26.118095
-26.138922
-26.145649
-26.204769
-26.013027
-26.115749
-26.155151
-26.195345
-26.085209
-26.049709
-25.995920
-26.151100
-26.132891
-26.010799
-25.975117
-26.114988
-26.015717
-26.009727
-26.023693
-25.989046
-26.014242
-25.993946
-26.089121
-26.030121
-26.157612
-25.947853
-25.969158
-25.989313
-26.094318
-26.093063
-26.023582
-25.951395
-26.001999
-26.037771
-25.982864
-25.912193
-25.964531
-25.895695
-25.922565
-25.856867
-26.019548
-25.905983
-25.811003
-25.951990
-25.980461
-25.957640
-25.740625
-25.866524
-25.828896
-25.930759
-25.878714
-25.898769
-25.864296
-25.791430
-25.860811
-25.746714
-25.884136
-25.889214
-25.855816
-25.947706
-25.850464
-25.891016
-25.978022
-25.893839
-25.704975
-25.915203
-25.873074
-25.838871
-25.835836
-25.846809
-25.896620
-25.800945
-25.836098
-25.745913
-25.845430
-25.823473
-25.842628
-25.863405
-25.870001
-25.937822
-25.910297
-25.858145
-25.874701
-25.919743
-25.915367
-25.875700
-25.940584
-25.900246
-25.867010
-25.769800
-25.913664
-25.883484
-25.784105
-25.847527
-25.855991
-25.870508
-25.856897
-25.923807
-25.934406
-25.805206
-25.846066
-25.893972
-26.015285
-25.847425
-25.952494
-25.859173
-26.002052
-25.929993
-25.878864
-25.908100
-25.975241
-25.945824
-25.912922
-25.986338
-25.906614
-25.985903
-26.006632
-25.912733
-26.093737
-25.952251
-25.976698
-26.056910
-26.184202
-26.079813
-25.995750
-26.116692
-26.188429
-26.234385
-26.103031
-26.381311
-26.315397
-26.303452
-26.293430
-26.364695
-26.438257
-26.452410
-26.582619
-26.499779
-26.783339
-26.663574
-26.626474
-26.726070
-26.869825
-26.815443
-26.705009
-26.972313
-26.998842
-26.916197
-27.018457
-27.107206
-27.089287
-27.102060
-27.188936
-27.183128
-27.291029
-27.360064
-27.376410
-27.516998
-27.567331
-27.499561
-27.482985
-27.632036
-27.792240
-27.692926
-27.745451
-27.781998
-27.874559
-27.961493
-27.871677
-27.883621
-28.036489
-28.048426
-27.953627
-28.057184
-28.272112
-28.194374
-28.099812
-28.341570
-28.297203
-28.361942
-28.303659
-28.499001
-28.409513
-28.420349
-28.446541
-28.636021
-28.639898
-28.463120
-28.535303
-28.658924
-28.735058
-28.586159
-28.733673
-28.802479
-28.761404
-28.751978
-28.811512
-28.863510
-28.894304
-28.818581
-28.879688
-28.958189
-29.032494
-28.952076
-28.928659
-28.919806
-28.996914
-28.977655
-29.077196
-29.033815
-29.001692
-29.080553
-29.021271
-29.013157
-29.060295
-29.130342
-29.038021
-28.946177
-28.918724
-29.078403
-29.078434
-28.926521
-28.953346
-29.082621
-29.088530
-28.804636
-28.932594
-29.002834
-28.960556
-28.907116
-28.788298
-28.900974
-28.915386
-28.918562
-28.729383
-28.908306
-28.929802
-28.861282
-28.857204
-28.908144
-29.002083
-28.882519
-28.910883
-28.875521
-28.973995
-28.971304
-28.861845
-28.911762
-28.959583
-28.981373
-28.795488
-28.872318
-28.840195
-28.764362
-28.831173
-28.921274
-28.830835
-28.764856
-28.787533
-28.769081
-28.778532
-28.944752
-28.780094
-28.717789
-28.891079
-28.887852
-28.839752
-28.884254
-28.793556
-28.840130
-28.815548
-28.714014
-28.775368
-28.886063
-28.736971
-28.679472
-28.800859
-28.885708
-28.768080
-28.610289
-28.746286
-28.900875
-28.772284
-28.836035
-28.773081
-28.827164
-28.878616
-28.767958
-28.728273
-28.820616
-28.812031
-28.644709
-28.775478
-28.947887
