Az       (ft/s^2)
-38.735020
-38.694195
-38.671452
-38.636105
-38.587643
-38.626587
-38.198421
-37.808220
-37.800102
-37.873848
-38.197140
-38.087132
-37.858955
-37.930405
-37.714787
-38.075668
-38.194981
-38.177750
-38.243641
-38.311890
-38.517735
-38.527912
-38.190880
-38.037827
-38.012207
-38.129898
-38.077114
-38.274246
-38.066257
-37.641296
-37.867367
-37.538956
-37.995838
-38.120575
-38.115349
-37.868340
-38.322144
-38.815208
-38.735554
-38.757080
-38.664383
-38.977386
-39.321182
-39.413006
-38.953949
-39.009048
-39.016190
-39.050301
-39.092945
-39.556416
-39.531475
-39.109020
-39.300480
-39.685818
-39.784416
-39.911293
-40.071213
-40.209400
-40.343479
-40.814705
-40.638489
-40.451054
-40.224068
-40.212952
-40.246727
-40.223347
-40.229942
-40.326225
-39.763535
-39.762939
-39.957901
-39.956810
-40.012844
-40.231071
-40.278099
-40.722240
-41.258514
-41.330727
-41.125309
-41.234188
-41.287727
-41.373001
-42.041748
-42.550812
-42.503040
-42.165363
-42.138657
-42.046444
-42.488312
-42.703426
-42.270481
-42.412838
-42.416908
-42.459599
-42.290890
-42.246716
-42.162659
-41.878735
-42.297585
-42.570545
-43.272793
-43.426632
-43.036613
-43.049755
-43.488308
-43.870560
-43.589203
-43.437511
-43.634396
-43.461422
-43.591778
-43.393185
-43.424450
-43.105873
-43.254330
-42.957298
-43.212200
-43.764729
-43.614925
-43.636639
-43.852631
-43.982079
-43.802574
-43.807499
-44.416485
-44.508469
-44.470348
-44.469494
-44.359993
-44.167126
-44.282784
-44.304287
-44.507263
-44.509159
-44.469452
-44.433964
-44.771667
-45.096962
-44.873550
-44.601402
-44.462971
-44.766968
-44.843239
-44.712585
-44.799294
-44.816467
-44.886131
-44.507668
-44.929310
-44.938385
-44.950443
-44.879395
-45.100613
-45.677643
-45.625126
-45.656292
-45.740940
-45.703026
-45.943115
-45.887199
-46.202759
-46.151226
-46.011585
-46.160610
-46.380695
-46.620758
-46.570438
-46.553696
-46.403221
-46.677406
-46.892403
-47.020298
-47.150349
-47.250980
-47.526321
-47.743496
-48.058548
-48.164665
-48.186008
-48.457119
-48.662052
-48.851521
-49.022095
-48.952991
-48.756538
-48.688126
-48.789291
-48.848671
-48.709991
-48.916088
-49.318520
-49.345821
-49.022095
-49.252487
-49.771572
-49.795197
-50.080929
-50.259285
-50.484184
-50.294285
-50.274395
-50.130085
-50.231445
-50.410248
-50.089291
-50.010021
-50.117085
-50.179749
-50.264809
-50.598175
-50.703182
-50.698093
-51.120377
-51.449238
-51.742302
-51.959671
-52.028545
-52.207729
-52.254288
-52.501957
-52.507477
-52.554897
-52.623558
-52.566418
-52.619297
-52.699974
-52.714741
-52.832294
-53.008724
-53.498814
-53.527126
-53.591145
-53.712788
-53.735111
-53.905468
-54.076233
-54.467144
-54.452473
-54.601967
-54.587410
-54.528225
-54.831837
-54.897568
-54.975624
-55.215542
-55.360313
-55.497131
-55.479736
-55.926350
-55.783287
-55.965977
-56.125736
-56.187599
-56.044357
-56.036858
-56.218071
-56.255661
-56.376724
-56.388416
-56.303398
-56.459606
-56.550365
-56.817654
-56.980507
-57.247898
-56.843273
-56.693493
-57.134857
-56.949467
-57.131672
-57.041599
-57.044590
-56.865650
-57.054470
-57.043934
-56.977097
-57.182293
-57.079586
-57.360699
-57.410629
-57.322510
-57.358963
-57.452198
-57.678989
-57.764816
-57.790237
-57.738407
-57.647087
-57.789368
-57.844521
-58.044491
-57.887772
-57.819298
-57.872639
-58.059807
-58.226563
-58.201614
-58.189018
-58.101738
-58.253754
-58.383339
-58.325901
-58.346870
-58.339054
-58.367844
-58.540943
-58.356758
-58.524925
-58.427677
-58.590038
-58.643993
-58.651260
-58.680611
-58.718025
-58.715599
-58.953396
-58.923504
-58.991570
-58.909222
-59.122284
-58.899513
-59.139046
-59.421726
-59.218521
-59.127270
-59.073620
-59.480762
-59.221600
-59.432144
-59.402794
-59.310402
-59.471748
-59.532566
-59.806976
-59.778889
-59.903236
-59.776241
-59.867508
-60.125103
-60.195313
-60.335583
-60.190804
-60.450401
-60.612358
-60.620861
-60.512253
-60.695930
-60.733612
-60.525337
-60.848560
-60.742786
-60.679855
-60.667175
-60.855610
-60.787209
-60.690792
-60.859154
-60.830570
-60.821812
-60.807716
-60.981541
-60.979530
-61.177513
-61.125233
-61.193340
-61.246704
-61.359795
-61.336967
-61.259117
-61.258343
-61.333725
-61.284565
-61.304546
-61.351563
-61.310406
-61.194061
-61.345650
-61.416759
-61.414413
-61.193027
-61.389351
-61.438942
-61.559448
-61.373127
-61.492554
-61.440422
-61.370041
-61.481319
-61.338516
-61.372616
-61.337944
-61.401390
-61.398956
-61.287682
-61.312397
-61.271740
-61.390976
-61.155243
-61.256275
-61.088047
-61.301060
-61.214745
-61.025242
-60.926163
-60.885506
-61.167538
-60.981392
-61.120522
-60.919960
-61.151424
-60.996189
-60.951691
-60.830441
-60.985542
-60.829193
-61.013065
-60.737289
-60.594730
-60.593410
-60.763428
-60.587677
-60.463131
-60.726761
-60.434845
-60.406479
-60.506088
-60.551361
-60.356358
-60.031830
-60.355652
-60.362423
-60.468536
-60.141399
-60.247292
-60.149757
-60.254318
-60.252411
-60.064861
-60.083145
-59.868565
-59.948708
-59.965214
-60.038914
-60.128777
-59.834549
-59.758881
-59.858418
-60.097256
-59.784729
-59.754990
-60.043400
-60.010788
-59.918781
-59.656109
-59.859680
-59.721443
-59.908684
-59.977890
-59.784550
-59.784611
-59.755917
-59.764011
-59.784679
-59.853775
-59.831287
-59.754341
-59.776211
-59.736507
-59.804085
-59.778366
-59.615498
-59.746521
-59.887691
-59.858166
-59.634167
-59.611370
-59.717258
-59.466320
-59.676235
-59.742573
-59.683754
-59.598808
-59.415855
-59.695450
-59.475689
-59.615612
-59.276932
-59.399559
-59.544949
-59.309082
-59.480583
-59.423820
-59.489201
-59.016766
-59.342613
-59.364498
-59.325306
-59.214504
-59.248058
-59.391171
-59.254513
-59.258240
-59.239212
-59.326748
-59.248775
-59.194500
-59.384922
-59.417965
-59.248367
-59.276791
-59.319103
-59.330296
-59.387615
-59.270180
-59.394623
-59.243038
-59.316956
-59.402893
-59.400753
-59.456280
-59.263088
-59.392059
-59.414898
-59.516823
-59.345783
-59.393402
-59.550510
-59.452545
-59.438168
-59.354630
-59.506596
-59.447292
-59.374615
-59.319309
-59.412651
-59.439846
-59.464485
-59.237610
-59.527718
-59.596836
-59.584419
-59.304047
-59.529449
-59.444862
-59.304806
-59.558586
-59.393669
-59.516136
-59.258568
-59.352398
-59.193810
-59.460606
-59.430996
-59.121174
-59.381470
-59.305038
-59.449368
-59.206356
-59.279392
-59.374607
-59.152836
-59.272930
-59.294407
-59.365803
-59.196739
-59.194641
-59.209347
-59.178349
-59.398613
-59.366116
-59.205666
-59.154037
-59.138508
-59.176601
-59.021839
-59.028645
-59.206989
-58.974487
-59.015770
-58.958874
-58.797485
-58.841862
-59.087219
-58.991001
-58.948257
-59.048748
-58.909763
-58.744156
-58.826946
-58.846233
-58.927986
-58.755795
-58.828659
-58.780910
-58.822872
-58.655788
-58.610390
-58.820942
-58.608479
-58.730312
-58.680462
-58.783154
-58.947777
-58.713230
-58.778545
-58.775406
-58.991959
-58.890835
-58.627712
-58.964931
-58.919189
-59.058109
-58.675484
-58.867321
-59.014111
-58.673126
-58.639126
-58.744392
-59.172001
-58.808136
-58.798706
-58.988377
-58.867882
-58.926785
-58.739574
-58.824108
-58.651108
-58.957920
-59.007477
-58.783131
-58.868809
-58.807274
-58.829643
-58.673069
-58.748753
-59.007980
-58.834122
-58.796326
-58.814835
-58.821358
-58.695393
-58.765770
-58.946289
-58.952984
-58.761204
-58.871014
-58.896137
-58.915394
-58.723698
-58.753391
-59.031132
-59.027134
-58.799938
-58.863724
-59.002819
-58.608791
-58.684319
-58.861324
-58.876240
-58.717388
-58.760113
-58.883781
-58.798569
-58.694897
-58.440144
-58.736897
-58.991539
-58.767330
-58.686962
-58.668240
-58.888950
-58.691742
-58.678265
-58.665249
-58.729530
-58.856621
-58.651306
-58.817997
-58.685387
-58.631111
-58.630878
-58.568119
-58.882854
-58.677135
-58.811069
-58.862782
-58.639271
-58.599976
-58.647045
-58.828835
-58.753860
-58.827740
-58.613060
-58.627449
-58.889622
-58.732609
-58.703194
-58.421642
-58.975826
-58.854286
-58.650429
-58.612026
-58.539516
-58.716415
-58.631176
-58.837585
-58.653740
-58.785549
-58.765419
-58.702248
-58.580780
-58.687695
-58.857742
-58.696106
-58.653774
-58.862492
-58.842884
-58.797768
-58.691319
-58.850689
-58.751270
-58.688591
-58.766514
-58.725182
-58.668392
-58.717014
-58.671509
-58.766430
-58.719654
-58.532413
-58.666924
-58.732964
-58.715549
-58.593960
-58.744816
-58.588886
-58.683380
-58.711979
-58.683376
-58.672871
-58.564663
-58.657784
-58.555721
-58.837421
-58.766960
-58.667759
-58.677998
-58.742752
-58.715191
-58.604401
-58.515923
-58.557831
-58.605762
-58.804653
-58.692978
-58.607975
-58.726204
-58.667908
-58.696514
-58.747059
-59.040424
-58.696293
-58.970535
-59.209373
-59.082214
-58.921070
-58.896992
-59.068314
-58.880497
-58.941292
-58.846916
-58.954502
-58.787552
-58.589066
-58.684525
-58.676758
-58.528629
-58.808334
-58.631096
-58.621712
-58.426109
-58.553680
-58.580498
-58.376301
-58.353226
-58.333820
-58.558704
-58.317032
-58.079075
-58.226040
-58.100632
-58.196873
-58.135860
-58.272682
-58.266415
-58.034359
-58.011349
-57.838108
-57.948044
-57.852295
-57.863533
-57.914536
-57.733891
-57.793766
-57.631290
-57.670174
-57.555000
-57.675926
-57.792885
-57.637070
-57.822193
-57.726040
-57.725742
-57.716228
-57.803249
-57.755745
-57.793480
-57.749123
-57.861885
-57.596828
-57.849342
-57.706909
-57.735046
-57.798218
-57.747288
-57.655293
-57.660969
-57.694916
-57.455978
-57.336472
-57.520676
-57.534904
-57.492897
-57.213078
-57.376247
-57.469402
-57.343742
-57.557323
-57.478561
-57.694069
-57.565266
-57.818832
-57.771229
-57.581062
-57.722683
-57.591335
-57.832649
-57.510513
-57.743637
-57.612331
-57.464134
-57.694828
-57.638012
-57.846684
-57.546024
-57.646099
-57.744835
-57.951622
-57.858124
-57.802700
-57.970898
-57.720505
-57.796680
-57.898376
-57.811256
-57.696674
-57.829468
-57.899223
-58.113377
-57.855354
-58.022255
-57.848354
-58.004887
-58.042751
-58.309666
-58.443741
-58.048470
-58.108398
-58.111893
-58.142426
-58.179703
-58.085552
-58.305367
-57.859409
-58.072479
-57.874641
-57.856647
-57.887112
-57.821835
-57.787205
-57.742981
-58.007607
-57.893559
-57.844810
-58.005119
-58.071896
-58.014030
-57.868435
-58.367352
-58.311069
-58.022594
-58.220226
-58.176323
-58.086224
-58.163811
-58.322552
-58.396343
-58.248444
-58.312847
-58.376446
-58.445808
-58.244595
-58.249470
-58.460186
-58.469147
-58.390320
-58.602806
-58.318047
-58.523121
-58.355942
-58.112511
-57.955990
-58.155510
-58.242939
-57.973675
-57.906143
-58.021629
-57.847549
-57.945107
-57.861946
-57.890835
-58.014240
-58.142948
-57.977440
-58.159527
-58.054199
-57.835861
-57.887539
-57.505993
-57.732208
-57.780117
-57.872971
-57.649933
-57.700001
-57.689968
-57.601524
-57.866047
-58.049618
-58.086678
-58.234344
-58.317722
-58.403164
-58.576115
-58.627083
-58.635742
-58.543385
-58.596615
-58.630146
-58.495007
-58.605736
-58.466961
-58.398960
-58.507946
-58.512699
-58.378601
-58.372364
-58.696262
-58.514202
-58.549690
-58.415203
-58.353691
-58.541370
-58.342121
-58.066795
-57.727100
-57.687977
-57.737766
-57.241322
-57.032845
-57.248707
-57.514423
-57.158813
-57.083412
-57.063004
-57.169315
-57.234051
-57.259167
-57.357494
-56.978081
-57.370064
-57.639698
-57.545681
-57.604580
-57.645550
-57.481503
-57.761524
-58.090565
-57.966164
-58.125801
-58.250603
-57.878700
-57.568584
-57.584473
-57.550831
-56.913670
-56.860741
-57.205040
-57.251854
-57.030842
-57.262413
-57.362942
-57.098278
-57.491451
-57.656071
-57.928371
-57.811333
-57.565918
-57.049824
-56.987854
-57.472660
-57.378292
-57.115303
-57.294422
-57.367184
-57.022118
-56.742596
-57.041367
-57.206932
-56.844109
-56.928673
-56.752323
-56.941978
-57.483810
-57.394604
-56.985088
-56.944164
-57.023598
-57.089291
-57.170460
-57.365688
-57.219818
-57.196117
-57.229954
-57.434456
-57.779697
-57.509544
-57.893044
-58.026817
-58.152706
-57.750549
-57.452271
-57.282043
-56.811752
-57.184231
-56.986923
-57.103798
-56.944397
-56.909512
-57.054916
-56.773155
-56.981075
-56.558128
-56.892300
-57.249298
-57.582497
-57.765270
-57.447220
-57.330269
-57.574612
-57.379784
-57.131451
-57.050354
-57.239719
-56.804096
-56.837540
-57.134506
-56.806992
-56.699577
-56.512733
-57.141037
-57.365879
-57.605614
-57.288528
-57.345066
-57.633389
-57.448769
-57.794281
-58.159779
-58.552650
-58.825394
-59.393219
-59.072563
-58.963398
-58.971497
-59.356079
-59.335537
-59.811913
-60.215836
-59.916763
-59.407776
-58.952625
-59.134018
-59.293915
-59.164551
-59.313248
-59.025917
-58.789120
-58.687275
-59.250446
-59.199780
-59.306194
-59.324913
-59.060658
-58.924061
-59.345955
-59.200947
-58.997814
-59.037754
-59.035019
-58.546074
-58.786026
-58.959030
-59.038891
-58.927898
-58.492279
-58.241409
-58.755478
-59.321877
-59.586090
-59.595028
-59.999855
-59.343010
-59.131882
-59.757805
-59.720501
-59.248093
-58.653439
-58.390137
-57.837109
-57.639328
-57.826706
-57.419106
-57.282635
-57.251938
-57.440350
-57.879932
-58.374619
-58.542995
-58.842545
-58.885014
-58.852665
-58.297955
-58.014496
-57.872158
-58.076374
-58.490170
-58.499310
-58.033127
-57.393578
-57.592579
-57.847633
-58.111908
-58.933964
-59.071198
-58.663166
-58.570881
-58.967674
-59.085068
-58.866272
-58.862537
-58.661114
-58.759068
-58.595985
-58.780437
-58.667702
-58.579121
-58.662163
-59.224770
-59.085762
-59.106461
-59.106853
-59.062405
-59.281075
-59.598274
-59.769871
-59.557220
-59.284615
-59.203228
-59.353065
-59.482738
-59.536926
-59.382885
-59.328964
-59.332935
-59.110241
-59.302853
-59.632172
-59.234333
-58.729740
-58.945404
-59.149426
-59.113068
-59.313488
-59.395126
-59.215221
-59.172562
-60.002201
-59.976196
-60.087444
-60.072315
-60.361591
-60.493477
-60.068169
-59.312515
-59.178108
-59.201782
-59.256580
-59.313564
-59.781643
-60.043182
-60.182243
-59.946602
-59.956631
-59.665489
-59.677200
-60.256107
-60.393669
-60.237110
-60.142151
-59.510818
-58.504520
-58.185909
-58.432018
-58.702271
-58.333149
-58.061710
-57.899799
-57.921669
-57.526501
-57.300236
-57.848076
-58.326183
-58.756523
-58.980854
-58.703495
-58.324974
-58.162430
-58.314056
-58.116245
-57.795921
-57.752071
-57.559242
-57.643837
-57.798843
-57.834000
-57.607586
-57.568447
-57.781544
-58.056614
-58.438194
-58.439449
-58.431164
-58.256241
-58.327583
-58.093601
-58.262577
-58.140869
-58.013481
-58.112064
-58.309757
-58.344498
-58.345852
-58.504822
-58.340874
-58.459953
-58.663303
-58.739796
-58.992092
-58.868031
-58.766979
-58.928585
-58.844028
-58.876701
-58.590717
-58.709305
-58.821484
-58.852646
-58.674507
-58.779121
-58.826702
-58.804836
-58.731163
-59.074299
-59.064362
-58.981968
-58.855576
-59.143105
-59.062138
-59.036255
-59.045101
-58.997337
-59.128517
-59.178356
-59.258545
-59.133568
-59.118744
-59.367386
-59.489380
-59.549511
-59.610920
-59.772461
-59.799488
-59.712662
-59.713921
-59.799072
-59.908455
-59.923920
-60.114864
-60.329395
-60.331619
-60.193802
-60.102337
-60.526325
-60.617077
-60.563744
-60.619526
-60.591469
-60.728249
-60.705830
-60.712502
-60.575928
-60.586132
-60.418713
-60.613972
-60.597763
-60.571545
-60.586426
-60.737419
-60.844296
-60.964706
-60.929337
-61.085155
-61.158772
-61.664513
-61.313099
-61.310143
-61.264347
-61.739197
-61.544289
-61.511108
-61.583069
-61.414227
-61.495777
-61.482502
-61.638103
-61.372250
-61.735378
-61.693333
-61.886669
-61.567696
-61.580460
-61.739094
-61.684731
-61.370071
-61.385548
-61.810284
-61.712032
-61.625996
-61.422554
-61.442368
-61.655060
-61.763279
-61.892742
-61.669804
-61.903839
-61.908516
-62.311657
-62.627235
-62.412952
-61.927830
-61.417175
-61.828884
-61.867928
-62.285595
-62.426842
-62.257900
-61.727222
-61.499180
-61.809891
-62.225990
-62.787640
-62.476250
-62.439968
-62.368660
-62.517963
-62.434059
-62.854767
-63.248928
-62.857086
-62.620228
-62.532860
-63.199821
-62.824585
-62.491493
-62.539124
-62.260361
-62.633152
-62.478455
-62.782864
-62.399384
-62.444382
-62.420223
-62.442955
-62.707100
-62.962551
-63.112305
-63.169746
-63.387718
-63.067371
-62.685184
-62.579834
-62.871304
-63.027187
-62.911968
-62.884029
-62.790920
-62.387287
-62.426819
-62.779640
-62.924610
-63.100731
-63.410603
-62.996212
-62.713295
-63.254871
-63.340038
-63.198074
-63.332294
-63.253254
-62.713692
-62.781334
-63.050453
-63.098629
-62.974274
-62.883152
-62.756214
-62.613583
-62.843208
-62.891151
-62.674290
-62.749847
-62.674362
-62.731575
-62.767708
-63.014744
-62.898830
-62.801281
-62.688354
-62.836872
-62.745117
-62.848846
-62.983479
-63.011223
-62.984798
-62.749496
-62.662655
-62.740917
-63.106903
-62.929249
-63.007675
-62.871033
-62.982216
-63.079685
-63.158588
-63.022095
-63.162201
-63.135708
-63.089310
-63.227150
-63.420830
-63.333382
-63.136192
-63.098644
-63.174961
-63.232574
-63.100014
-62.981892
-63.138210
-63.153244
-63.098362
-62.955006
-63.087555
-63.084213
-63.002625
-63.075890
-63.008648
-63.048908
-63.058727
-63.073029
-63.114021
-63.017803
-63.124760
-63.005634
-63.118816
-63.019432
-63.078060
-63.025642
-63.019169
-62.951084
-62.877354
-63.092552
-62.991554
-62.974876
-62.877037
-62.821293
-62.886997
-62.818356
-62.787930
-62.844883
-62.977749
-62.877674
-62.737038
-62.888626
-63.012600
-62.904087
-62.782307
-62.978390
-62.909664
-62.958530
-62.998314
-63.066608
-63.045330
-63.026260
-62.975525
-62.986797
-63.007950
-63.039349
-63.058216
-63.056610
-63.173122
-63.228214
-63.170101
-63.065117
-63.067631
-63.139393
-63.250835
-63.134140
-63.153591
-63.265141
-63.211899
-63.171143
-63.157116
-63.021893
-63.065525
-63.061268
-63.004219
-63.020550
-63.037247
-62.997204
-62.888756
-62.969391
-62.855618
-62.996391
-62.925335
-62.965034
-62.907272
-62.908592
-63.015461
-62.945641
-62.945076
-62.957703
-62.998226
-62.920151
-62.766319
-62.984852
-62.952305
-62.988987
-62.842133
-63.002083
-62.963394
-62.984253
-62.923866
-62.921734
-62.861969
-62.798775
-62.790974
-62.989338
-62.919933
-62.743454
-62.847630
-62.881943
-62.905819
-62.786037
-62.925922
-62.932964
-62.945450
-63.102226
-63.082809
-62.930595
-62.906075
-63.030979
-63.038769
-62.964355
-62.984261
-62.953690
-62.857277
-62.950981
-62.969601
-63.063560
-62.828163
-62.864811
-62.760609
-62.897022
-62.939903
-62.791122
-62.821674
-62.806538
-62.772995
-62.705914
-62.737095
-62.747932
-62.748692
-62.630474
-62.679138
-62.771053
-62.725945
-62.677402
-62.668358
-62.655857
-62.621273
-62.589050
-62.518131
-62.635475
-62.707870
-62.607845
-62.472252
-62.598553
-62.587124
-62.480476
-62.553257
-62.557690
-62.579800
-62.602127
-62.614700
-62.570625
-62.498413
-62.724766
-62.484650
-62.528912
-62.557980
-62.600384
-62.540691
-62.547127
-62.504349
-62.452587
-62.492279
-62.340748
-62.457634
-62.331825
-62.434837
-62.223869
-62.446568
-62.323105
-62.188469
-62.153786
-62.327244
-62.247890
-62.023628
-62.042534
-62.063709
-62.077484
-62.010906
-62.016266
-61.857250
-61.820129
-61.862125
-61.900223
-61.691898
-61.712650
-61.740475
-61.593895
-61.762398
-61.537670
-61.400517
-61.474682
-61.469532
-61.263451
-61.257420
-61.377140
-61.261631
-61.124886
-61.128338
-61.076401
-61.122005
-60.946129
-61.020409
-61.088226
-61.052864
-60.974857
-60.942223
-60.981949
-60.855827
-60.958015
-61.043831
-60.953411
-60.896927
-61.195324
-61.145985
-61.044014
-61.184776
-61.198837
-61.061043
-61.154644
-61.159184
-61.240437
-61.167290
-61.103264
-61.055004
-61.161030
-61.276306
-61.030869
-60.869865
-61.095402
-61.197540
-61.144176
-61.089722
-61.117100
-61.151062
-61.079071
-61.155933
-61.335091
-61.360744
-61.304077
-61.312401
-61.648556
-61.645473
-61.559914
-61.478165
-61.717964
-61.723152
-61.661198
-61.699940
-61.797913
-61.784580
-61.634407
-61.766922
-61.846058
-61.906525
-61.911175
-61.872242
-62.041710
-61.976593
-62.018200
-61.987190
-62.110283
-62.123737
-62.225754
-62.149197
-62.127625
-62.074806
-62.143909
-62.163300
-62.106903
-62.234062
-62.319042
-62.208767
-62.254276
-62.330654
-62.285206
-62.215622
-62.321545
-62.453960
-62.336155
-62.388660
-62.356995
-62.387772
-62.339478
-62.298759
-62.405331
-62.240467
-62.361092
-62.224052
-62.421673
-62.269848
-62.158188
-62.143837
-62.228901
-62.211590
-62.116016
-62.186714
-62.170628
-62.136211
-62.129898
-62.141994
-62.173367
-62.161911
-61.895996
-61.908970
-62.133488
-62.067165
-62.080318
-61.862408
-61.905151
-61.844707
-61.950565
-61.977257
-61.956573
-61.994110
-61.822678
-61.860779
-61.922367
-62.067699
-61.928459
-61.836975
-61.863716
-61.955772
-61.866508
-61.821510
-61.789833
-61.778225
-61.869282
-61.784710
-61.919575
-61.833084
-61.713192
-61.779934
-61.946785
-61.864311
-61.817848
-61.883907
-61.911037
-61.936417
-61.845341
-62.044895
-62.138828
-61.980450
-61.971691
-61.997620
-62.159470
-62.068836
-62.113583
-62.209702
-62.241180
-62.266045
-62.123707
-62.070511
-61.926476
-62.113018
-62.013603
-62.197300
-61.957092
-61.961636
-62.040867
-62.032841
-62.060093
-62.050148
-62.113415
-62.077576
-62.170361
-62.211723
-62.134914
-62.308159
-62.138420
-62.267326
-62.198624
-62.260334
-62.179485
-62.248005
-62.201679
-62.109234
-62.084171
-62.052872
-62.116512
-62.010124
-62.071949
-62.020069
-62.058552
-62.063160
-62.003338
-62.049950
-61.998863
-61.899338
-61.952965
-61.899578
-61.926502
-61.838795
-61.940903
-61.817699
-61.762791
-61.814266
-61.791553
-61.714252
-61.739834
-61.678005
-61.509323
-61.539822
-61.605999
-61.557671
-61.374683
-61.601799
-61.468452
-61.350510
-61.324604
-61.467384
-61.478737
-61.365013
-61.401134
-61.253769
-61.422298
-61.378796
-61.313904
-61.195412
-61.236790
-61.433685
-61.424576
-61.222012
-61.275887
-61.399479
-61.330292
-61.283024
-61.411770
-61.397877
-61.457172
-61.392822
-61.455536
-61.368191
-61.541149
-61.448593
-61.443710
-61.588608
-61.691071
-61.433449
-61.438820
-61.633572
-61.753830
-61.701336
-61.609097
-61.704948
-61.812836
-61.722805
-61.737164
-61.744946
-61.839294
-61.798008
-61.900448
-61.928566
-62.012527
-61.917641
-61.818863
-61.984112
-62.018970
-62.041462
-61.873238
-61.926277
-62.081528
-61.969337
-61.967484
-61.907135
-62.027454
-61.876049
-61.882275
-62.061852
-62.073700
-61.947701
-61.872753
-62.124504
-62.007900
-62.074749
-61.960518
-62.163815
-62.115044
-62.107349
-62.082043
-62.137604
-62.172832
-62.074558
-62.007854
-62.082329
-62.066765
-62.088974
-62.010006
-62.085812
-62.041153
-62.012707
-61.944637
-61.954746
-61.956284
-62.061745
-61.932056
-61.966774
-62.076176
-61.993076
-62.079632
-62.103329
-62.140530
-62.173908
-62.189350
-62.144775
-62.261925
-62.259300
-62.152397
-62.109211
-62.249722
-62.079006
-62.039738
-62.067917
-62.113071
-62.026062
-62.113968
-62.103527
-62.100563
-62.270405
-62.200169
-62.335831
-62.309666
-62.319820
-62.331871
-62.450157
-62.473312
-62.355633
-62.368420
-62.468159
-62.334953
-62.205753
-62.196335
-62.377567
-62.328167
-62.230339
-62.233456
-62.333248
-62.395576
-62.264278
-62.220600
-62.353497
-62.391026
-62.191525
-62.269936
-62.329170
-62.281296
-62.296360
-62.152782
-62.250362
-62.185501
-62.250359
-62.224106
-62.276531
-62.302666
-62.191822
-62.186779
-62.191650
-62.262653
-62.064087
-61.925266
-62.065514
-62.030605
-62.039452
-61.867203
-61.897373
-61.888596
-61.779667
-61.733723
-61.873631
-61.847771
-61.771305
-61.735851
-61.904030
-61.887444
-61.936958
-61.853672
-61.790447
-61.896774
-61.905602
-61.791447
-61.759937
-61.864380
-61.774998
-61.679199
-61.696930
-61.830418
-61.680775
-61.595093
-61.800762
-61.808487
-61.755566
-61.572388
-61.619442
-61.722954
-61.720249
-61.559418
-61.536552
-61.647327
-61.560650
-61.369183
-61.465191
-61.593185
-61.403576
-61.306229
-61.289310
-61.410278
-61.396881
-61.218483
-61.378571
-61.366230
-61.187885
-61.173111
-61.326805
-61.270390
-61.113674
-61.097904
-61.284233
-61.288929
-61.107189
-61.095352
-61.325615
-61.336948
-61.283833
-61.282936
-61.289227
-61.362873
-61.308598
-61.420406
-61.464333
-61.382721
-61.393452
-61.485458
-61.448116
-61.438625
-61.381866
-61.481327
-61.368561
-61.455910
-61.482296
-61.439411
-61.291981
-61.298759
-61.374329
-61.352741
-61.431652
-61.292542
-61.298069
-61.267704
-61.416367
-61.442009
-61.276394
-61.241505
-61.406067
-61.319099
-61.353828
-61.388592
-61.482563
-61.418823
-61.306366
-61.456902
-61.385208
-61.322124
-61.490654
-61.503433
-61.349472
-61.407810
-61.524769
-61.241516
-61.256050
-61.426491
-61.410091
-61.280739
-61.298618
-61.485779
-61.280308
-61.262840
-61.353474
-61.325245
-61.241367
-61.212334
-61.335327
-61.241909
-61.265270
-61.090515
-61.048065
-61.110325
-61.091824
-61.047066
-60.872334
-60.991013
-60.868641
-60.922832
-60.821819
-60.852955
-60.690369
-60.626125
-60.850025
-60.694077
-60.577999
-60.529995
-60.630894
-60.465221
-60.420074
-60.412407
-60.330315
-60.218712
-60.132114
-60.123642
-59.963909
-59.921261
-59.808937
-59.692924
-59.728477
-59.602463
-59.414696
-59.152782
-59.200314
-59.083527
-58.821888
-58.702087
-58.533356
-58.351711
-58.121239
-57.897652
-57.833015
-57.570183
-57.343349
-57.000465
-56.875374
-56.665691
-56.433186
-56.114819
-55.747726
-55.629826
-55.250420
-54.906574
-54.666378
-54.419250
-54.128353
-53.755219
-53.405281
-53.079529
-52.746655
-52.349880
-52.053642
-51.771832
-51.337582
-50.904305
-50.540710
-50.308865
-49.860512
-49.430626
-49.117096
-48.660675
-48.280529
-47.859642
-47.555130
-47.033089
-46.638901
-46.147758
-45.802608
-45.351173
-44.878086
-44.464867
-43.963726
-43.646038
-43.067898
-42.668842
-42.143383
-41.807335
-41.359341
-40.862957
-40.466476
-40.005497
-39.606346
-39.088058
-38.715012
-38.285015
-37.832127
-37.368649
-36.948822
-36.526634
-36.067036
-35.743484
-35.347359
-34.889492
-34.382210
-34.158192
-33.777733
-33.332306
-32.865044
-32.445274
-32.199261
-31.843056
-31.419083
-31.020519
-30.670752
-30.437965
-29.978680
-29.738039
-29.389099
-29.083139
-28.718239
-28.454483
-28.162052
-27.880041
-27.549841
-27.197897
-27.042604
-26.612879
-26.372293
-26.065865
-25.839231
-25.506210
-25.247452
-25.040993
-24.767008
-24.550205
-24.207394
-23.999802
-23.730303
-23.468676
-23.262104
-23.016829
-22.793087
-22.600752
-22.304085
-22.125275
-21.933399
-21.647398
-21.502197
-21.279039
-21.012686
-20.885626
-20.732298
-20.517366
-20.241608
-20.085806
-19.871918
-19.729626
-19.473808
-19.212572
-18.998045
-18.847090
-18.651918
-18.409843
-18.223475
-17.968573
-17.797033
-17.476795
-17.367554
-17.215557
-17.021866
-16.741838
-16.619642
-16.464596
-16.289492
-16.065540
-15.865377
-15.623636
-15.480620
-15.388768
-15.166481
-14.930262
-14.774261
-14.521590
-14.383538
-14.158678
-14.045506
-13.877161
-13.817633
-13.455505
-13.405766
-13.309914
-13.178571
-12.962223
-12.837973
-12.610884
-12.459428
-12.280400
-12.182366
-11.958590
-11.754329
-11.544168
-11.334264
-11.183988
-11.015033
-10.894601
-10.637897
-10.404348
-10.344651
-10.112976
-9.907002
-9.824758
-9.700651
-9.445176
-9.283262
-9.180367
-9.015018
-8.855396
-8.609369
-8.513486
-8.353362
-8.201303
-8.104904
-7.975477
-7.867141
-7.731319
-7.526874
-7.430965
-7.448748
-7.276044
-7.095974
-6.941299
-6.984957
-6.794488
-6.569587
-6.512058
-6.350793
-6.319459
-6.070672
-5.961140
-5.947815
-5.862875
-5.680388
-5.529984
-5.548024
-5.415224
-5.275362
-5.167461
-5.139277
-4.957804
-4.922360
-4.801680
-4.713903
-4.598035
-4.481948
-4.358559
-4.223224
-4.294668
-4.141105
-4.145974
-3.998019
-4.049242
-3.989792
-3.908677
-3.916504
-3.908581
-3.852806
-3.725875
-3.780579
-3.817075
-3.723449
-3.671053
-3.624656
-3.599332
-3.615942
-3.461938
-3.387798
-3.484376
-3.382501
-3.311768
-3.256738
-3.207226
-3.246217
-3.118868
-3.166927
-3.179799
-3.172649
-3.033607
-3.002654
-2.995246
-3.052639
-3.016879
-2.911843
-2.898208
-2.855019
-2.891935
-2.805624
-2.846453
-2.851782
-2.767238
-2.686016
-2.754064
-2.766258
-2.804097
-2.596530
-2.629176
-2.708643
-2.750805
-2.553927
-2.662097
-2.577007
-2.468894
-2.501187
-2.602064
-2.523114
-2.400668
-2.316805
-2.337641
-2.281538
-2.215705
-2.207172
-2.160697
-2.097080
-2.012000
-2.041145
-2.097770
-2.043808
-1.988017
-1.904857
-1.957929
-1.982772
-1.949876
-1.967591
-1.935279
-1.886941
-1.804145
-1.831441
-1.987052
-1.857471
-1.736279
-1.861212
-1.775020
-1.879237
-1.811612
-1.867789
-1.743615
-1.747002
-1.720023
-1.769977
-1.823845
-1.793406
-1.602123
-1.539281
-1.561013
-1.608368
-1.628516
-1.451170
-1.415086
-1.391718
-1.432461
-1.404331
-1.422275
-1.284093
-1.302646
-1.307981
-1.386637
-1.324649
-1.411590
-1.256537
-1.265930
-1.274786
-1.316395
-1.295591
-1.281266
-1.182366
-1.085209
-1.176599
-1.181876
-1.075691
-1.046159
-1.010128
-1.019913
-0.945198
-1.037766
-0.966519
-0.834308
-0.790694
-0.878188
-0.804891
-0.825107
-0.757377
-0.674165
-0.707553
-0.690800
-0.710997
-0.692457
-0.668916
-0.709348
-0.620122
-0.667053
-0.826962
-0.783984
-0.681505
-0.650557
-0.712129
-0.755035
-0.591483
-0.720931
-0.632214
-0.605822
-0.577818
-0.660234
-0.565853
-0.504537
-0.563854
-0.575028
-0.668734
-0.650940
-0.647754
-0.602009
-0.660292
-0.743483
-0.611565
-0.650775
-0.664561
-0.714417
-0.748085
-0.662384
-0.637350
-0.692778
-0.725935
-0.666961
-0.723245
-0.653355
-0.576059
-0.562527
-0.677519
-0.638202
-0.617624
-0.441246
-0.346736
-0.388395
-0.363182
-0.349135
-0.421881
-0.344615
-0.041288
-0.121393
-0.014778
-0.049283
0.038536
-0.003689
0.169014
0.089924
0.117366
0.160279
0.202077
0.302222
0.268356
0.194171
0.248644
0.286733
0.214490
0.383735
0.411640
0.424273
0.347118
0.402979
0.441017
0.483255
0.491651
0.490129
0.496321
0.498304
0.608237
0.583202
0.575013
0.586277
0.612628
0.563531
0.635677
0.811767
0.711958
0.617385
0.748823
0.775875
0.831126
0.831147
0.853707
0.820317
0.783229
0.783620
0.735832
0.837772
0.757462
0.653300
0.600511
0.566569
0.568866
0.545133
0.492477
0.395809
0.394536
0.439790
0.495612
0.464802
0.391723
0.430437
0.410648
0.426814
0.436395
0.501460
0.348693
0.361095
0.364260
0.345577
0.301975
0.252670
0.285637
0.291466
0.173883
0.136691
0.189947
0.175961
0.114185
0.119248
0.107031
0.089011
-0.000504
0.138227
0.090704
0.059212
-0.009413
-0.055192
0.043471
-0.068030
0.000007
-0.013070
0.036072
-0.095141
0.044950
0.098845
0.042983
0.111966
0.109282
0.133916
0.090388
0.149606
0.128631
0.112693
0.099104
0.004943
0.045902
0.074456
0.068218
0.002605
-0.045915
0.003704
0.010635
0.049744
0.075444
-0.023290
0.078551
0.064482
0.030123
0.094907
0.153834
0.012811
-0.036574
0.040179
0.081524
0.048086
-0.096180
-0.053260
-0.036455
-0.079200
0.044340
0.061670
0.125685
0.014734
0.188345
0.236883
0.192829
0.259500
0.317973
0.447122
0.283309
0.402263
0.356179
0.351404
0.313107
0.379810
0.361898
0.297137
0.393828
0.400814
0.442523
0.451347
0.499871
0.425335
0.560970
0.542933
0.631823
0.605293
0.635183
0.665736
0.670625
0.593159
0.584822
0.585104
0.530071
0.640404
0.641694
0.653264
0.576730
0.646823
0.710775
0.778840
0.706886
0.833669
0.876419
0.889003
0.896198
0.895358
0.880689
0.875389
0.804780
0.825129
0.752326
0.811888
0.831907
0.853854
0.814507
0.813671
0.831630
0.805305
0.854123
0.943494
0.834162
0.869515
0.890971
0.889708
0.801208
0.830930
0.805496
0.796689
0.661479
0.678118
0.615570
0.633236
0.632136
0.633782
0.676214
0.627525
0.573179
0.585355
0.677757
0.593565
0.547401
0.590140
0.531631
0.533492
0.552468
0.541156
0.410573
0.348097
0.351592
0.419494
0.430115
0.300721
0.370254
0.354314
0.319467
0.324267
0.311936
0.240523
0.207456
0.314525
0.228425
0.293147
0.207026
0.189757
0.135701
0.118661
0.074880
0.028295
0.124520
0.008653
0.015092
-0.026247
-0.036415
-0.042253
0.005852
-0.078857
-0.229287
-0.158193
-0.190569
-0.111881
-0.175596
-0.209889
-0.179893
-0.222566
-0.260497
-0.176614
-0.223343
-0.341660
-0.226771
-0.202659
-0.176257
-0.227209
-0.258315
-0.332338
-0.301873
-0.281993
-0.246869
-0.321741
-0.328215
-0.345925
-0.406308
-0.351251
-0.305214
-0.356006
-0.427218
-0.424631
-0.301700
-0.421889
-0.354843
-0.377327
-0.406068
-0.472115
-0.293524
-0.314842
-0.342325
-0.460191
-0.412611
-0.402542
-0.379924
-0.354849
-0.348988
-0.394989
-0.367434
-0.401734
-0.393177
-0.383058
-0.388601
-0.376603
-0.484838
-0.281765
-0.416335
-0.336542
-0.404727
-0.354491
-0.512758
-0.443406
-0.348389
-0.403644
-0.489204
-0.361766
-0.411645
-0.440595
-0.450155
-0.393381
-0.444609
-0.432848
-0.490645
-0.457736
-0.398531
-0.471337
-0.433920
-0.479173
-0.438555
-0.490782
-0.463827
-0.434509
-0.472892
-0.472053
-0.515462
-0.465302
-0.459840
-0.446367
-0.572556
-0.393988
-0.460705
-0.522897
-0.552107
-0.488906
-0.456950
-0.543750
-0.479871
-0.500945
-0.453126
-0.534051
-0.515587
-0.516809
-0.544581
-0.556988
-0.454566
-0.499060
-0.627662
-0.623281
-0.624802
-0.580165
-0.530168
-0.536558
-0.608692
-0.539123
-0.611542
-0.503144
-0.492542
-0.485675
-0.512001
-0.554031
-0.503431
-0.466242
-0.474848
-0.552044
-0.509932
-0.570935
-0.485535
-0.534865
-0.470033
-0.489649
-0.540211
-0.543955
-0.513343
-0.443345
-0.471985
-0.436701
-0.475122
-0.489211
-0.500098
-0.475630
-0.376085
-0.435898
-0.426236
-0.499328
-0.513170
-0.464842
-0.455699
-0.365265
-0.427477
-0.416570
-0.479014
-0.362246
-0.364981
-0.422010
-0.361777
-0.345818
-0.317357
-0.348718
-0.302557
-0.314077
-0.312561
-0.327440
-0.262081
-0.320635
-0.339978
-0.205350
-0.271043
-0.270548
-0.206923
-0.261727
-0.108571
-0.216292
-0.208165
-0.236133
-0.100032
-0.190231
-0.146135
-0.144756
-0.157199
-0.109460
-0.123710
-0.136256
-0.156923
-0.100387
-0.140729
-0.103919
-0.099177
-0.110425
-0.112763
-0.096335
-0.086461
-0.083905
-0.062071
-0.102480
-0.069362
-0.041376
-0.152391
-0.122508
-0.082055
0.005062
-0.139783
-0.118455
-0.019645
-0.104673
-0.090009
-0.115988
0.015704
-0.162243
-0.121385
-0.053886
0.013641
-0.133724
-0.102288
-0.113175
-0.139308
-0.056591
-0.073636
-0.155459
-0.160802
-0.085641
-0.188922
-0.170592
-0.154114
-0.070776
-0.198869
-0.228549
-0.212316
-0.145713
-0.159335
-0.199982
-0.190324
-0.259308
-0.208001
-0.167334
-0.251803
-0.198145
-0.221220
-0.238299
-0.258788
-0.158214
-0.281288
-0.292570
-0.262236
-0.247532
-0.273002
-0.311425
-0.299866
-0.289053
-0.295605
-0.332490
-0.346938
-0.257381
-0.293524
-0.273897
-0.355813
-0.351058
-0.381767
-0.312340
-0.378374
-0.358763
-0.343933
-0.323081
-0.373826
-0.393208
-0.359259
-0.446819
-0.399379
-0.364259
-0.334440
-0.395775
-0.450259
-0.429464
-0.452494
-0.419926
-0.406219
-0.444679
-0.351218
-0.405681
-0.390446
-0.438831
-0.404501
-0.437055
-0.440940
-0.402469
-0.446317
-0.409361
-0.369997
-0.452926
-0.437115
-0.443764
-0.393130
-0.426336
-0.478202
-0.338827
-0.403738
-0.460212
-0.437766
-0.303147
-0.442862
-0.396695
-0.376463
-0.386170
-0.430001
-0.318730
-0.304886
-0.364266
-0.391721
-0.366859
-0.306229
-0.396387
-0.322261
-0.348566
-0.299270
-0.337372
-0.328829
-0.327686
-0.345595
-0.321832
-0.390333
-0.279131
-0.353062
-0.340130
-0.404844
-0.307895
-0.367528
-0.338632
-0.436841
-0.276847
-0.376405
-0.356914
-0.429346
-0.365344
-0.287605
-0.301253
-0.292728
-0.263738
-0.342704
-0.315909
-0.271629
-0.208000
-0.231828
-0.278657
-0.342519
-0.309622
-0.231212
-0.297846
-0.207854
-0.204133
-0.266901
-0.243309
-0.159113
-0.144962
-0.182417
-0.214518
-0.278858
-0.159192
-0.180726
-0.153157
-0.235244
-0.205360
-0.322314
-0.223672
-0.208066
-0.216014
-0.193594
-0.247160
-0.215436
-0.135503
-0.187005
-0.129529
-0.191066
-0.215827
-0.377732
-0.169690
-0.223164
-0.265462
-0.353023
-0.313526
-0.366560
-0.444880
-0.312947
-0.330510
-0.434252
-0.458253
-0.365491
-0.228163
-0.313773
-0.380796
-0.384513
-0.274007
-0.219581
-0.203115
-0.196163
-0.188926
-0.169030
-0.295674
-0.261183
-0.275284
-0.222643
-0.386433
-0.350448
-0.300563
-0.370351
-0.414129
-0.311023
-0.270179
-0.371881
-0.308032
-0.365324
-0.325748
-0.278698
-0.356508
-0.322868
-0.277030
-0.264543
-0.424868
-0.391763
-0.394025
-0.367563
-0.335452
-0.419388
-0.374809
-0.327349
-0.290023
-0.318091
-0.314616
-0.391335
-0.347547
-0.298452
-0.426942
-0.456035
-0.367517
-0.354852
-0.405321
-0.411386
-0.404339
-0.501028
-0.503111
-0.465000
-0.406914
-0.470659
-0.477329
-0.457538
-0.407943
-0.420065
-0.436987
-0.452070
-0.452710
-0.609741
-0.536901
-0.481488
-0.457414
-0.558784
-0.557571
-0.601813
-0.583815
-0.544341
-0.586419
-0.560088
-0.589371
-0.677939
-0.629851
-0.568542
-0.529103
-0.647812
-0.640230
-0.634755
-0.589758
-0.678664
-0.601816
-0.582065
-0.645803
-0.746257
-0.639840
-0.583054
-0.635824
-0.710463
-0.652116
-0.590158
-0.637991
-0.721618
-0.646012
-0.639639
-0.696826
-0.689939
-0.674951
-0.706573
-0.700316
-0.702482
-0.708679
-0.768083
-0.713153
-0.683201
-0.708988
-0.686062
-0.722018
-0.709999
-0.741112
-0.723523
-0.712404
-0.730070
-0.783797
-0.689812
-0.768396
-0.745121
-0.756323
-0.786650
-0.747781
-0.769770
-0.768161
-0.772584
-0.708810
-0.772236
-0.735966
-0.826987
-0.798419
-0.781335
-0.746563
-0.788874
-0.807822
-0.727932
-0.844875
-0.775113
-0.771456
-0.799507
-0.874044
-0.784788
-0.807845
-0.847854
-0.771183
-0.750383
-0.873378
-0.840040
-0.790709
-0.806729
-0.814428
-0.824315
-0.767847
-0.815488
-0.773737
-0.890728
-0.834287
-0.826065
-0.807520
-0.845276
-0.838975
-0.784391
-0.819990
-0.851353
-0.862741
-0.760078
-0.868642
-0.790111
-0.835805
-0.794825
-0.826476
-0.843562
-0.842890
-0.807262
-0.830995
-0.904753
-0.779358
-0.807658
-0.857981
-0.904240
-0.777369
-0.811945
-0.897539
-0.814115
-0.847864
-0.800368
-0.864304
-0.789279
-0.842545
-0.771025
-0.877350
-0.820964
-0.887003
-0.790499
-0.809296
-0.834550
-0.869184
-0.772445
-0.832393
-0.932193
-0.829263
-0.742389
-0.871121
-0.826410
-0.809053
-0.724399
-0.817316
-0.817381
-0.848776
-0.858206
-0.790661
-0.783452
-0.833750
-0.843688
-0.772209
-0.889551
-0.823087
-0.777141
-0.825001
-0.878610
-0.809342
-0.769939
-0.845456
-0.822938
-0.815925
-0.793347
-0.842074
-0.839040
-0.802663
-0.779427
-0.812462
-0.834061
-0.824408
-0.842958
-0.788432
-0.790644
-0.820066
-0.776754
-0.766706
-0.837992
-0.819171
-0.713872
-0.834967
-0.815334
-0.739801
-0.740227
-0.828810
-0.746682
-0.753850
-0.815783
-0.799182
-0.762323
-0.744409
-0.803240
-0.746238
-0.784786
-0.807775
-0.717145
-0.766634
-0.768900
-0.772973
-0.710563
-0.811338
-0.717067
-0.755057
-0.722972
-0.806607
-0.772305
-0.787300
-0.760389
-0.701781
-0.776394
-0.736197
-0.698959
-0.718044
-0.737358
-0.660465
-0.737710
-0.749405
-0.702882
-0.691047
-0.706487
-0.731672
-0.678301
-0.656704
-0.714760
-0.692461
-0.731952
-0.627186
-0.714167
-0.716736
-0.735434
-0.625070
-0.694628
-0.638108
-0.686132
-0.711056
-0.690989
-0.668818
-0.646261
-0.704377
-0.674100
-0.619475
-0.693729
-0.690649
-0.706088
-0.636895
-0.698982
-0.643470
-0.646460
-0.685687
-0.655269
-0.670547
-0.601108
-0.694783
-0.666682
-0.653388
-0.644308
-0.655028
-0.674519
-0.639775
-0.620025
-0.642011
-0.690952
-0.694398
-0.643685
-0.642500
-0.656651
-0.665964
-0.635262
-0.644745
-0.666204
-0.680534
-0.600252
-0.629275
-0.681194
-0.642318
-0.665699
-0.694960
-0.662997
-0.658318
-0.643751
-0.689725
-0.596414
-0.645411
-0.680377
-0.607567
-0.613830
-0.646039
-0.700508
-0.619981
-0.672398
-0.646925
-0.567500
-0.687094
-0.685915
-0.603432
-0.606495
-0.623089
-0.632839
-0.637946
-0.646739
-0.609132
-0.638128
-0.670064
-0.577507
-0.662145
-0.704751
-0.634217
-0.601601
-0.667346
-0.732207
-0.625648
-0.635981
-0.658951
-0.664652
-0.627508
-0.632748
-0.655453
-0.616547
-0.577482
-0.654448
-0.698456
-0.671762
-0.591507
-0.585069
-0.624757
-0.651113
-0.663658
-0.615587
-0.594716
-0.655642
-0.577227
-0.596905
-0.600101
-0.636009
-0.574702
-0.615877
-0.570733
-0.642369
-0.657635
-0.541055
-0.584783
-0.560216
-0.614998
-0.545682
-0.581684
-0.646340
-0.573754
-0.544668
-0.616709
-0.549207
-0.580559
-0.574486
-0.518953
-0.523551
-0.586243
-0.545998
-0.561571
-0.531658
-0.505685
-0.531559
-0.561912
-0.551270
-0.548183
-0.459098
-0.464936
-0.461520
-0.534768
-0.489181
-0.483186
-0.449246
-0.519526
-0.399494
-0.407434
-0.476358
-0.468104
-0.402648
-0.408408
-0.472444
-0.460248
-0.370350
-0.382614
-0.375693
-0.357586
-0.382395
-0.437071
-0.323562
-0.282016
-0.333528
-0.381957
-0.298863
-0.308938
-0.356597
-0.307767
-0.223464
-0.310957
-0.280288
-0.287236
-0.257013
-0.219150
-0.280213
-0.216116
-0.167081
-0.226780
-0.298219
-0.212819
-0.160032
-0.183909
-0.152093
-0.134907
-0.184189
-0.158029
-0.147372
-0.098033
-0.073562
-0.108486
-0.105716
-0.078692
-0.071360
-0.043753
-0.076901
-0.049077
-0.057862
-0.041953
-0.028698
0.006836
-0.014393
0.069530
0.003196
-0.004287
0.015330
0.086200
0.071831
0.045040
0.039918
0.131887
0.136977
0.068456
0.064927
0.128502
0.086087
0.167427
0.123516
0.117121
0.147494
0.145686
0.144697
0.146988
0.158289
0.196900
0.243241
0.214248
0.194194
0.198082
0.179521
0.243191
0.225819
0.220048
0.177790
0.265933
0.242078
0.267373
0.245601
0.250861
0.207715
0.286225
0.249018
0.288701
0.261854
0.289441
0.233849
0.289796
0.339134
0.277662
0.326864
0.306424
0.300651
0.312749
0.279706
0.309350
0.306761
0.330897
0.228899
0.323315
0.277613
0.309406
0.344811
0.305050
0.290599
0.297964
0.381417
0.366601
0.290195
0.306505
0.324624
0.344595
0.331318
0.350973
0.293821
0.312005
0.367657
0.307498
0.352356
0.327430
0.336311
0.281747
0.352888
0.297830
0.335791
0.373515
0.401735
0.282905
0.364018
0.321525
0.311391
0.265422
0.319746
0.414314
0.293674
0.240681
0.294551
0.392893
0.305774
0.332955
0.291817
0.345853
0.269555
0.308984
0.391461
0.351046
0.267236
0.203357
0.302657
0.372115
0.215876
0.310270
0.317626
0.341288
0.194533
0.282056
0.377381
0.295431
0.222663
0.259803
0.354467
0.312666
0.320049
0.225575
0.288351
0.284932
0.223769
0.288622
0.335879
0.253745
0.170159
0.262766
0.332776
0.279594
0.222168
0.250774
0.221408
0.295258
0.266971
0.298687
0.237683
0.183940
0.230318
0.243529
0.319320
0.230138
0.191322
0.198923
0.227028
0.216059
0.190753
0.210843
0.115790
0.117219
0.121290
0.250314
0.151373
0.147892
0.103251
0.148339
0.121682
0.218373
0.089366
0.127726
0.137022
0.152488
0.093240
0.125969
0.112719
0.035710
0.100882
0.163362
0.084926
0.060613
0.089298
0.115061
0.056649
0.084657
0.098113
0.046920
0.043595
0.018991
0.098913
-0.049696
0.064730
-0.051470
-0.058080
-0.022054
0.065922
0.005894
-0.066514
-0.054162
-0.024603
-0.053239
-0.015521
-0.019233
-0.069702
-0.080081
-0.088813
-0.076773
-0.039904
-0.071709
-0.182657
-0.124060
-0.171348
-0.052241
-0.164716
-0.093592
-0.191478
-0.184343
-0.173898
-0.114221
-0.190222
-0.130773
-0.173876
-0.158965
-0.204670
-0.125072
-0.187620
-0.233973
-0.182121
-0.213887
-0.195934
-0.200293
-0.204394
-0.230802
-0.253344
-0.234112
-0.259625
-0.211814
-0.164525
-0.293058
-0.205785
-0.248480
-0.193318
-0.221664
-0.222946
-0.293668
-0.235719
-0.216617
-0.279449
-0.212223
-0.244924
-0.194664
-0.269172
-0.223641
-0.196236
-0.286625
-0.219958
-0.172253
-0.173203
-0.206276
-0.188375
-0.166444
-0.234837
-0.230854
-0.121618
-0.139877
-0.272669
-0.232364
-0.160597
-0.154315
-0.165666
-0.197612
-0.129705
-0.214048
-0.174958
-0.094290
-0.061912
-0.140443
-0.161579
-0.134876
-0.108543
-0.051355
-0.089131
-0.187231
-0.099078
-0.048126
-0.115763
-0.091050
-0.088744
-0.108629
-0.138439
-0.072588
-0.111648
-0.071315
-0.095488
-0.077889
-0.082067
-0.090157
-0.077203
-0.058437
-0.057992
-0.071514
-0.036570
-0.060681
-0.055782
-0.033396
-0.122028
-0.052018
-0.088019
-0.028525
-0.071027
-0.085031
-0.091549
-0.084285
-0.015951
-0.112797
-0.082654
-0.076775
-0.038067
-0.087046
-0.023801
-0.040198
-0.063084
-0.124932
-0.065490
-0.040168
-0.063420
-0.074531
-0.031843
-0.089297
-0.080613
-0.063087
-0.116988
-0.020957
-0.062495
-0.074196
-0.103225
-0.017101
-0.007638
-0.122539
-0.051042
-0.063649
-0.034556
-0.048263
-0.014004
-0.066248
-0.075305
-0.020588
0.005552
0.037247
-0.004827
-0.019984
-0.038060
0.074033
0.022912
-0.014445
0.068631
0.003459
0.011373
0.028764
0.090093
0.058313
-0.007974
0.061191
0.037148
0.044161
0.003914
0.101927
-0.009786
0.030268
0.062105
0.108187
0.044190
0.058824
0.055314
-0.082016
0.097365
0.138035
-0.015594
0.060415
0.054957
0.029918
0.048495
0.143592
0.027780
0.067079
0.023510
0.074875
0.047873
0.084027
0.049848
0.038846
0.120482
0.097988
0.109999
0.064314
0.045536
0.123269
0.131153
0.147346
0.102616
0.128984
0.115024
0.169753
0.191681
0.179179
0.151259
0.218556
0.189639
0.140313
0.185442
0.226206
0.249246
0.131471
0.233537
0.301601
0.257047
0.206947
0.238446
0.236221
0.209022
0.335641
0.295937
0.238717
0.274812
0.308230
0.285480
0.324064
0.278434
0.260656
0.232574
0.368915
0.326728
0.283097
0.253024
0.349809
0.203675
0.342675
0.338321
0.356541
0.223960
0.331673
0.344538
0.360063
0.297051
0.332324
0.323975
0.399536
0.339522
0.347879
0.385503
0.315828
0.370587
0.432863
0.394198
0.354244
0.404797
0.343823
0.447120
0.479153
0.426328
0.390828
0.453972
0.478359
0.476708
0.473637
0.473225
0.450782
0.515252
0.525602
0.530312
0.520362
0.495092
0.486373
0.543658
0.581486
0.560930
0.443960
0.517235
0.554832
0.529700
0.485343
0.515733
0.515034
0.499472
0.477729
0.551835
0.445287
0.418821
0.459834
0.463356
0.476223
0.449833
0.412257
0.390027
0.428048
0.459591
0.402436
0.384355
0.372920
0.403465
0.426440
0.432270
0.486812
0.405518
0.340643
0.381915
0.468002
0.363720
0.340675
0.394122
0.407650
0.324376
0.319511
0.309590
0.320701
0.313550
0.288589
0.309369
0.294513
0.319075
0.299334
0.360362
0.324629
0.352614
0.341400
0.364115
0.336895
0.385399
0.231763
0.458298
0.268280
0.363056
0.360229
0.324441
0.309140
0.339071
0.383720
0.422150
0.413362
0.395587
0.437704
0.375272
0.431663
0.392299
0.445426
0.400613
0.420674
0.432997
0.399988
0.365989
0.322667
0.396393
0.402959
0.382571
0.405519
0.380996
0.340460
0.297229
0.457983
0.346581
0.347509
0.380397
0.368767
0.257830
0.322893
0.279038
0.317293
0.245896
0.223421
0.173909
0.270292
0.310155
0.297063
0.220243
0.238337
0.304511
0.296093
0.258607
0.386186
0.341740
0.224729
0.305720
0.422853
0.322749
0.338835
0.312448
0.293715
0.324538
0.318547
0.348988
0.295719
0.366699
0.275678
0.339179
0.304392
0.315596
0.356791
0.294817
0.318938
0.390825
0.398750
0.325676
0.431595
0.385310
0.393652
0.415476
0.416462
0.387093
0.453849
0.435486
0.442677
0.435410
0.501480
0.400576
0.480640
0.530842
0.506135
0.437001
0.491720
0.527861
0.494164
0.427216
0.481397
0.487896
0.428998
0.351326
0.412427
0.424720
0.475453
0.278540
0.397592
0.381579
0.322887
0.289153
0.365088
0.365864
0.281373
0.327841
0.376510
0.436392
0.384584
0.312006
0.336059
0.434487
0.371008
0.351411
0.319884
0.253853
0.170625
0.280718
0.165801
0.133087
0.017022
0.003858
-0.041500
0.049382
-0.079227
-0.073366
-0.122133
-0.166309
-0.163730
-0.236856
-0.118689
-0.251273
-0.380669
-0.383184
-0.250512
-0.345755
-0.500001
-0.491208
-0.524780
-0.508326
-0.575467
-0.486776
-0.566575
-0.648052
-0.602406
-0.538166
-0.707385
-0.684384
-0.744287
-0.819280
-0.777415
-0.829631
-0.912107
-0.919461
-0.862758
-0.950686
-1.013516
-0.975573
-1.026713
-1.013312
-1.041369
-0.978638
-1.067933
-1.015956
-1.091950
-1.009991
-1.041010
-1.051117
-1.083357
-1.143116
-1.177430
-1.258544
-1.315646
-1.352796
-1.429636
-1.425592
-1.593458
-1.657075
-1.686168
-1.764404
-1.791860
-1.910265
-1.861363
-1.953025
-1.976701
-2.007570
-2.101132
-2.215429
-2.295231
-2.385242
-2.314754
-2.544207
-2.704546
-2.627787
-2.710581
-2.885015
-2.927789
-2.963582
-3.078097
-3.083668
-3.154427
-3.188373
-3.299795
-3.349295
-3.365267
-3.478891
-3.543065
-3.670606
-3.630299
-3.765440
-3.872593
-3.890626
-3.881547
-4.042443
-4.198361
-4.140713
-4.271774
-4.334862
-4.364901
-4.417212
-4.529016
-4.589920
-4.690161
-4.744204
-4.823007
-4.953458
-4.954297
-5.139625
-5.223519
-5.309604
-5.313279
-5.513949
-5.663359
-5.779925
-5.757527
-5.927442
-6.072623
-6.089807
-6.241649
-6.364403
-6.407814
-6.514196
-6.654012
-6.719018
-6.900465
-6.993570
-7.042899
-7.246557
-7.337160
-7.444672
-7.611322
-7.813990
-7.923663
-8.017910
-8.198277
-8.363984
-8.464049
-8.593792
-8.700714
-8.884563
-9.086967
-9.233436
-9.381557
-9.628938
-9.745223
-9.897088
-10.005673
-10.309439
-10.516892
-10.754285
-10.829472
-11.021681
-11.222979
-11.519890
-11.580584
-11.802245
-11.986360
-12.279922
-12.518824
-12.625118
-12.903761
-13.165503
-13.385059
-13.497735
-13.691902
-14.035718
-14.114499
-14.416644
-14.667198
-14.834953
-15.045631
-15.122596
-15.300911
-15.664949
-15.869981
-16.040039
-16.192453
-16.519104
-16.691811
-16.925087
-17.184542
-17.363695
-17.516912
-17.799730
-18.126572
-18.261206
-18.483789
-18.642069
-18.986956
-19.150118
-19.364246
-19.653011
-19.825619
-19.998165
-20.207819
-20.497753
-20.691336
-20.787928
-20.955374
-21.159016
-21.439592
-21.591135
-21.874893
-21.949203
-22.209126
-22.381405
-22.620731
-22.892738
-23.123463
-23.374695
-23.542936
-23.805445
-24.017746
-24.208267
-24.412611
-24.570810
-24.755230
-24.938816
-25.088360
-25.224857
-25.387888
-25.518661
-25.738153
-25.977468
-26.103559
-26.256605
-26.529081
-26.760798
-26.912214
-27.137693
-27.429020
-27.568092
-27.748730
-27.879944
-28.113838
-28.396776
-28.519201
-28.733950
-28.826574
-29.125879
-29.238384
-29.470417
-29.580572
-29.885681
-30.009333
-30.204918
-30.390175
-30.677910
-30.848003
-31.007088
-31.288507
-31.375786
-31.634089
-31.827971
-32.033195
-32.189785
-32.312706
-32.534821
-32.707657
-32.955372
-33.072231
-33.362907
-33.510223
-33.802334
-33.981926
-34.190285
-34.326885
-34.626617
-34.792511
-34.919079
-35.165623
-35.389206
-35.541019
-35.672783
-35.834019
-36.065384
-36.107288
-36.348839
-36.469395
-36.685623
-36.880257
-36.953445
-37.136364
-37.282959
-37.481033
-37.614681
-37.838028
-38.046970
-38.198250
-38.344780
-38.546307
-38.791843
-38.910404
-39.071705
-39.249870
-39.402897
-39.531223
-39.711243
-39.826954
-39.972469
-40.112473
-40.236633
-40.463612
-40.539162
-40.682758
-40.921673
-41.078766
-41.119186
-41.332848
-41.468975
-41.690300
-41.883633
-41.971203
-42.181114
-42.228687
-42.383591
-42.534840
-42.734394
-42.861755
-42.906277
-43.075668
-43.190060
-43.361298
-43.421730
-43.578281
-43.840546
-43.989307
-43.960655
-44.082397
-44.423622
-44.497425
-44.584465
-44.643906
-44.928825
-45.017696
-45.145531
-45.172791
-45.421272
-45.587936
-45.614826
-45.649593
-45.943180
-46.077698
-46.168339
-46.248806
-46.427242
-46.583271
-46.774666
-46.817150
-46.873177
-47.035961
-47.117062
-47.278088
-47.433865
-47.596786
-47.578411
-47.595757
-47.861359
-47.919498
-48.100296
-48.128941
-48.397182
-48.292019
-48.488979
-48.735493
-48.778168
-48.948044
-48.993740
-49.255581
-49.252892
-49.419979
-49.571583
-49.672123
-49.776711
-49.808636
-49.915459
-49.936028
-50.194481
-50.213993
-50.156925
-50.479511
-50.541580
-50.548748
-50.634232
-50.823360
-50.866814
-50.926266
-51.088543
-51.214096
-51.294613
-51.309208
-51.519112
-51.529091
-51.653324
-51.761738
-51.893173
-51.909348
-52.035286
-52.229694
-52.291424
-52.393013
-52.425766
-52.634457
-52.692276
-52.755836
-52.848717
-52.941479
-53.007729
-53.120579
-53.198982
-53.209953
-53.319714
-53.412571
-53.417706
-53.420277
-53.558182
-53.718662
-53.744373
-53.861736
-53.973515
-53.992222
-53.995041
-54.204010
-54.226040
-54.346809
-54.390907
-54.482170
-54.672752
-54.612339
-54.691498
-54.768574
-54.926430
-54.944122
-55.083374
-55.167248
-55.179062
-55.303139
-55.378113
-55.499229
-55.647381
-55.702793
-55.719296
-55.849541
-55.943604
-56.000576
-56.062195
-56.219795
-56.135723
-56.180061
-56.386219
-56.459312
-56.547329
-56.561905
-56.601665
-56.590210
-56.927197
-56.878681
-56.872128
-56.915924
-57.163391
-57.131767
-57.159332
-57.303562
-57.330288
-57.354527
-57.425426
-57.525841
-57.586170
-57.721897
-57.789928
-57.740997
-57.893955
-58.036869
-58.086903
-58.020741
-58.125389
-58.264317
-58.377060
-58.373852
-58.446648
-58.469551
-58.635223
-58.634060
-58.665512
-58.647446
-58.820946
-58.924717
-58.907265
-58.966785
-59.013042
-59.061604
-59.054390
-59.146336
-59.214397
-59.313797
-59.318981
-59.285244
-59.450180
-59.449108
-59.431175
-59.576523
-59.562817
-59.613216
-59.565056
-59.657959
-59.737923
-59.728302
-59.723846
-59.831764
-59.761478
-59.833984
-59.841152
-59.880890
-59.952721
-59.895096
-59.934837
-59.972363
-60.077919
-59.979881
-59.997612
-60.131634
-60.045876
-60.052601
-60.050549
-60.167988
-60.048431
-60.052155
-60.030514
-60.197227
-60.005909
-60.026714
-60.070507
-60.106972
-60.019855
-60.063580
-59.987732
-59.986984
-60.028099
-60.030518
-59.935951
-59.886101
-59.996296
-59.886036
-59.924267
-59.875698
-59.877640
-59.912189
-59.823288
-59.787292
-59.715683
-59.861885
-59.691074
-59.729252
-59.699425
-59.804352
-59.760765
-59.626667
-59.733860
-59.605728
-59.618431
-59.688416
-59.641773
-59.659992
-59.644146
-59.591953
-59.619843
-59.513706
-59.506920
-59.525078
-59.554066
-59.490234
-59.477383
-59.368687
-59.513023
-59.443180
-59.281574
-59.491936
-59.329967
-59.284988
-59.300568
-59.340302
-59.320717
-59.327824
-59.330772
-59.221863
-59.195534
-59.305645
-59.226929
-59.230076
-59.290035
-59.260368
-59.185963
-59.327171
-59.237743
-59.110184
-59.041222
-59.200054
-59.340996
-59.136284
-59.096687
-59.190365
-59.271858
-59.167011
-59.079807
-59.215397
-59.215275
-59.148842
-59.120842
-59.316116
-59.298389
-59.131130
-59.197678
-59.191998
-59.229603
-59.255573
-59.311012
-59.317291
-59.311508
-59.328232
-59.257751
-59.382156
-59.444508
-59.444836
-59.414978
-59.644394
-59.549389
-59.601650
-59.653973
-59.692490
-59.775108
-59.682014
-59.851040
-59.894550
-59.934303
-59.940147
-60.029953
-60.044781
-60.015171
-60.070774
-60.263424
-60.249767
-60.281689
-60.368851
-60.470974
-60.459747
-60.511402
-60.572113
-60.699852
-60.864731
-60.766903
-60.844578
-60.964718
-61.064133
-60.989315
-61.090061
-61.312565
-61.294331
-61.270493
-61.411163
-61.581829
-61.540226
-61.577347
-61.655712
-61.796158
-61.819775
-61.934525
-62.011349
-61.978718
-62.206051
-62.177834
-62.377499
-62.466831
-62.484310
-62.520885
-62.752399
-62.787037
-62.777641
-62.893543
-63.015217
-63.087498
-63.118248
-63.270466
-63.413658
-63.503372
-63.520153
-63.601009
-63.701622
-63.878712
-63.883141
-64.050957
-64.079117
-64.225922
-64.125259
-64.172974
-64.328255
-64.421677
-64.461945
-64.461052
-64.512299
-64.554665
-64.638779
-64.736183
-64.673645
-64.701141
-64.803345
-64.854156
-64.918289
-64.889931
-65.207581
-65.151863
-65.188461
-65.190552
-65.438293
-65.492310
-65.442818
-65.500946
-65.549278
-65.531723
-65.580101
-65.593834
-65.678757
-65.718613
-65.670891
-65.676819
-65.871078
-65.958786
-65.893158
-65.965698
-66.059303
-66.118622
-66.060074
-66.234161
-66.320763
-66.238037
-66.277817
-66.225891
-66.265808
-66.267197
-66.256805
-66.431770
-66.487030
-66.393745
-66.326332
-66.445114
-66.423355
-66.464256
-66.581970
-66.604065
-66.673599
-66.725510
-66.762489
-66.586296
-66.661125
-66.737434
-66.727036
-66.704552
-66.671623
-66.829582
-66.772881
-66.761833
-66.736816
-66.660301
-66.877716
-66.809837
-66.987572
-66.915604
-66.943428
-66.986191
-66.978760
-67.084358
-66.969170
-66.994255
-67.005043
-67.038322
-67.050552
-67.018875
-67.062790
-67.046616
-67.041313
-67.032959
-67.125221
-67.141617
-67.170372
-67.114830
-67.151718
-67.271523
-67.260887
-67.239380
-67.169487
-67.172600
-67.253883
-67.219231
-67.148766
-67.223351
-67.252083
-67.296257
-67.121994
-67.196861
-67.272507
-67.233849
-67.319916
-67.183365
-67.390465
-67.346344
-67.301666
-67.319153
-67.400642
-67.414742
-67.243774
-67.322723
-67.378098
-67.467598
-67.302696
-67.473221
-67.528725
-67.393677
-67.349815
-67.299736
-67.575676
-67.472939
-67.509544
-67.375885
-67.543167
-67.513618
-67.355598
-67.493187
-67.425896
-67.493660
-67.365738
-67.438652
-67.474152
-67.477066
-67.426773
-67.338638
-67.484695
-67.487717
-67.264633
-67.352364
-67.410454
-67.376785
-67.301804
-67.425797
-67.368134
-67.369240
-67.325623
-67.376549
-67.361366
-67.370125
-67.468658
-67.246307
-67.400238
-67.416420
-67.304924
-67.339813
-67.305069
-67.363029
-67.301781
-67.365562
-67.299232
-67.296928
-67.420532
-67.314682
-67.262672
-67.376472
-67.335983
-67.344864
-67.269012
-67.362564
-67.324066
-67.282417
-67.358627
-67.331512
-67.278160
-67.272484
-67.431770
-67.166191
-67.233978
-67.371742
-67.350342
-67.242577
-67.320114
-67.341812
-67.287903
-67.471916
-67.309021
-67.283340
-67.396202
-67.468712
-67.572906
-67.356133
-67.370377
-67.352913
-67.559357
-67.362686
-67.411179
-67.362091
-67.474014
-67.438721
-67.346222
-67.519501
-67.451187
-67.257874
-67.378647
-67.608315
-67.547134
-67.419739
-67.510742
-67.550598
-67.443192
-67.450943
-67.596939
-67.638084
-67.459099
-67.404999
-67.428040
-67.516060
-67.446388
-67.486626
-67.390060
-67.482254
-67.551842
-67.440605
-67.446785
-67.353851
-67.493423
-67.541428
-67.521843
-67.533684
-67.417763
-67.484810
-67.542984
-67.506813
-67.339088
-67.590279
-67.555298
-67.465111
-67.451012
-67.629448
-67.553055
-67.436058
-67.571564
-67.622971
-67.451302
-67.501747
-67.533981
-67.540466
-67.577003
-67.437927
-67.370743
-67.395149
-67.570313
-67.437660
-67.452934
-67.579926
-67.471817
-67.408279
-67.482643
-67.666283
-67.479919
-67.343498
-67.454292
-67.540176
-67.454155
-67.231094
-67.259041
-67.305420
-67.267616
-67.226959
-67.175674
-67.231110
-67.276581
-67.218330
-67.135254
-67.239861
-67.330811
-67.269760
-67.113419
-67.118080
-67.187859
-67.082809
-67.042740
-66.936218
-67.080963
-66.891891
-66.783348
-66.758713
-66.810211
-66.516571
-66.521286
-66.589706
-66.527489
-66.243187
-66.142334
-66.262100
-66.091827
-66.022934
-65.934143
-65.854713
-65.773628
-65.516487
-65.433434
-65.335220
-65.341919
-65.020294
-64.916542
-64.932236
-64.890129
-64.771935
-64.585258
-64.423393
-64.250702
-64.274811
-64.178558
-63.997795
-63.829105
-63.759090
-63.490685
-63.339878
-63.189831
-63.113506
-62.874367
-62.844040
-62.483555
-62.222164
-62.171196
-61.967216
-61.796398
-61.560543
-61.487194
-61.264469
-61.230301
-60.998985
-60.792316
-60.571644
-60.538490
-60.227398
-60.044849
-59.964714
-59.798508
-59.632881
-59.257889
-59.102573
-59.074173
-58.785774
-58.640484
-58.414845
-58.432495
-58.043835
-57.925095
-57.889084
-57.770866
-57.427074
-57.217499
-57.187809
-56.948483
-56.754681
-56.605579
-56.479988
-56.226368
-56.047215
-55.889431
-55.664284
-55.576004
-55.364994
-55.256195
-55.057743
-54.864250
-54.762245
-54.668324
-54.454849
-54.268856
-54.135712
-54.036839
-53.855434
-53.686638
-53.565514
-53.482235
-53.259541
-53.129429
-52.984985
-52.955536
-52.671921
-52.545994
-52.442726
-52.412003
-52.266216
-52.116901
-52.033157
-51.873497
-51.760963
-51.689613
-51.651546
-51.467102
-51.363018
-51.234356
-51.204166
-51.047581
-51.062672
-51.010460
-50.716553
-50.790215
-50.788219
-50.667969
-50.626438
-50.564289
-50.559170
-50.484371
-50.475334
-50.436146
-50.377117
-50.327126
-50.462074
-50.331947
-50.323383
-50.279621
-50.352745
-50.213535
-50.261917
-50.306931
-50.248318
-50.227978
-50.412666
-50.351219
-50.238060
-50.328300
-50.345413
-50.350677
-50.355148
-50.466724
-50.424122
-50.513741
-50.559208
-50.447388
-50.575748
-50.583652
-50.526360
-50.672813
-50.782429
-50.769825
-50.697289
-50.800690
-50.840584
-50.890583
-50.865715
-50.927685
-50.976971
-50.977966
-51.036068
-51.149460
-51.142105
-51.143021
-51.248417
-51.199604
-51.166950
-51.314953
-51.312702
-51.302441
-51.453972
-51.435619
-51.413658
-51.440845
-51.476650
-51.444584
-51.598457
-51.651699
-51.597225
-51.592030
-51.660877
-51.729393
-51.757023
-51.822262
-51.765808
-51.818928
-51.877678
-51.964287
-51.913895
-51.947666
-52.156898
-51.972198
-52.065353
-52.196350
-52.344074
-52.212418
-52.301731
-52.460228
-52.317310
-52.348068
-52.447464
-52.542896
-52.349426
-52.281986
-52.419197
-52.372009
-52.286198
-52.319309
-52.358871
-52.352695
-52.292252
-52.156025
-52.244614
-52.345207
-52.351593
-52.201874
-52.279095
-52.251171
-52.342262
-52.206478
-52.194267
-52.160706
-52.265583
-52.382767
-52.349304
-52.339043
-52.197380
-52.214279
-52.081165
-51.993950
-52.042076
-52.098022
-52.096653
-52.113308
-52.017269
-51.855186
-51.929329
-52.124481
-52.387081
-51.986256
-51.831913
-52.196564
-52.414299
-52.460514
-52.328159
-52.295609
-52.312206
-52.373554
-52.196503
-52.056793
-52.080482
-51.891922
-51.845936
-51.919899
-51.810139
-51.571785
-51.375729
-51.636955
-51.558174
-51.585167
-51.836559
-51.548676
-51.769226
-51.675915
-51.845089
-51.620346
-51.552692
-51.665222
-51.412292
-51.406559
-51.279194
-51.489872
-51.472019
-51.544380
-51.386330
-51.489780
-51.657990
-51.716949
-51.842007
-51.820801
-51.726131
-51.710995
-51.678093
-51.848518
-51.709274
-51.649849
-51.553230
-51.748646
-51.561409
-51.680527
-51.591446
-51.661461
-51.739483
-51.720337
-51.804089
-51.896244
-52.178600
-52.029148
-51.980442
-52.144554
-52.193317
-52.047215
-51.884232
-52.171616
-52.186504
-52.094654
-52.011532
-51.795803
-51.943630
-51.866276
-51.905766
-51.778610
-52.088776
-52.128483
-52.093937
-52.153831
-52.199718
-52.299377
-52.138626
-52.095234
-51.926918
-51.933430
-52.078217
-51.964302
-51.964272
-51.826942
-51.635906
-51.609974
-51.730034
-51.703903
-51.521389
-51.530132
-51.351021
-51.450489
-51.431152
-51.325203
-51.211735
-51.185165
-50.963081
-50.796448
-50.851460
-50.795639
-50.690304
-50.662891
-50.595699
-50.469402
-50.384644
-50.229042
-50.084713
-50.138901
-50.020519
-49.810337
-49.689297
-49.521439
-49.334541
-49.230831
-49.215012
-48.853050
-48.771294
-48.671333
-48.571903
-48.434986
-48.355675
-48.175198
-47.991539
-47.867092
-47.761738
-47.625134
-47.606915
-47.504673
-47.309147
-47.051125
-47.132935
-47.016563
-46.815037
-46.600536
-46.613796
-46.481689
-46.422504
-46.304642
-46.212498
-46.163376
-46.046925
-45.937435
-45.834190
-45.986744
-45.716557
-45.599987
-45.466091
-45.578903
-45.388367
-45.299324
-45.267292
-45.278591
-45.248116
-45.003773
-45.122208
-45.146851
-44.989853
-45.008167
-44.874916
-44.868057
-44.927361
-44.912178
-44.845772
-44.890633
-44.723267
-44.514347
-44.522312
-44.719261
-44.793495
-44.605602
-44.753185
-44.723499
-44.697285
-44.625572
-44.778713
-44.887875
-44.876228
-44.834038
-44.734127
-44.927608
-44.830074
-44.888336
-44.787407
-44.841175
-44.780258
-44.825462
-44.886150
-44.775528
-44.837936
-44.940128
-45.008522
-44.821449
-44.971272
-44.860794
-44.828335
-44.946384
-45.110828
-44.938248
-44.828716
-44.865952
-44.862366
-44.878101
-44.971458
-44.848907
-44.733673
-44.951462
-44.783646
-44.862247
-44.724270
-44.781231
-44.631168
-44.725456
-44.660179
-44.525864
-44.621952
-44.519947
-44.551178
-44.419846
-44.540325
-44.367855
-44.240585
-44.242805
-44.425381
-44.296894
-44.175106
-44.020203
-44.036507
-43.719105
-43.773876
-43.780491
-43.728401
-43.571041
-43.440632
-43.449081
-43.260864
-43.040794
-43.062286
-43.223297
-43.007568
-42.775269
-42.840530
-42.817249
-42.635670
-42.376297
-42.371063
-42.324402
-42.146370
-41.939903
-41.939533
-41.916592
-41.767601
-41.659805
-41.447510
-41.497490
-41.426308
-41.306217
-41.269432
-41.326748
-41.249603
-41.031960
-41.105892
-41.024773
-40.870197
-40.711029
-40.743198
-40.753258
-40.663345
-40.614872
-40.507290
-40.637699
-40.525017
-40.444721
-40.434422
-40.407772
-40.385872
-40.321243
-40.425739
-40.517582
-40.417809
-40.189884
-40.301292
-40.396591
-40.274666
-40.278400
-40.265427
-40.494221
-40.230663
-40.354065
-40.385326
-40.490292
-40.308395
-40.396534
-40.531754
-40.547707
-40.488960
-40.437527
-40.603725
-40.671459
-40.594696
-40.551907
-40.589325
-40.710232
-40.770679
-40.756832
-40.789139
-40.716290
-40.794411
-40.874874
-41.018349
-40.842472
-40.947643
-41.014938
-40.964066
-40.936432
-40.989712
-41.117535
-40.937187
-41.016041
-40.980488
-41.064861
-41.094025
-40.921497
-40.998867
-41.079426
-41.075809
-40.898750
-40.952866
-40.968945
-40.949318
-40.970013
-40.874268
-40.835186
-40.684277
-40.860348
-40.798100
-40.709686
-40.662193
-40.554462
-40.501011
-40.543255
-40.380722
-40.240982
-40.301472
-40.137310
-40.128338
-40.044662
-40.078915
-39.876102
-39.762043
-39.788326
-39.555687
-39.667404
-39.401958
-39.587830
-39.312504
-39.173138
-39.129105
-39.094482
-38.967457
-38.827190
-38.846500
-38.732182
-38.753681
-38.553246
-38.392639
-38.460152
-38.415970
-38.357185
-38.034668
-38.093632
-38.086639
-38.061470
-37.960983
-37.780609
-37.900383
-37.873596
-37.652317
-37.596249
-37.707733
-37.715321
-37.494118
-37.440441
-37.529861
-37.624573
-37.294689
-37.350746
-37.384415
-37.523346
-37.311417
-37.309200
-37.334221
-37.352070
-37.303848
-37.399048
-37.323498
-37.266888
-37.391750
-37.247856
-37.393303
-37.413452
-37.438274
-37.279720
-37.430023
-37.487549
-37.477821
-37.485603
-37.470661
-37.515274
-37.522491
-37.657730
-37.673676
-37.511547
-37.697685
-37.815926
-37.672070
-37.645050
-37.877796
-37.886353
-37.794521
-37.776970
-38.068031
-38.008751
-37.990566
-37.956303
-38.041046
-38.211006
-38.141834
-38.123119
-38.319302
-38.176319
-38.275700
-38.319031
-38.421185
-38.379147
-38.419182
-38.469666
-38.542343
-38.559982
-38.505253
-38.696651
-38.665855
-38.599468
-38.641903
-38.857155
-38.761314
-38.792622
-38.881771
-38.855659
-38.818897
-38.949890
-39.032913
-38.939137
-38.936424
-39.080086
-39.032101
-39.045151
-39.073357
-39.111874
-39.075512
-39.217937
-39.043118
-39.096565
-39.230366
-39.155037
-39.183907
-39.058758
-39.196861
-39.254143
-39.133045
-39.128433
-39.260357
-39.287998
-39.026501
-39.146965
-39.182522
-39.167694
-39.110752
-39.136826
-39.157322
-39.116016
-39.216698
-38.946037
-39.130352
-39.143570
-38.984596
-38.973171
-39.124195
-39.059002
-38.879009
-39.041363
-39.019753
-38.858902
-38.811584
-39.002464
-38.847603
-38.776707
-38.909428
-38.805130
-38.770039
-38.817532
-38.795288
-38.654491
-38.771629
-38.785507
-38.712875
-38.677814
-38.685516
-38.671883
-38.663448
-38.742447
-38.644192
-38.644516
-38.566833
-38.643291
-38.664700
-38.626389
-38.559319
-38.572296
-38.655590
-38.644180
-38.491642
-38.558250
-38.572361
-38.743935
-38.636395
-38.543774
-38.482456
-38.558186
-38.669899
-38.606606
-38.541145
-38.503265
-38.603592
-38.547382
-38.631329
-38.555309
-38.488754
-38.485947
-38.539330
-38.593719
-38.620941
-38.525795
-38.517639
-38.528942
-38.508896
-38.525867
-38.600830
-38.514317
-38.420036
-38.503929
-38.586235
-38.515991
-38.445560
-38.589874
-38.492512
-38.372883
-38.425785
-38.453896
-38.437336
-38.326126
-38.257168
-38.315754
-38.348061
-38.298378
-38.464512
-38.302200
-38.251934
-38.299114
-38.396191
-38.271912
-38.393993
-38.417160
-38.354237
-38.404606
-38.340069
-38.467480
-38.405697
-38.396145
-38.312103
-38.388512
-38.351563
-38.399166
-38.298798
-38.231052
-38.326275
-38.292393
-38.313046
-38.182499
-38.271805
-38.412582
-38.226215
-38.158886
-38.279030
-38.315323
-38.277130
-38.341091
-38.341717
-38.226719
-38.108486
-38.267933
-38.219654
-38.275993
-38.265236
-38.093601
-38.156929
-38.196716
-38.283939
-38.047749
-38.160469
-38.160721
-38.081036
-38.205826
-38.022652
-38.104801
-37.977856
-38.070171
-37.963173
-37.987907
-38.017654
-37.861916
-37.765671
-37.883522
-37.938606
-37.845299
-37.722977
-37.693573
-37.679283
-37.543423
-37.703358
-37.664124
-37.627117
-37.513409
-37.480740
-37.580269
-37.346355
-37.273357
-37.364624
-37.487186
-37.150280
-37.181839
-37.405788
-37.230312
-36.932076
-36.881596
-37.250214
-37.084446
-36.845016
-36.792183
-37.006756
-36.977715
-36.728989
-36.852139
-36.785717
-36.713318
-36.694050
-36.850727
-36.841000
-36.768158
-36.836163
-36.747517
-36.782799
-36.805080
-36.785999
-36.702141
-36.800529
-36.790462
-36.753586
-36.699493
-36.809540
-36.771137
-36.760120
-36.725761
-36.934582
-36.910641
-36.861485
-36.812687
-36.861217
-36.819233
-36.762318
-36.927975
-37.000710
-36.887032
-36.801582
-36.887646
-36.824364
-36.943947
-36.820644
-36.893162
-36.967861
-36.986561
-37.076099
-37.126118
-37.144005
-37.085930
-37.017494
-37.073139
-37.242123
-37.254345
-37.129356
-37.190105
-37.257885
-37.373051
-37.186905
-37.214375
-37.257465
-37.279999
-37.290733
-37.238071
-37.495316
-37.240349
-37.327610
-37.176846
-37.378712
-37.336327
-37.447048
-37.347633
-37.209061
-37.415180
-37.466274
-37.493359
-37.342838
-37.358704
-37.350494
-37.407471
-37.449791
-37.410522
-37.481194
-37.360554
-37.395645
-37.269436
-37.503895
-37.493908
-37.306183
-37.255241
-37.382301
-37.349743
-37.300949
-37.315956
-37.240833
-37.255974
-37.245285
-37.171040
-37.321629
-37.283009
-37.191830
