Az       (ft/s^2)
-32.663761
-32.767441
-32.669537
-32.651733
-32.760971
-32.734688
-32.702682
-32.740215
-32.737583
-32.788727
-32.669315
-32.602047
-32.612541
-32.848709
-32.728115
-32.568913
-32.614338
-32.836895
-32.714279
-32.573265
-32.638008
-32.748131
-32.860748
-32.719402
-32.807999
-32.764832
-32.737522
-32.677643
-32.848297
-32.953327
-32.794834
-32.817238
-32.902004
-32.848801
-32.872169
-32.928326
-32.911037
-32.768253
-32.814541
-33.097004
-32.942196
-32.868862
-32.933697
-32.933891
-32.840115
-32.912899
-32.940815
-32.861431
-33.065762
-32.837681
-32.925354
-32.970100
-32.983566
-32.876945
-32.906464
-33.112087
-32.942047
-32.975941
-33.062664
-33.102474
-32.972042
-33.048176
-33.007034
-33.060955
-33.103065
-33.017818
-32.933300
-33.149117
-33.159355
-33.136177
-33.158955
-33.038063
-33.079281
-32.945354
-33.259216
-33.112427
-33.145931
-33.011673
-33.222889
-33.155170
-33.073898
-33.023029
-33.124023
-33.187824
-33.073608
-33.189415
-33.129688
-33.167168
-33.257133
-33.187626
-32.965252
-33.157539
-33.274857
-33.067867
-33.098438
-33.227268
-33.167629
-33.054741
-33.044327
-33.132751
-33.207676
-33.064266
-33.085320
-32.969757
-33.181034
-33.104691
-33.064159
-33.015305
-33.100060
-32.951561
-33.065762
-33.067661
-32.956146
-32.973862
-32.971760
-33.054768
-32.902031
-32.947803
-32.897110
-32.963768
-32.884445
-32.920052
-32.883080
-32.892422
-32.843811
-32.823990
-32.860775
-32.792824
-32.878910
-32.730587
-32.741100
-32.810848
-32.811104
-32.680824
-32.716591
-32.745655
-32.496700
-32.829113
-32.736855
-32.744320
-32.579224
-32.755863
-32.583820
-32.607769
-32.654510
-32.611958
-32.574478
-32.600468
-32.611271
-32.476574
-32.655319
-32.557316
-32.493404
-32.556084
-32.586369
-32.482594
-32.576939
-32.560719
-32.539650
-32.443230
-32.475464
-32.349804
-32.537365
-32.414753
-32.501137
-32.416622
-32.418053
-32.364418
-32.390869
-32.373940
-32.216446
-32.399277
-32.293056
-32.461643
-32.322865
-32.334385
-32.335117
-32.261261
-32.259079
-32.387020
-32.403072
-32.294720
-32.277206
-32.420204
-32.303825
-32.205406
-32.338100
-32.221500
-32.303673
-32.361538
-32.391827
-32.404800
-32.287720
-32.351589
-32.404766
-32.292995
-32.311790
-32.497406
-32.545506
-32.376534
-32.419861
-32.574852
-32.500782
-32.345860
-32.450302
-32.635529
-32.546558
-32.331512
-32.477009
-32.710110
-32.476299
-32.460484
-32.635654
-32.604767
-32.495800
-32.618530
-32.616673
-32.589832
-32.586990
-32.665154
-32.511909
-32.621269
-32.565487
-32.718765
-32.639435
-32.564186
-32.527866
-32.717827
-32.658463
-32.627426
-32.721653
-32.649387
-32.685184
-32.659977
-32.821911
-32.762611
-32.740021
-32.518795
-32.722870
-32.842751
-32.746758
-32.624882
-32.744545
-32.697502
-32.846016
-32.679375
-32.742340
-32.790131
-32.675381
-32.699783
-32.763111
-32.870216
-32.697983
-32.717716
-32.706249
-32.785355
-32.536350
-32.764286
-32.818790
-32.777798
-32.737183
-32.661522
-32.831352
-32.648216
-32.680813
-32.842838
-32.801296
-32.627930
-32.765633
-32.624954
-32.675083
-32.660851
-32.699753
-32.584030
-32.728668
-32.667889
-32.660198
-32.648308
-32.640545
-32.656170
-32.690228
-32.676830
-32.560200
-32.634819
-32.695377
-32.749557
-32.663464
-32.641705
-32.628407
-32.723145
-32.764519
-32.665993
-32.695183
-32.662163
-32.695339
-32.601105
-32.720757
-32.751354
-32.689098
-32.744122
-32.722485
-32.743328
-32.749809
-32.785976
-32.805878
-32.710159
-32.835823
-32.667789
-32.819782
-32.769131
-32.885586
-32.729515
-32.720337
-32.902657
-32.849888
-32.831173
-32.562984
-32.828453
-32.764244
-32.770439
-32.735462
-32.799103
-32.701180
-32.636486
-32.865284
-32.846638
-32.658615
-32.769833
-32.851368
-32.831734
-32.771313
-32.941757
-32.693920
-32.776443
-32.769485
-32.936565
-32.818977
-32.699669
-32.823845
-32.846695
-32.859215
-32.848034
-32.821102
-32.753567
-32.752792
-32.947144
-32.888256
-32.920521
-32.810204
-32.767334
-32.959755
-32.843182
-32.839172
-32.833427
-32.934467
-32.756916
-32.944771
-32.837288
-32.915546
-32.788708
-32.771641
-32.763824
-33.005024
-32.920990
-32.783985
-32.935791
-32.764175
-32.907604
-33.015629
-32.947975
-32.803082
-32.969810
-32.797081
-33.014553
-32.896843
-32.987419
-32.866779
-32.799873
-33.075058
-33.033386
-33.053642
-32.739338
-32.993683
-33.204075
-32.989475
-32.943653
-33.053585
-33.060604
-33.012787
-33.111046
-33.146145
-33.069183
-33.014133
-33.109844
-33.114422
-33.229748
-33.145054
-33.088924
-33.195862
-33.120544
-33.138969
-33.198257
-33.316319
-33.211132
-33.109470
-33.267582
-33.384872
-33.299747
-33.215950
-33.302113
-33.387520
-33.296131
-33.355854
-33.460926
-33.366062
-33.230446
-33.433594
-33.370186
-33.427475
-33.294491
-33.526985
-33.380131
-33.355137
-33.603584
-33.367039
-33.367210
-33.448578
-33.388294
-33.647915
-33.352127
-33.517738
-33.331871
-33.683716
-33.494312
-33.400707
-33.623138
-33.558933
-33.439354
-33.566845
-33.551868
-33.585190
-33.444584
-33.683247
-33.546093
-33.633041
-33.567329
-33.684517
-33.588303
-33.573135
-33.781582
-33.610424
-33.458576
-33.710144
-33.663414
-33.504772
-33.686035
-33.650181
-33.553905
-33.528965
-33.681736
-33.741062
-33.475563
-33.663040
-33.545689
-33.621334
-33.765347
-33.593372
-33.630787
-33.593906
-33.696205
-33.655106
-33.654888
-33.463310
-33.599640
-33.788597
-33.657501
-33.493656
-33.685902
-33.811119
-33.470715
-33.599281
-33.586754
-33.842113
-33.712151
-33.621181
-33.614285
-33.561012
-33.794361
-33.482895
-33.706551
-33.819099
-33.549976
-33.681072
-33.577179
-33.909203
-33.680809
-33.544983
-33.759163
-33.718216
-33.701859
-33.599884
-33.877289
-33.724079
-33.727703
-33.669941
-33.772396
-33.743557
-33.778645
-33.791706
-33.770737
-33.792892
-33.780426
-33.851456
-33.515083
-33.961620
-33.907436
-33.726288
-33.784119
-33.793705
-33.891823
-33.666649
-33.952877
-33.944920
-33.784306
-33.789837
-33.945896
-33.713406
-33.776299
-33.757801
-33.929470
-33.846954
-33.875957
-33.871494
-33.774082
-33.966434
-33.898518
-33.852940
-33.758327
-33.950302
-33.975140
-33.850750
-33.795414
-33.976017
-33.740112
-33.955742
-33.840397
-34.013489
-33.894844
-33.968037
-33.882339
-33.861763
-33.871628
-34.065590
-33.894108
-33.829231
-33.832195
-34.013802
-34.017303
-33.769058
-34.016064
-33.883305
-33.838715
-33.870708
-33.968143
-34.136070
-33.843792
-33.923775
-33.812035
-34.113171
-33.938297
-33.938988
-33.945904
-33.991505
-33.983696
-33.937439
-34.022144
-34.011921
-33.776691
-33.953068
-34.039074
-33.970909
-33.908085
-34.002872
-33.881161
-33.945274
-33.884083
-34.120724
-33.907646
-33.996834
-33.955750
-33.864040
-34.142944
-33.798851
-33.833862
-33.993553
-34.099022
-33.856464
-33.733589
-34.078732
-34.104389
-33.770412
-33.858269
-33.965549
-34.017666
-33.992733
-33.757729
-34.067360
-33.881996
-33.886768
-33.804417
-33.814980
-34.251923
-33.750473
-33.812263
-33.878517
-34.039063
-33.885044
-33.680656
-34.136471
-33.777702
-33.838596
-33.994068
-34.003090
-33.981522
-33.718922
-33.926323
-33.843449
-34.013985
-33.967098
-33.701824
-33.858990
-34.061100
-33.892780
-33.703403
-33.925934
-34.024349
-33.837021
-33.734936
-34.066929
-33.921490
-33.716389
-33.810085
-33.852680
-33.907295
-33.579884
-33.896145
-33.869263
-33.812355
-33.795841
-33.711609
-33.784298
-33.720020
-33.789341
-33.859547
-33.644653
-33.830189
-33.707050
-33.918941
-33.854454
-33.734249
-33.717278
-33.727779
-33.855091
-33.830173
-33.718887
-33.826653
-33.604687
-33.801731
-33.813843
-33.784119
-33.727455
-33.666882
-33.841969
-33.793884
-33.687851
-33.717113
-33.796047
-33.757160
-33.705967
-33.648277
-33.912041
-33.705772
-33.751404
-33.718243
-33.836391
-33.832821
-33.717194
-33.790417
-33.770546
-33.893158
-33.829067
-33.641563
-33.852238
-33.918823
-33.911259
-33.830536
-33.776215
-33.936783
-33.927094
-33.676006
-34.056057
-33.826706
-34.024384
-33.542454
-33.902527
-34.034538
-34.031662
-33.730835
-33.771782
-33.997128
-33.853001
-34.005550
-34.078663
-33.945972
-33.721306
-33.995872
-33.955921
-34.074570
-33.946186
-33.816952
-33.917084
-33.736320
-34.072632
-33.773445
-34.046402
-33.788155
-33.692562
-33.819172
-33.889706
-34.163925
-33.713047
-33.776150
-33.849735
-33.933105
-33.838631
-33.826900
-33.695896
-33.780319
-33.735458
-33.826626
-33.825150
-33.541473
-33.787453
-33.511894
-33.759434
-33.833851
-33.996517
-33.776814
-33.456207
-33.944550
-33.820793
-33.833630
-33.774990
-33.733154
-33.792950
-33.606342
-33.921257
-33.670227
-33.634953
-33.602573
-33.743790
-33.951633
-33.735733
-33.801178
-33.888588
-33.689884
-33.658768
-33.764225
-33.756264
-33.720203
-33.627110
-33.572968
-33.559837
-33.905773
-33.598637
-33.382393
-33.600979
-33.706776
-33.534531
-33.736755
-33.730217
-33.531219
-33.582611
-33.782585
-33.741024
-33.694752
-33.764618
-33.684795
-33.818996
-33.561394
-33.579208
-33.664051
-33.549389
-33.648098
-33.582428
-33.646496
-33.572056
-33.558460
-33.900463
-33.738346
-33.597916
-34.007023
-33.844543
-33.817955
-33.702763
-33.798542
-33.909580
-33.707237
-33.962543
-33.928230
-33.899342
-33.862957
-33.713867
-33.890896
-33.907681
-33.990211
-34.029987
-33.786995
-33.945915
-33.656281
-34.016479
-33.986427
-33.834553
-34.234776
-33.917133
-33.980953
-33.855949
-33.987263
-33.965309
-33.879787
-33.986969
-34.160477
-34.081718
-34.067768
-33.923901
-34.050018
-33.941326
-33.926704
-34.225571
-34.244453
-33.962135
-33.888840
-34.152206
-34.205376
-34.034153
-34.137573
-34.137997
-33.980476
-34.037331
-34.067574
-34.206436
-33.941311
-34.022106
-33.891087
-33.991562
-34.005051
-33.724506
-33.917217
-33.828476
-34.075130
-33.813538
-33.912979
-33.939976
-33.870132
-33.827995
-33.997955
-33.870754
-34.163727
-33.900543
-33.972580
-33.897739
-34.034569
-34.063263
-33.972900
-34.005997
-34.173355
-33.983433
-34.275410
-34.191982
-34.325909
-34.457699
-34.242290
-34.598366
-34.535767
-34.691925
-34.624207
-34.770779
-34.925381
-34.981998
-34.950687
-34.999565
-35.225327
-35.338902
-35.323803
-35.435158
-35.639671
-35.554211
-35.725319
-35.833038
-36.228157
-35.989246
-36.105671
-36.100140
-36.388084
-36.624969
-36.395721
-36.630589
-36.808407
-36.836922
-37.117153
-37.199039
-37.174564
-37.319752
-37.468678
-37.674080
-37.612103
-38.035656
-38.279495
-37.925385
-38.224850
-38.427593
-38.708820
-38.480400
-38.576092
-38.911686
-39.129192
-39.291256
-39.041676
-39.221241
-39.639004
-39.563412
-39.596985
-39.888546
-40.153908
-40.107666
-40.089939
-40.420368
-40.439899
-40.651421
-40.619923
-40.652340
-41.039886
-40.902576
-41.112766
-41.215115
-41.426952
-41.451534
-41.474918
-41.762177
-41.752205
-41.808727
-42.095081
-42.201942
-42.155766
-42.267605
-42.450100
-42.661655
-42.539314
-42.893074
-42.817959
-42.825150
-43.014587
-43.104626
-43.440567
-43.311436
-43.413830
-43.648335
-43.650879
-43.758076
-43.946381
-44.032410
-44.064087
-44.135815
-44.344028
-44.434021
-44.714325
-44.568813
-44.631474
-45.016388
-45.137257
-45.012814
-45.093899
-45.623260
-45.499504
-45.480896
-45.777756
-45.903130
-46.027069
-45.825729
-46.134808
-46.540295
-46.463951
-46.372131
-46.668556
-46.937515
-46.876419
-47.058475
-47.175350
-47.328979
-47.489361
-47.614166
-47.715862
-48.029129
-47.962788
-48.217182
-48.180557
-48.381771
-48.399948
-48.677227
-48.812923
-48.892494
-49.125366
-49.031662
-49.205742
-49.578442
-49.459782
-49.632900
-49.793934
-50.006458
-50.119732
-50.090664
-50.456776
-50.355453
-50.612545
-50.413651
-50.731754
-51.078487
-51.022762
-50.874096
-51.158848
-51.648338
-51.435101
-51.295891
-51.635387
-51.883404
-52.019814
-51.799377
-52.105721
-52.292637
-52.239071
-52.205532
-52.346710
-52.736187
-52.539001
-52.642086
-52.704170
-52.922058
-52.980564
-53.098083
-53.280991
-53.153316
-53.276310
-53.504391
-53.696888
-53.607178
-53.664974
-53.921795
-53.913254
-53.973129
-54.062778
-54.241577
-54.367088
-54.316608
-54.548721
-54.571293
-54.751022
-54.780632
-54.726810
-54.966866
-55.124096
-55.141983
-55.106457
-55.330894
-55.532410
-55.357132
-55.470238
-55.545902
-55.846855
-55.691998
-55.804600
-55.958950
-55.999985
-55.945168
-55.893333
-56.283257
-56.331951
-56.308521
-56.380707
-56.415733
-56.546368
-56.641106
-56.555664
-56.643459
-56.658089
-56.934738
-56.900215
-57.035183
-56.868477
-56.985485
-57.108479
-56.939518
-57.261703
-57.134972
-57.387009
-57.214016
-57.439533
-57.372814
-57.448551
-57.613598
-57.372303
-57.597858
-57.612671
-57.791695
-57.871376
-57.796753
-57.866966
-57.844971
-58.100639
-58.151112
-58.000244
-58.176888
-58.301003
-58.462414
-58.324383
-58.399818
-58.400356
-58.626781
-58.550251
-58.483219
-58.852165
-58.815594
-58.782867
-58.866665
-58.974178
-59.149105
-59.099670
-59.012276
-59.163834
-59.392471
-59.342876
-59.296532
-59.685623
-59.651691
-59.528946
-59.654301
-59.802158
-59.987789
-59.866646
-60.007893
-59.944378
-60.306953
-60.263142
-60.229378
-60.318153
-60.363079
-60.522434
-60.415569
-60.555679
-60.592735
-60.703491
-60.723679
-60.754250
-60.827423
-60.759621
-60.896667
-60.967770
-60.974003
-61.001736
-61.019642
-61.069508
-61.153946
-61.254040
-61.321789
-61.181622
-61.262768
-61.370556
-61.283409
-61.427395
-61.365955
-61.493767
-61.418530
-61.556541
-61.331539
-61.353676
-61.523457
-61.393600
-61.506836
-61.363461
-61.503429
-61.424740
-61.404324
-61.430103
-61.442856
-61.532455
-61.300961
-61.434048
-61.460262
-61.467129
-61.416767
-61.315208
-61.365761
-61.344521
-61.240662
-61.317303
-61.319126
-61.360897
-61.175858
-61.179592
-61.209927
-61.252090
-61.186584
-61.023693
-61.263515
-61.104633
-61.201790
-61.122459
-60.948189
-61.130260
-61.103443
-61.124866
-60.874977
-61.192848
-61.083244
-61.038109
-61.003399
-61.108917
-61.166630
-60.955719
-61.101147
-61.163773
-61.089664
-61.106277
-61.005932
-61.203594
-61.067753
-61.006310
-61.144951
-61.026878
-61.126015
-60.900043
-61.054058
-60.965317
-61.016827
-60.934399
-60.964779
-61.073509
-60.934925
-60.955704
-60.963741
-60.830837
-60.955345
-60.908329
-60.963223
-60.778996
-60.955334
-60.973644
-60.728531
-60.874329
-60.961811
-60.721596
-60.687885
-61.098286
-60.874870
-60.702789
-60.820087
-60.922199
-60.753349
-60.852699
-60.861214
-60.760117
-60.733601
-60.961300
-60.845444
-60.785320
-60.997070
-60.840775
-60.833988
-60.794735
-60.952824
-60.867401
-60.776405
-60.928776
-60.886810
-60.932827
-60.917652
-60.765930
-60.752495
-60.871281
-60.987144
-60.661526
-60.665871
-60.966763
-60.961327
-60.580814
-60.506203
-60.989658
-60.597328
-60.527706
-60.628788
-60.877926
-60.564884
-60.466106
-60.704201
-60.461266
-60.638599
-60.509838
-60.533165
-60.348907
-60.485641
-60.586197
-60.393341
-60.417828
-60.349403
-60.364674
-60.367542
-60.413063
-60.440136
-60.223816
-60.362404
-60.374725
-60.262943
-60.325321
-60.398518
-60.392117
-60.165527
-60.289806
-60.312771
-60.265457
-60.163910
-60.210670
-60.340553
-60.294491
-60.165115
-60.278870
-60.111843
-60.286880
-60.150002
-60.297161
-60.105072
-60.224369
-60.438412
-60.185307
-60.223129
-60.259434
-60.353001
-60.276161
-60.156639
-60.383442
-60.188591
-60.540768
-60.291500
-60.365932
-60.216782
-60.333416
-60.391827
-60.216389
-60.497929
-60.269211
-60.401039
-60.408802
-60.578678
-60.371414
-60.235981
-60.562366
-60.427593
-60.533230
-60.378059
-60.490932
-60.574219
-60.482101
-60.479645
-60.382919
-60.599144
-60.414223
-60.448944
-60.702679
-60.585396
-60.567951
-60.339672
-60.638500
-60.508667
-60.556526
-60.656265
-60.570477
-60.566315
-60.514923
-60.494518
-60.531101
-60.569901
-60.524853
-60.545925
-60.608170
-60.695244
-60.493771
-60.605049
-60.542686
-60.621387
-60.656723
-60.600037
-60.554691
-60.522366
-60.857552
-60.559311
-60.466999
-60.509724
-60.745453
-60.577168
-60.449871
-60.764549
-60.504524
-60.617805
-60.468994
-60.541439
-60.543232
-60.541981
-60.563633
-60.454144
-60.587837
-60.364071
-60.543865
-60.559395
-60.334358
-60.452969
-60.397949
-60.517956
-60.408031
-60.414043
-60.398468
-60.408634
-60.450058
-60.265583
-60.287655
-60.374611
-60.467041
-60.281105
-60.300747
-60.411930
-60.342037
-60.143051
-60.336102
-60.290634
-60.281498
-60.298309
-60.374954
-60.269524
-60.056438
-60.339771
-60.324814
-60.200890
-60.037247
-60.329483
-60.153877
-60.208473
-60.171818
-60.092102
-60.142914
-60.307007
-60.055470
-60.069839
-60.124264
-60.268463
-60.148209
-60.027401
-60.111450
-60.021908
-60.177120
-60.062767
-60.212372
-60.001949
-60.088833
-60.139778
-60.051163
-60.145557
-59.979630
-60.154140
-60.082729
-60.157547
-60.027122
-60.011131
-60.071808
-60.150650
-59.905109
-60.056503
-60.220692
-60.161694
-59.894638
-60.053738
-60.170704
-59.988487
-59.968212
-60.039017
-60.160603
-60.033714
-59.894836
-60.107967
-60.021233
-60.080605
-59.894871
-60.122730
-60.163612
-60.032009
-59.980114
-59.919117
-60.165791
-59.999245
-60.099373
-60.126755
-59.998623
-60.035042
-59.965240
-60.007721
-59.925568
-59.999973
-60.028355
-59.831219
-60.070492
-60.024197
-59.966557
-59.821087
-59.810566
-59.958382
-59.914139
-59.850765
-59.856243
-59.859970
-59.874790
-59.828743
-59.791576
-59.770683
-59.736519
-59.862228
-59.855202
-59.999832
-59.731331
-59.670399
-59.850700
-59.963444
-59.881474
-59.582573
-59.970627
-59.858917
-59.989712
-59.891434
-59.821201
-59.820354
-59.855869
-59.885563
-60.018105
-59.856750
-59.868183
-59.784634
-59.940639
-59.993793
-59.866806
-59.857906
-59.767178
-59.925529
-59.962547
-60.046703
-59.792339
-59.792988
-59.963005
-59.794765
-59.875683
-59.865734
-59.832264
-59.889973
-59.883141
-59.870617
-59.836575
-59.992935
-59.683632
-59.727676
-59.904598
-60.066456
-59.819824
-59.629063
-59.832096
-59.756290
-59.797325
-59.841839
-59.566936
-59.755013
-59.821625
-59.734940
-59.838181
-59.744942
-59.698822
-59.442688
-59.854012
-59.845047
-59.715492
-59.714882
-59.733280
-59.691387
-59.568520
-59.723133
-59.586872
-59.593452
-59.693542
-59.633327
-59.647270
-59.723518
-59.611019
-59.558811
-59.536251
-59.679440
-59.540417
-59.547176
-59.706768
-59.519047
-59.707260
-59.414463
-59.540791
-59.516514
-59.492844
-59.507652
-59.478500
-59.777740
-59.435932
-59.532791
-59.619148
-59.522816
-59.422855
-59.471180
-59.535580
-59.582535
-59.418617
-59.562809
-59.466488
-59.550117
-59.469406
-59.317570
-59.446335
-59.462624
-59.535347
-59.249680
-59.511501
-59.546894
-59.483891
-59.342972
-59.321438
-59.456154
-59.345879
-59.393616
-59.484459
-59.404121
-59.310722
-59.326019
-59.438118
-59.355652
-59.313560
-59.371899
-59.212921
-59.446938
-59.199169
-59.360226
-59.481747
-59.342712
-59.314297
-59.126621
-59.371700
-59.329041
-59.284393
-59.244869
-59.296623
-59.417263
-59.156864
-59.259315
-59.233479
-59.263786
-59.309681
-59.206799
-59.162460
-59.283966
-59.316513
-59.234646
-59.259052
-59.297146
-59.265247
-59.048958
-59.311939
-59.274452
-59.438377
-59.069397
-59.301441
-59.365620
-59.110275
-59.191994
-59.269741
-59.388813
-59.201996
-59.196918
-59.415112
-59.343739
-59.333546
-59.196629
-59.205654
-59.318424
-59.363995
-59.343971
-59.107384
-59.352196
-59.290264
-59.269627
-59.283901
-59.164284
-59.281101
-59.207863
-59.320686
-59.210617
-59.173634
-59.197445
-59.145645
-59.181980
-59.220074
-59.285328
-59.219837
-59.049530
-59.245819
-59.195171
-59.167553
-59.121563
-59.174828
-59.423698
-59.085121
-59.095352
-59.231277
-59.260506
-59.050110
-58.990295
-59.206184
-59.254650
-59.151581
-59.060448
-59.182213
-59.133862
-58.981953
-59.151531
-59.096531
-59.163776
-59.159756
-59.139004
-59.183529
-59.119198
-59.027695
-59.151970
-59.214897
-59.150501
-59.015297
-59.300045
-59.174892
-59.201656
-59.111275
-59.080139
-59.219368
-59.138554
-59.242535
-59.045353
-59.353264
-59.189766
-59.119251
-59.094357
-59.206242
-59.299187
-59.170002
-59.184967
-59.365314
-59.236580
-59.230923
-59.213814
-59.320419
-59.298309
-59.321228
-59.267017
-59.257561
-59.344299
-59.229263
-59.324863
-59.306576
-59.305798
-59.277229
-59.270290
-59.400387
-59.313053
-59.427746
-59.362980
-59.154205
-59.350094
-59.283215
-59.373444
-59.448700
-59.298161
-59.350357
-59.094223
-59.436020
-59.409645
-59.222672
-59.244164
-59.291225
-59.431259
-59.050663
-59.152203
-59.341125
-59.274349
-59.324215
-59.140202
-59.125813
-59.247028
-59.305798
-59.223503
-59.103195
-59.341385
-59.317562
-59.190796
-59.258392
-59.328571
-59.144684
-59.105862
-59.425800
-59.346340
-59.076149
-59.397461
-59.389820
-59.283276
-59.182297
-59.349121
-59.201267
-59.191380
-59.416531
-59.419033
-59.306103
-59.105610
-59.156799
-59.375500
-59.088997
-59.242542
-59.241653
-59.092148
-59.041210
-59.101044
-59.173313
-59.096069
-58.937546
-58.983860
-59.029739
-59.263432
-59.080677
-59.095894
-59.144405
-59.162544
-59.117630
-59.196655
-59.297142
-59.076794
-59.091190
-59.248447
-59.260448
-59.058628
-59.072449
-59.045219
-59.338219
-59.122890
-59.203476
-58.892918
-59.178802
-59.088467
-58.962444
-59.255733
-59.143822
-59.306923
-59.029293
-59.309406
-59.283855
-59.238644
-59.201336
-59.149036
-59.367264
-59.419247
-59.375488
-59.360355
-59.191807
-59.449196
-59.323196
-59.476391
-59.340332
-59.340923
-59.470482
-59.487511
-59.549938
-59.293800
-59.515991
-59.532272
-59.658947
-59.499126
-59.407707
-59.636673
-59.709885
-59.711212
-59.614399
-59.663319
-59.663612
-59.705845
-59.656761
-59.909164
-59.651932
-59.723145
-59.702450
-59.873528
-59.697182
-59.703117
-59.805473
-59.813866
-59.834541
-59.718719
-59.944221
-59.935234
-59.836079
-59.875809
-59.770817
-59.936001
-59.774624
-59.949200
-59.786564
-59.863979
-59.779480
-59.814404
-59.744217
-59.830387
-59.906719
-59.765270
-59.687149
-59.918686
-59.769054
-59.907784
-59.742199
-59.924278
-59.853775
-59.954529
-59.892227
-59.862522
-59.946518
-59.923424
-60.021061
-59.901077
-60.020935
-60.031406
-60.020966
-60.022984
-60.003185
-60.054333
-60.157379
-60.228779
-60.058376
-60.247845
-60.215519
-60.147701
-60.167519
-60.246536
-60.380157
-60.210213
-60.394035
-60.374012
-60.415672
-60.420223
-60.502396
-60.669422
-60.353767
-60.562721
-60.732372
-60.805183
-60.607815
-60.767342
-60.901985
-60.787720
-60.899368
-60.808525
-60.877205
-61.015736
-61.115116
-61.036793
-60.965645
-61.109341
-61.097454
-61.201370
-61.191746
-61.253551
-61.128311
-61.181683
-61.284100
-61.309746
-61.422470
-61.224968
-61.346695
-61.388714
-61.441193
-61.476665
-61.351002
-61.463772
-61.540169
-61.630867
-61.484341
-61.370056
-61.614548
-61.645992
-61.485764
-61.663803
-61.633869
-61.738888
-61.631264
-61.724327
-61.824829
-61.664936
-61.651329
-61.752548
-61.882721
-61.811802
-61.837536
-61.836147
-61.823112
-61.827980
-61.842045
-61.993526
-61.855167
-61.852192
-61.970692
-62.126381
-61.923992
-62.182686
-61.985477
-62.110573
-62.102142
-62.213459
-62.222603
-62.077915
-62.225391
-62.181355
-62.296413
-62.189774
-62.100231
-62.196316
-62.042992
-62.288723
-62.097744
-62.242004
-62.115047
-62.074150
-62.179932
-62.113636
-62.223984
-62.007080
-62.164349
-62.169636
-62.170979
-62.038261
-61.998302
-62.287601
-62.100128
-62.051659
-62.028496
-62.106102
-62.137680
-61.926830
-62.166542
-62.151009
-62.078690
-61.897476
-61.926498
-62.073017
-62.033257
-61.982666
-61.876560
-61.986263
-62.092659
-61.956020
-62.002682
-61.998348
-62.019085
-61.936897
-62.000835
-62.056828
-61.825996
-62.134720
-61.866844
-61.821518
-61.848248
-61.874737
-61.778412
-61.622643
-62.019558
-61.870865
-61.604839
-61.718361
-61.853733
-61.750305
-61.684280
-61.735073
-61.848152
-61.775505
-61.614571
-61.609810
-61.722176
-61.787327
-61.665943
-61.688847
-61.721634
-61.803890
-61.841705
-61.577389
-61.812496
-61.866196
-61.882179
-61.824955
-61.843922
-62.081623
-61.851521
-61.830723
-61.875019
-61.866577
-61.974277
-61.838093
-61.990162
-61.970303
-62.106407
-61.906906
-61.945057
-62.073570
-62.061188
-62.151772
-62.060589
-62.120003
-62.209633
-62.257908
-62.236473
-62.287971
-62.381664
-62.270535
-62.426655
-62.368484
-62.430836
-62.509720
-62.503021
-62.388374
-62.378204
-62.566666
-62.414257
-62.547962
-62.352978
-62.586975
-62.456242
-62.595451
-62.412647
-62.577663
-62.767464
-62.511620
-62.734097
-62.726112
-62.696484
-62.613033
-62.854961
-62.946671
-62.755547
-62.748882
-62.809784
-62.895119
-62.825661
-62.932526
-62.945454
-62.813583
-63.078678
-62.875587
-63.001884
-62.823086
-63.005047
-63.091442
-62.917240
-62.981831
-63.004715
-63.143665
-62.946247
-62.903278
-63.274265
-63.181789
-63.098721
-62.950588
-63.210400
-63.346699
-63.208828
-63.153599
-63.131828
-63.440842
-63.178001
-63.333614
-63.372791
-63.326210
-63.364563
-63.248928
-63.675747
-63.452621
-63.631920
-63.476776
-63.711571
-63.705555
-63.459358
-63.672817
-63.671261
-63.878277
-63.562641
-63.757347
-63.708984
-63.750267
-63.744041
-63.732925
-63.933849
-63.762512
-63.923767
-63.704567
-64.172447
-63.942318
-63.939266
-63.893284
-63.840145
-64.050362
-63.922180
-64.116768
-63.904282
-63.961525
-63.985321
-63.951412
-64.043533
-63.979664
-64.169044
-63.959011
-63.996883
-64.114235
-64.157028
-64.103996
-63.957706
-64.184189
-64.096313
-64.184532
-64.056366
-64.006813
-64.080605
-64.218117
-64.243713
-63.977898
-64.195129
-64.107063
-64.161613
-64.122177
-64.111069
-64.149979
-64.042519
-64.223724
-64.067055
-64.284973
-64.138313
-64.096947
-63.992756
-64.329552
-64.243782
-64.116112
-64.174149
-64.090782
-64.234505
-64.142990
-64.220322
-64.079048
-64.223724
-64.147301
-64.094200
-64.147446
-64.250687
-64.132462
-63.970997
-64.180534
-64.319305
-64.073181
-64.165428
-64.245628
-64.330818
-64.201775
-64.254524
-64.127441
-64.207237
-64.308815
-64.255661
-64.265945
-64.228752
-64.356049
-64.104317
-64.265442
-64.169373
-64.269920
-64.302185
-64.196335
-64.216347
-64.282219
-64.412056
-64.218361
-64.209396
-64.382736
-64.345688
-64.276520
-64.340767
-64.363899
-64.389084
-64.422188
-64.242271
-64.371719
-64.504585
-64.319313
-64.334969
-64.334778
-64.512657
-64.312561
-64.303757
-64.468170
-64.404930
-64.350258
-64.441818
-64.497932
-64.380119
-64.360359
-64.463829
-64.353439
-64.399124
-64.404564
-64.566597
-64.390076
-64.444344
-64.421165
-64.388733
-64.494621
-64.387939
-64.563095
-64.364784
-64.438469
-64.550079
-64.489090
-64.390396
-64.552010
-64.631767
-64.327507
-64.516808
-64.617409
-64.582291
-64.461052
-64.565926
-64.536720
-64.456009
-64.544815
-64.558662
-64.478638
-64.571159
-64.444145
-64.448349
-64.437714
-64.580208
-64.347313
-64.430962
-64.564110
-64.413155
-64.358673
-64.356400
-64.533127
-64.365517
-64.470932
-64.532921
-64.541779
-64.459183
-64.358223
-64.494858
-64.454056
-64.505508
-64.328575
-64.409485
-64.514931
-64.411461
-64.357513
-64.391907
-64.313347
-64.364151
-64.394005
-64.454971
-64.297958
-64.285515
-64.214333
-64.403297
-64.355148
-64.171822
-64.244789
-64.231323
-64.190605
-64.129082
-64.090965
-64.162491
-64.121040
-64.193275
-64.080994
-63.965519
-64.012444
-63.910389
-64.075493
-63.955475
-63.967865
-63.853024
-63.870663
-63.763336
-63.725601
-63.903790
-63.645275
-63.749695
-63.652821
-63.711040
-63.631149
-63.665878
-63.560951
-63.409187
-63.511005
-63.497597
-63.448357
-63.425648
-63.512863
-63.329891
-63.461407
-63.308990
-63.306522
-63.249660
-63.393402
-63.379314
-63.586315
-63.546730
-63.409786
-63.680164
-63.682289
-63.828579
-63.691380
-64.002708
-63.964043
-63.997429
-64.021515
-64.152756
-64.055496
-63.983639
-64.029747
-64.078804
-64.084892
-64.087456
-64.109703
-64.143608
-64.145058
-64.128990
-64.066612
-64.168274
-64.280678
-64.169678
-64.294044
-64.282898
-64.369392
-64.186134
-64.434631
-64.225616
-64.259895
-64.363403
-64.392326
-64.323395
-64.350281
-64.331001
-64.315834
-64.371399
-64.363594
-64.283516
-64.354485
-64.463211
-64.325806
-64.450691
-64.448807
-64.411880
-64.394943
-64.620529
-64.720047
-64.765785
-64.774551
-64.716713
-64.851463
-64.805252
-65.009178
-65.001114
-65.004272
-65.049454
-65.066681
-64.917564
-64.953911
-64.987175
-65.150841
-64.967415
-65.120918
-65.109825
-65.112953
-65.144455
-65.183319
-65.324348
-65.210884
-65.049019
-65.097839
-65.187950
-65.279358
-65.024864
-64.846809
-64.736565
-64.749413
-64.635185
-64.611534
-64.512314
-64.402527
-64.297318
-64.323090
-64.383728
-64.422714
-64.552811
-64.537392
-64.425842
-64.373230
-64.549294
-64.669006
-64.216850
-64.022781
-64.025146
-64.092560
-64.224670
-64.218941
-63.992451
-63.993275
-64.023239
-63.994717
-64.115906
-64.206230
-64.410500
-64.718132
-64.772926
-64.697548
-64.454788
-64.403252
-64.586548
-64.617310
-64.286957
-64.306160
-64.632668
-64.586487
-64.585625
-64.625664
-64.296837
-63.796856
-63.829094
-64.376068
-64.496742
-64.189270
-63.953777
-64.045868
-64.305450
-64.163696
-64.017708
-64.397812
-64.488731
-64.205894
-63.795250
-64.022667
-64.035431
-64.035568
-63.824394
-64.210175
-64.406235
-64.284378
-64.019302
-64.083000
-64.109650
-64.157372
-63.896946
-63.906395
-64.001106
-64.037003
-63.990036
-64.089836
-64.108467
-63.920601
-63.671070
-63.685429
-63.680874
-63.739540
-63.468426
-63.380241
-63.403904
-63.346920
-63.156792
-63.014278
-63.074306
-63.197994
-63.505180
-63.456028
-63.478752
-63.866737
-63.747787
-63.686287
-64.054863
-64.531273
-64.391541
-64.712997
-64.905960
-64.960403
-65.014282
-65.167259
-65.344444
-65.322372
-65.282387
-65.128326
-65.170876
-65.251785
-65.181442
-65.221420
-65.495255
-65.505760
-65.272591
-65.360046
-65.437508
-65.453735
-65.462029
-65.615440
-65.613525
-65.535469
-65.682022
-65.586174
-65.491440
-65.603172
-65.581741
-65.496483
-65.583176
-65.567680
-65.678970
-65.770325
-65.889214
-65.838478
-65.652206
-65.566025
-65.860504
-65.729332
-65.682465
-65.634865
-65.673531
-65.472092
-65.486916
-65.507080
-65.373993
-65.372849
-65.461121
-65.583656
-65.454903
-65.593597
-65.555984
-65.575081
-65.528297
-65.569771
-65.641380
-65.655640
-65.812988
-65.663223
-65.665649
-65.750565
-65.611488
-65.621635
-65.740555
-65.809586
-65.835251
-65.648575
-65.745552
-65.723312
-65.855881
-65.685265
-65.732628
-65.776215
-65.698906
-65.634224
-65.652489
-65.754860
-65.480286
-65.546211
-65.472641
-65.620865
-65.545807
-65.387360
-65.407402
-65.412636
-65.325340
-65.224960
-65.307205
-65.266060
-65.137093
-65.061935
-65.040390
-65.114616
-65.209518
-64.962013
-64.841698
-64.958160
-65.028076
-64.882469
-64.850685
-64.816170
-64.875961
-64.757385
-64.793602
-64.678368
-64.707672
-64.673714
-64.559654
-64.674744
-64.798164
-64.674431
-64.470787
-64.570023
-64.666878
-64.589600
-64.549026
-64.505348
-64.577698
-64.518898
-64.484123
-64.524406
-64.429024
-64.447266
-64.364113
-64.352074
-64.371010
-64.368576
-64.324203
-64.301964
-64.366417
-64.268684
-64.213608
-64.094879
-64.127968
-64.083405
-64.173615
-64.089714
-64.148163
-64.071831
-63.973274
-64.097351
-63.931580
-63.974373
-64.045525
-64.118149
-64.051384
-63.939579
-64.167816
-64.143501
-64.009224
-64.019569
-64.076241
-64.018318
-63.956276
-64.083260
-64.056145
-64.005119
-63.742935
-63.855247
-63.946178
-63.808994
-63.870361
-63.790298
-63.910419
-63.945889
-63.868397
-63.858376
-63.913532
-64.092728
-63.998371
-63.848591
-64.002243
-64.038948
-63.933636
-63.956631
-63.865032
-63.934044
-63.806553
-63.820313
-63.892208
-63.945160
-63.803299
-63.647308
-63.778385
-63.907417
-63.769489
-63.677723
-63.766056
-63.773575
-63.758320
-63.616215
-63.704414
-63.801086
-63.730976
-63.718727
-63.837280
-63.787388
-63.840714
-63.778126
-63.710232
-63.821632
-63.849960
-63.811069
-63.681252
-63.864788
-63.760689
-63.614700
-63.664063
-63.797283
-63.704121
-63.623917
-63.642090
-63.675201
-63.708397
-63.554272
-63.585335
-63.734066
-63.586819
-63.432125
-63.510586
-63.507790
-63.542271
-63.417717
-63.486618
-63.404690
-63.342358
-63.358204
-63.409184
-63.433834
-63.165665
-63.286434
-63.192284
-63.351578
-63.340084
-63.186855
-63.088726
-63.221840
-63.196629
-63.075653
-63.137913
-63.215359
-63.237221
-63.094086
-63.074585
-63.107117
-63.128181
-63.113262
-63.147877
-63.148991
-63.184196
-63.129154
-63.127121
-63.215755
-63.219280
-63.148922
-63.103451
-63.095474
-63.234638
-63.138676
-63.170803
-63.215584
-63.200119
-63.003803
-62.979919
-63.235119
-63.196716
-62.981342
-63.041626
-63.096657
-63.100178
-62.913864
-63.006321
-62.984791
-63.063511
-62.967361
-62.956364
-63.025269
-63.054806
-63.061775
-62.922817
-62.884369
-62.970394
-63.040241
-62.931046
-62.900864
-62.948860
-62.985817
-62.870148
-62.786057
-62.958096
-62.876465
-62.657001
-62.763229
-62.761505
-62.689823
-62.599155
-62.687851
-62.580219
-62.453838
-62.535240
-62.492535
-62.342369
-62.475502
-62.450474
-62.377201
-62.309959
-62.420929
-62.394066
-62.399284
-62.425636
-62.336281
-62.281509
-62.341824
-62.399319
-62.244392
-62.176796
-62.208698
-62.213310
-62.171021
-62.166286
-62.100643
-62.158543
-62.171314
-61.964848
-62.061501
-62.077732
-62.090408
-62.006882
-61.993595
-62.026264
-61.831314
-61.889576
-61.879707
-61.906544
-61.775059
-61.759174
-61.799297
-61.796219
-61.725101
-61.641457
-61.697433
-61.712959
-61.712135
-61.577309
-61.572151
-61.620773
-61.444725
-61.421928
-61.391800
-61.293816
-61.279720
-61.217834
-61.135620
-61.049011
-60.960846
-60.856163
-60.905655
-60.817886
-60.740826
-60.598175
-60.561398
-60.314640
-60.227314
-60.092033
-59.830734
-59.859268
-59.757877
-59.516945
-59.451439
-59.549210
-59.432026
-58.990612
-58.986526
-58.957172
-58.790489
-58.706470
-58.572712
-58.396286
-58.013321
-57.845516
-57.491592
-57.440334
-57.335789
-56.949593
-56.559525
-56.387508
-56.282333
-55.961590
-55.693939
-55.558441
-55.256916
-54.815319
-54.669666
-54.534203
-54.267193
-53.950588
-53.745167
-53.462967
-53.090420
-52.698685
-52.571053
-52.252659
-51.557232
-51.221989
-50.968857
-50.678360
-50.361755
-50.003036
-49.479393
-49.067993
-49.002007
-48.724102
-48.305691
-47.898647
-47.627300
-47.259079
-47.057693
-46.818462
-46.630962
-46.022850
-45.634472
-45.202942
-44.765205
-44.478077
-43.969978
-43.538445
-43.073563
-42.817833
-42.504337
-42.102882
-41.679928
-41.311256
-40.931419
-40.590248
-40.393597
-40.029289
-39.555328
-39.205883
-38.924500
-38.571922
-38.197365
-37.792503
-37.453999
-36.984066
-36.490093
-36.231720
-35.916031
-35.563461
-35.034142
-34.668419
-34.351490
-34.077393
-33.679905
-33.369385
-33.256058
-32.921803
-32.727463
-32.396061
-31.934013
-31.625439
-31.145977
-30.856304
-30.659008
-30.391312
-29.860849
-29.481157
-29.367559
-29.071489
-28.745247
-28.379290
-28.198042
-27.965290
-27.728857
-27.338881
-27.118265
-26.971344
-26.636641
-26.354088
-26.104776
-25.846495
-25.671309
-25.530359
-25.371408
-24.942274
-24.846703
-24.579548
-24.285955
-24.034901
-23.802414
-23.467651
-23.206402
-22.983513
-22.769835
-22.558043
-22.310593
-22.068941
-21.893431
-21.719734
-21.529739
-21.270355
-21.012432
-20.908323
-20.740202
-20.496569
-20.344389
-20.024895
-19.788820
-19.538029
-19.317225
-19.080936
-18.741270
-18.556690
-18.403120
-18.292032
-17.926081
-17.703386
-17.517727
-17.401234
-17.192030
-17.007479
-16.719574
-16.532330
-16.445684
-16.223448
-16.029844
-15.839328
-15.535585
-15.275185
-14.963427
-14.968868
-14.693098
-14.469375
-14.131179
-13.920975
-13.792517
-13.669227
-13.311667
-13.223609
-13.021493
-12.835118
-12.626721
-12.647631
-12.519216
-12.352156
-12.094847
-11.956655
-11.938755
-11.782731
-11.569981
-11.580787
-11.448395
-11.228510
-11.111029
-10.952312
-10.962489
-10.782324
-10.524678
-10.433311
-10.328375
-10.126900
-10.026768
-9.854932
-9.743833
-9.593597
-9.329309
-9.281882
-9.304212
-9.097462
-8.932756
-8.874327
-8.815822
-8.783442
-8.683509
-8.526564
-8.408145
-8.382549
-8.275023
-8.128215
-8.116707
-7.945475
-7.833353
-7.632875
-7.707019
-7.587296
-7.422167
-7.276433
-7.259026
-7.157922
-7.038446
-6.926023
-6.814220
-6.765807
-6.688162
-6.641822
-6.508111
-6.507635
-6.280462
-6.222686
-6.113420
-6.070381
-5.942230
-5.939549
-5.784531
-5.728361
-5.688629
-5.623710
-5.529497
-5.497459
-5.453915
-5.342802
-5.280257
-5.354401
-5.306484
-5.166998
-5.159878
-5.136635
-5.059843
-4.965669
-4.899253
-4.848803
-4.759807
-4.740312
-4.648392
-4.564837
-4.528966
-4.407697
-4.394125
-4.324074
-4.364253
-4.223357
-4.185923
-4.236583
-4.118193
-4.054485
-4.054419
-3.951588
-3.938330
-3.783116
-3.709940
-3.695562
-3.663303
-3.560140
-3.478603
-3.467843
-3.370277
-3.383872
-3.245284
-3.230037
-3.205014
-3.119790
-3.044255
-3.124873
-3.042747
-2.961785
-2.847121
-2.864891
-2.856574
-2.808846
-2.726165
-2.671868
-2.649539
-2.669370
-2.575361
-2.506972
-2.488094
-2.524094
-2.407108
-2.452960
-2.337264
-2.373807
-2.252594
-2.277761
-2.239539
-2.256374
-2.182442
-2.240107
-2.082940
-2.136451
-2.116175
-2.071312
-2.093326
-2.124033
-1.974597
-2.025744
-2.054781
-2.009520
-1.919561
-1.884888
-1.988960
-1.834678
-1.833784
-1.817792
-1.833486
-1.808631
-1.752874
-1.749521
-1.799859
-1.701403
-1.598554
-1.607242
-1.625606
-1.628386
-1.489329
-1.469166
-1.500970
-1.503977
-1.425639
-1.349307
-1.320236
-1.256639
-1.199111
-1.280810
-1.232882
-1.158309
-1.134944
-1.200426
-1.202428
-1.168894
-1.104470
-1.068822
-1.153058
-1.068986
-1.078406
-1.120845
-0.979307
-0.865523
-0.862539
-0.797813
-0.842753
-0.837150
-0.682793
-0.512661
-0.577116
-0.578133
-0.539360
-0.353750
-0.348531
-0.247413
-0.168796
-0.167309
-0.105294
-0.078328
0.050299
0.087333
0.220746
0.211667
0.282792
0.363956
0.443151
0.497412
0.539484
0.591657
0.580478
0.628145
0.735044
0.758558
0.890275
0.808900
0.947653
0.798468
1.007933
1.016300
1.022267
1.151050
1.258495
1.285164
1.244752
1.476752
1.280231
1.290401
1.250150
1.505311
1.435859
1.335910
1.407184
1.421122
1.406165
1.433228
1.518436
1.441035
1.539539
1.614580
1.646458
1.735798
1.685855
1.524821
1.597976
1.639950
1.622478
1.563933
1.609886
1.549214
1.406184
1.451869
1.484747
1.433392
1.455603
1.395630
1.514827
1.484478
1.475335
1.435584
1.431520
1.449461
1.399135
1.400907
1.274418
1.265752
1.274157
1.201688
1.113594
1.025329
0.964403
0.955677
0.919675
0.871192
0.857936
0.881261
0.664611
0.654175
0.596578
0.646469
0.493332
0.599830
0.364812
0.392256
0.385578
0.307689
0.339629
0.249982
0.261730
0.181799
0.238320
0.180970
0.196728
0.123787
0.072571
0.110645
0.154054
0.240868
0.068526
0.190834
0.187943
0.242293
0.161211
0.239922
0.248123
0.247909
0.111830
0.110967
0.207264
0.083268
0.085832
0.069846
0.082900
-0.026639
-0.063729
-0.119822
-0.098578
-0.185513
-0.119679
-0.140853
-0.194240
-0.284433
-0.175799
-0.214445
-0.192283
-0.218615
-0.321195
-0.251953
-0.219444
-0.165510
-0.293863
-0.319490
-0.278989
-0.287232
-0.211031
-0.186552
-0.133414
-0.255210
-0.228290
-0.103910
-0.087500
-0.073260
-0.155589
-0.099039
-0.090670
-0.037443
-0.094966
-0.144696
-0.216106
-0.361894
-0.212103
-0.192878
-0.153352
-0.274175
-0.403818
-0.308655
-0.297642
-0.328134
-0.275651
-0.199273
-0.255861
-0.210472
-0.138456
-0.264147
-0.193305
-0.370058
-0.251524
-0.387413
-0.267376
-0.226210
-0.327847
-0.368535
-0.361883
-0.296750
-0.341238
-0.312657
-0.332609
-0.231508
-0.142996
-0.220888
-0.172188
-0.161090
-0.176985
-0.132306
-0.061582
-0.076832
-0.091826
-0.138427
-0.023736
0.063736
-0.003346
-0.028279
-0.042384
0.050178
0.029718
0.075612
0.005920
-0.003549
-0.060243
-0.092374
-0.047142
-0.081707
-0.162959
-0.114340
-0.028165
-0.059290
-0.002571
-0.077559
0.054993
0.104415
0.174682
0.125062
0.195001
0.098506
0.195680
0.133738
0.122837
0.076194
0.028277
0.075231
-0.034902
-0.008856
-0.049229
0.051670
-0.086435
0.000815
-0.078761
0.005398
0.102452
0.070360
-0.057005
0.003139
0.023080
-0.011140
-0.004813
-0.007840
-0.131562
-0.156810
-0.048391
-0.050297
-0.108169
-0.223497
-0.168659
-0.003927
-0.121449
-0.057258
-0.053698
-0.075983
-0.160767
-0.043247
-0.034258
-0.042481
-0.153035
-0.149168
-0.238124
-0.136069
-0.241130
-0.234749
-0.233850
-0.279337
-0.296104
-0.200384
-0.157882
-0.250338
-0.246333
-0.254273
-0.187203
-0.244105
-0.243551
-0.219439
-0.204315
-0.306962
-0.348033
-0.265606
-0.304225
-0.392877
-0.413423
-0.330950
-0.473740
-0.444723
-0.381240
-0.360182
-0.461326
-0.516944
-0.451060
-0.437642
-0.434156
-0.508925
-0.404639
-0.524372
-0.535846
-0.571322
-0.447481
-0.479356
-0.643473
-0.638382
-0.563414
-0.554253
-0.649412
-0.587087
-0.579782
-0.637039
-0.618261
-0.575971
-0.566788
-0.625419
-0.644215
-0.690394
-0.615376
-0.649672
-0.750083
-0.683408
-0.774186
-0.760817
-0.803815
-0.735357
-0.822250
-0.884397
-0.809501
-0.795706
-0.850290
-0.841776
-0.856139
-0.843801
-0.863508
-0.893489
-0.872170
-0.948054
-1.001506
-1.037122
-1.001970
-1.004095
-1.167187
-1.126485
-1.184203
-1.115986
-1.175880
-1.231949
-1.216867
-1.223160
-1.343799
-1.346549
-1.242684
-1.385918
-1.396506
-1.459330
-1.420716
-1.493865
-1.599233
-1.536998
-1.516644
-1.606198
-1.621893
-1.566218
-1.593134
-1.617421
-1.665913
-1.683528
-1.678417
-1.690072
-1.665514
-1.608674
-1.659995
-1.721622
-1.627537
-1.630500
-1.649444
-1.645658
-1.610660
-1.553191
-1.577769
-1.463223
-1.460506
-1.392152
-1.342788
-1.283290
-1.239460
-1.180530
-1.136619
-1.095098
-1.016226
-1.054054
-0.985843
-0.977907
-0.883113
-0.931791
-0.939102
-0.929974
-0.823408
-0.855062
-0.720270
-0.733436
-0.697982
-0.682969
-0.645711
-0.575402
-0.535812
-0.456992
-0.501312
-0.487237
-0.521069
-0.435500
-0.336719
-0.413043
-0.438245
-0.337705
-0.311341
-0.350522
-0.240967
-0.242965
-0.250651
-0.215390
-0.133956
-0.103994
-0.095366
-0.068069
-0.106126
-0.017302
-0.022322
0.064107
0.036172
0.039000
0.064645
0.131311
0.144599
0.041587
0.200371
0.208389
0.167452
0.214547
0.329903
0.315316
0.258553
0.375714
0.380772
0.395358
0.367057
0.400683
0.387814
0.489138
0.491883
0.525404
0.484009
0.478310
0.534700
0.440956
0.558768
0.575776
0.595819
0.561314
0.542510
0.605324
0.498407
0.555449
0.517803
0.638543
0.479506
0.501394
0.492785
0.459336
0.473148
0.489251
0.391119
0.420107
0.394170
0.374037
0.293516
0.315721
0.366631
0.177069
0.199252
0.214170
0.238451
0.069271
0.119425
0.112100
0.047357
0.055600
0.100160
0.113556
0.059277
0.040307
0.107928
0.100375
0.106966
0.109321
0.197907
0.122522
0.198503
0.177201
0.240072
0.148864
0.193387
0.140546
0.196159
0.100077
0.158385
0.177749
0.167313
0.086423
0.137934
0.188171
0.082727
0.097794
0.097750
0.098561
0.060133
0.053379
0.045210
0.034198
0.017421
0.028868
0.038337
0.109052
-0.087758
0.008191
0.080636
-0.006398
0.016587
-0.028606
0.040193
-0.028097
0.002317
-0.133643
-0.039141
-0.112030
-0.094819
-0.036723
-0.115772
-0.129657
-0.111040
-0.107850
-0.187347
-0.164637
-0.088962
-0.172572
-0.174529
-0.108625
-0.150074
-0.218784
-0.220682
-0.200696
-0.268292
-0.185001
-0.178521
-0.262370
-0.287989
-0.294374
-0.262437
-0.297704
-0.315578
-0.320168
-0.299419
-0.365350
-0.315122
-0.292463
-0.442289
-0.401881
-0.320408
-0.392522
-0.512537
-0.383064
-0.419692
-0.489628
-0.440542
-0.483350
-0.502020
-0.476511
-0.450395
-0.510383
-0.509210
-0.494693
-0.531230
-0.591793
-0.547608
-0.538738
-0.502361
-0.607258
-0.605748
-0.592872
-0.629057
-0.513524
-0.641997
-0.641763
-0.633266
-0.661424
-0.652768
-0.603988
-0.652651
-0.698011
-0.647072
-0.778694
-0.726342
-0.755117
-0.667111
-0.772878
-0.724690
-0.750395
-0.706192
-0.762256
-0.752006
-0.803130
-0.838245
-0.786323
-0.749526
-0.811790
-0.819449
-0.803070
-0.828025
-0.856338
-0.872760
-0.849451
-0.872208
-0.910444
-0.942410
-0.877920
-0.845233
-0.906527
-0.990127
-0.926480
-0.928117
-0.946352
-0.948049
-0.893348
-0.967290
-0.936673
-0.928108
-0.903931
-1.041974
-0.954967
-1.002781
-1.035462
-1.020493
-0.894315
-1.000153
-1.003013
-1.029923
-1.028613
-0.982830
-0.996964
-0.953375
-1.005887
-0.990119
-0.968944
-1.002649
-0.963087
-0.950372
-1.002536
-0.977404
-0.971610
-1.029610
-0.937898
-0.927057
-0.970631
-1.006952
-0.925281
-0.971752
-0.944559
-0.886321
-0.875165
-0.903190
-0.873812
-0.975108
-0.895290
-0.894553
-0.919458
-0.921104
-0.932662
-0.913732
-0.872604
-0.883860
-0.874512
-0.941530
-0.827765
-0.805456
-0.860079
-0.826251
-0.771188
-0.735571
-0.806711
-0.822913
-0.782228
-0.763136
-0.765728
-0.733272
-0.762024
-0.814756
-0.729464
-0.764700
-0.764222
-0.766335
-0.720267
-0.713445
-0.646282
-0.711646
-0.664618
-0.702036
-0.671347
-0.660044
-0.581600
-0.631760
-0.645123
-0.561215
-0.597348
-0.638014
-0.617529
-0.569635
-0.607607
-0.535881
-0.545250
-0.482012
-0.515378
-0.519819
-0.599154
-0.467870
-0.529713
-0.471941
-0.484012
-0.523680
-0.482876
-0.460302
-0.508904
-0.504520
-0.466448
-0.438387
-0.502321
-0.413474
-0.412808
-0.512707
-0.457847
-0.409701
-0.387868
-0.425242
-0.421481
-0.399568
-0.405533
-0.426417
-0.395196
-0.365082
-0.414389
-0.428436
-0.377489
-0.430812
-0.378561
-0.374344
-0.420819
-0.419930
-0.343052
-0.374335
-0.433759
-0.369197
-0.338494
-0.358154
-0.420959
-0.388715
-0.368326
-0.385919
-0.318296
-0.390593
-0.412730
-0.340659
-0.361862
-0.447655
-0.357272
-0.314967
-0.361360
-0.390956
-0.409184
-0.378082
-0.360589
-0.373167
-0.406131
-0.356496
-0.385717
-0.327828
-0.378572
-0.282855
-0.437350
-0.344398
-0.424410
-0.308980
-0.357873
-0.401831
-0.329236
-0.368618
-0.413836
-0.394719
-0.308095
-0.370452
-0.392206
-0.386059
-0.409679
-0.340085
-0.349932
-0.361825
-0.445277
-0.357477
-0.378549
-0.437788
-0.360637
-0.423679
-0.404404
-0.449636
-0.448642
-0.398394
-0.391385
-0.421575
-0.432272
-0.468594
-0.434020
-0.416952
-0.437529
-0.408825
-0.466973
-0.474364
-0.462828
-0.445209
-0.507617
-0.513542
-0.419589
-0.514711
-0.507984
-0.499067
-0.468620
-0.519400
-0.521661
-0.479337
-0.517905
-0.540517
-0.487620
-0.580353
-0.478618
-0.551786
-0.536430
-0.543480
-0.541356
-0.570901
-0.530010
-0.559697
-0.562698
-0.576169
-0.606488
-0.486434
-0.576740
-0.561658
-0.559176
-0.545098
-0.589708
-0.623080
-0.572134
-0.527325
-0.626440
-0.648084
-0.575903
-0.530247
-0.636934
-0.608363
-0.581643
-0.621286
-0.605283
-0.646267
-0.573007
-0.624810
-0.612259
-0.612244
-0.598803
-0.596647
-0.649489
-0.645456
-0.639736
-0.588282
-0.635580
-0.660724
-0.618128
-0.566721
-0.719926
-0.651760
-0.602964
-0.651180
-0.655941
-0.698021
-0.611010
-0.632484
-0.605602
-0.700061
-0.705891
-0.631411
-0.590890
-0.711356
-0.679214
-0.650506
-0.686173
-0.642945
-0.694442
-0.703470
-0.644506
-0.637791
-0.631113
-0.711366
-0.612174
-0.702996
-0.687264
-0.653583
-0.662300
-0.632674
-0.679025
-0.628863
-0.734540
-0.637334
-0.718820
-0.659316
-0.706101
-0.663567
-0.712091
-0.663911
-0.571364
-0.724149
-0.683314
-0.751659
-0.672113
-0.686030
-0.654798
-0.643599
-0.709178
-0.695134
-0.698544
-0.665865
-0.650919
-0.668551
-0.721187
-0.663681
-0.638995
-0.695045
-0.644097
-0.713521
-0.631973
-0.695482
-0.638977
-0.637677
-0.660722
-0.670085
-0.658049
-0.690519
-0.689109
-0.629830
-0.660323
-0.674908
-0.622863
-0.668495
-0.647882
-0.685030
-0.624273
-0.652958
-0.624318
-0.687793
-0.576485
-0.618303
-0.664841
-0.682512
-0.657875
-0.616347
-0.653067
-0.661811
-0.668064
-0.582050
-0.658054
-0.610639
-0.622470
-0.660222
-0.638758
-0.705337
-0.671615
-0.634211
-0.612610
-0.661423
-0.658081
-0.627013
-0.715058
-0.611107
-0.654177
-0.721373
-0.664610
-0.550316
-0.653504
-0.698078
-0.661227
-0.636876
-0.674384
-0.684354
-0.603583
-0.669795
-0.635669
-0.645057
-0.711025
-0.657171
-0.674362
-0.622781
-0.690856
-0.660773
-0.665651
-0.619803
-0.680060
-0.698375
-0.626743
-0.645040
-0.672233
-0.721487
-0.655327
-0.695343
-0.628404
-0.653695
-0.716102
-0.651511
-0.740951
-0.643036
-0.643835
-0.676403
-0.716706
-0.697405
-0.717844
-0.657760
-0.633964
-0.723490
-0.695442
-0.628654
-0.687202
-0.759521
-0.704358
-0.644212
-0.710521
-0.746925
-0.640987
-0.719964
-0.705621
-0.689346
-0.737373
-0.687923
-0.718132
-0.718716
-0.742617
-0.706022
-0.683169
-0.768945
-0.722951
-0.703598
-0.659319
-0.730409
-0.727790
-0.741424
-0.701074
-0.670654
-0.738314
-0.758876
-0.750856
-0.751613
-0.703538
-0.719335
-0.687615
-0.757578
-0.733073
-0.740195
-0.690783
-0.723362
-0.680760
-0.745681
-0.775237
-0.656687
-0.775713
-0.728177
-0.785798
-0.694077
-0.733568
-0.791120
-0.655476
-0.764297
-0.748908
-0.741069
-0.707261
-0.752165
-0.774415
-0.707136
-0.716083
-0.726676
-0.744933
-0.726490
-0.710123
-0.748264
-0.750225
-0.667377
-0.707844
-0.719711
-0.763016
-0.759206
-0.708413
-0.718782
-0.619280
-0.722625
-0.699119
-0.686339
-0.685706
-0.718774
-0.660357
-0.690680
-0.795084
-0.663296
-0.617060
-0.652993
-0.722887
-0.606179
-0.708961
-0.608659
-0.683905
-0.604237
-0.656331
-0.651422
-0.635143
-0.648514
-0.581371
-0.631570
-0.605429
-0.616816
-0.613465
-0.582434
-0.658372
-0.577732
-0.625701
-0.504852
-0.591355
-0.584337
-0.644881
-0.556691
-0.536938
-0.495935
-0.565084
-0.549028
-0.571747
-0.586596
-0.499375
-0.519519
-0.527081
-0.537264
-0.550177
-0.476922
-0.533152
-0.474460
-0.480525
-0.537925
-0.523553
-0.451107
-0.425084
-0.478905
-0.510613
-0.451040
-0.460018
-0.455273
-0.479821
-0.462981
-0.429968
-0.463703
-0.472879
-0.410019
-0.473807
-0.421140
-0.464389
-0.419037
-0.443712
-0.432405
-0.364004
-0.390409
-0.448539
-0.469612
-0.343664
-0.411419
-0.399657
-0.441321
-0.365161
-0.395049
-0.378186
-0.367427
-0.401821
-0.372108
-0.406109
-0.359887
-0.377924
-0.369459
-0.381299
-0.344498
-0.357191
-0.357087
-0.369160
-0.355754
-0.316162
-0.339274
-0.316860
-0.366613
-0.290125
-0.370891
-0.375497
-0.326570
-0.234416
-0.326819
-0.324595
-0.341111
-0.343993
-0.287215
-0.250048
-0.329176
-0.272424
-0.305270
-0.310044
-0.353859
-0.239085
-0.323073
-0.312777
-0.288164
-0.275416
-0.313060
-0.282149
-0.302857
-0.302233
-0.324677
-0.242776
-0.273267
-0.304177
-0.298799
-0.241222
-0.287545
-0.307868
-0.309356
-0.317308
-0.266119
-0.303618
-0.274648
-0.295243
-0.273098
-0.320770
-0.345951
-0.254725
-0.316056
-0.311500
-0.328360
-0.284591
-0.254012
-0.354029
-0.317299
-0.359159
-0.259751
-0.337700
-0.282313
-0.336401
-0.336555
-0.339206
-0.335535
-0.336222
-0.410619
-0.270722
-0.345569
-0.351477
-0.387813
-0.359047
-0.342679
-0.377989
-0.392379
-0.458544
-0.314730
-0.389259
-0.396826
-0.446496
-0.390584
-0.362142
-0.407897
-0.432703
-0.467956
-0.337247
-0.461756
-0.396820
-0.413898
-0.412838
-0.463216
-0.395096
-0.441158
-0.446826
-0.451462
-0.424526
-0.415373
-0.459089
-0.480618
-0.430231
-0.389522
-0.460307
-0.480728
-0.429284
-0.487187
-0.440176
-0.451189
-0.478145
-0.460702
-0.461433
-0.467354
-0.528940
-0.486193
-0.544317
-0.427866
-0.470666
-0.477188
-0.530330
-0.488124
-0.473405
-0.511984
-0.520418
-0.451963
-0.446255
-0.494789
-0.502007
-0.474079
-0.486560
-0.524388
-0.539189
-0.454896
-0.443855
-0.485012
-0.502367
-0.492079
-0.440774
-0.503886
-0.495360
-0.468332
-0.450505
-0.517029
-0.434272
-0.449658
-0.416636
-0.510167
-0.515299
-0.441701
-0.454165
-0.504425
-0.420498
-0.378432
-0.457063
-0.501300
-0.440539
-0.381908
-0.422104
-0.453730
-0.394984
-0.320316
-0.397858
-0.454827
-0.358178
-0.373007
-0.379172
-0.405518
-0.330048
-0.378696
-0.348372
-0.349042
-0.325155
-0.385497
-0.329105
-0.365588
-0.353804
-0.279356
-0.295869
-0.329594
-0.297840
-0.277159
-0.337747
-0.304192
-0.262640
-0.244821
-0.336712
-0.250851
-0.257077
-0.261794
-0.268006
-0.265939
-0.253063
-0.299572
-0.193376
-0.230963
-0.212952
-0.181443
-0.208212
-0.201254
-0.176667
-0.099193
-0.213565
-0.121584
-0.210389
-0.092406
-0.090056
-0.106926
-0.066374
-0.092396
-0.077697
-0.112136
-0.041938
-0.033514
-0.044674
-0.053601
-0.023098
-0.030856
0.008465
-0.009221
-0.009463
-0.017003
-0.017399
-0.030138
-0.005410
0.028215
-0.046091
0.018932
-0.069945
0.026231
-0.034876
-0.017163
-0.013450
0.015627
-0.026887
-0.031040
-0.001266
-0.036057
0.039160
-0.037695
-0.069500
-0.021959
0.081417
-0.002967
-0.060534
-0.061454
-0.002394
0.005105
-0.060600
0.054607
0.004132
0.018831
-0.016539
0.019985
0.023002
0.081820
0.061400
0.014284
0.058236
-0.003612
0.011983
0.026298
0.024221
0.047402
-0.057769
0.076656
0.018971
0.051997
-0.025921
-0.014488
0.054055
0.065251
0.075706
0.001236
0.092021
-0.030221
0.083657
0.038141
0.109160
0.051832
0.051071
0.052231
0.055684
0.095753
0.033375
0.038414
0.065446
0.119321
0.097389
0.093648
0.156298
0.129689
-0.010496
0.105175
0.090697
0.189038
0.015476
0.050187
0.065373
0.074305
0.105126
0.013270
0.098856
0.049968
0.028344
0.078333
0.074122
0.010407
0.029298
0.108702
0.090231
0.029013
-0.053280
0.019158
0.015324
0.036014
-0.002305
-0.060475
-0.030940
-0.022668
0.020825
-0.033446
-0.013706
-0.050930
-0.040026
-0.050994
-0.062735
-0.052961
-0.027887
0.010210
-0.090284
-0.018661
-0.066653
-0.024056
0.039321
-0.053446
-0.088604
-0.030998
0.056432
-0.031718
-0.022870
-0.043520
-0.018636
-0.055682
-0.021990
0.028898
-0.028516
-0.046975
-0.022832
0.025104
0.000166
-0.027920
-0.007304
-0.011174
0.044811
-0.007871
0.051254
0.008320
0.020844
0.039639
0.028373
0.034701
0.038554
0.023745
-0.009607
0.027895
0.014730
0.035762
0.095385
0.039126
0.008970
0.015368
0.027717
0.117328
0.018124
-0.021136
-0.015557
0.172629
0.061538
0.010815
0.059962
0.021758
0.062867
0.050069
0.105619
0.038620
0.007175
0.101003
0.070451
0.048170
0.041356
0.067790
0.100901
0.075089
0.057616
0.051833
0.090461
0.076792
0.022921
0.105782
0.087311
0.154592
0.104507
0.088760
0.161297
0.101986
0.190093
0.134004
0.222123
0.195435
0.238922
0.221467
0.140727
0.210872
0.173695
0.279779
0.171016
0.235974
0.168876
0.197441
0.182092
0.118224
0.278744
0.179283
0.175718
0.179014
0.236376
0.211195
0.205349
0.273323
0.183493
0.230759
0.260117
0.318054
0.154068
0.168057
0.199774
0.188420
0.215793
0.166586
0.161179
0.113582
0.075852
0.065528
0.084483
0.044642
-0.039098
-0.080103
-0.005406
-0.094522
-0.088562
-0.193241
-0.173529
-0.265493
-0.233450
-0.259295
-0.263563
-0.233888
-0.281628
-0.285130
-0.297214
-0.177069
-0.215371
-0.298295
-0.313384
-0.192646
-0.177697
-0.215676
-0.230133
-0.214549
-0.236264
-0.273357
-0.173001
-0.162570
-0.163053
-0.196235
-0.165155
-0.100040
-0.174642
-0.107861
-0.174284
-0.084875
-0.166385
-0.066002
-0.084638
-0.053754
-0.053705
-0.071955
-0.093721
-0.105928
-0.043113
0.018801
-0.060214
-0.007620
0.010566
-0.004900
0.000613
0.036164
0.041266
0.032644
-0.007618
0.131915
0.035062
0.061791
0.095824
0.113578
0.142035
0.078396
0.093377
0.072281
0.138965
0.188993
0.153802
0.162803
0.153840
0.160473
0.120207
0.175243
0.172935
0.156721
0.176887
0.188995
0.273082
0.146899
0.156015
0.182889
0.282817
0.216711
0.215717
0.162074
0.284967
0.247121
0.252810
0.235066
0.269862
0.260239
0.215888
0.338581
0.299572
0.294821
0.274792
0.274361
0.346250
0.266614
0.290201
0.312591
0.342750
0.283552
0.371168
0.271207
0.341657
0.285937
0.338439
0.328166
0.353034
0.407515
0.300323
0.310119
0.329530
0.281054
0.372651
0.245075
0.200991
0.168819
0.202264
0.071312
0.102426
0.027898
-0.071459
-0.108433
-0.057894
-0.112679
-0.218451
-0.285688
-0.291020
-0.321387
-0.327025
-0.314142
-0.398659
-0.462370
-0.574082
-0.481378
-0.527359
-0.635098
-0.738306
-0.759824
-0.796419
-0.846845
-0.925640
-0.919987
-0.913949
-1.087409
-1.081921
-1.029330
-1.038121
-1.228164
-1.169163
-1.210438
-1.316556
-1.411798
-1.245580
-1.394750
-1.479886
-1.606195
-1.480806
-1.570292
-1.636237
-1.641396
-1.643490
-1.696300
-1.712420
-1.681289
-1.584103
-1.708018
-1.746073
-1.682768
-1.643316
-1.688806
-1.660566
-1.684586
-1.690050
-1.752507
-1.729234
-1.802925
-1.752096
-1.754292
-1.818951
-1.910839
-1.717632
-1.800837
-1.921026
-1.914074
-1.858087
-1.873619
-2.019593
-1.929461
-1.932953
-1.950571
-2.031891
-2.051675
-1.964280
-2.053843
-2.104676
-2.137175
-2.123463
-2.150844
-2.205170
-2.216516
-2.193619
-2.258839
-2.383679
-2.318751
-2.302039
-2.411737
-2.444292
-2.423409
-2.430325
-2.593037
-2.525455
-2.590722
-2.574611
-2.677201
-2.661453
-2.815929
-2.731689
-2.811232
-2.886472
-2.937409
-2.973100
-3.071352
-3.013637
-3.115668
-3.232264
-3.259799
-3.240018
-3.433848
-3.462388
-3.492908
-3.502949
-3.712207
-3.729729
-3.740185
-3.896768
-3.926504
-3.987276
-4.072627
-4.161596
-4.185909
-4.314781
-4.380748
-4.410873
-4.540056
-4.664691
-4.693911
-4.718389
-4.868989
-5.004061
-5.016841
-5.141160
-5.247402
-5.337001
-5.430870
-5.488501
-5.674634
-5.728194
-5.827536
-5.912188
-6.089379
-6.141090
-6.289296
-6.341518
-6.460477
-6.571786
-6.660725
-6.836713
-6.983152
-7.053802
-7.105304
-7.398633
-7.447112
-7.581285
-7.659350
-7.843146
-7.978977
-8.096158
-8.167826
-8.404399
-8.493932
-8.506858
-8.637017
-8.916399
-9.028955
-9.064021
-9.228225
-9.419110
-9.450537
-9.595945
-9.870720
-9.940786
-9.989079
-10.152350
-10.384385
-10.500741
-10.672867
-10.728272
-10.994118
-10.982370
-11.208000
-11.388366
-11.531066
-11.618172
-11.704247
-11.957863
-12.094263
-12.177400
-12.342659
-12.580134
-12.659270
-12.834088
-13.040269
-13.138540
-13.321105
-13.459009
-13.669087
-13.767331
-13.962610
-14.083673
-14.270301
-14.403144
-14.550270
-14.751876
-14.906406
-15.066173
-15.294917
-15.558659
-15.635859
-16.007143
-16.125069
-16.412794
-16.536316
-16.828358
-16.950602
-17.196507
-17.358412
-17.579195
-17.717947
-17.928732
-18.080944
-18.235216
-18.411337
-18.672482
-18.853748
-19.029249
-19.268951
-19.501429
-19.685183
-19.841745
-20.093004
-20.363535
-20.591621
-20.749168
-20.990938
-21.268829
-21.327091
-21.608795
-21.762829
-22.003935
-22.225197
-22.505650
-22.682722
-22.853746
-23.131777
-23.327518
-23.572279
-23.792982
-23.993872
-24.191605
-24.469439
-24.626179
-24.847982
-24.994085
-25.243063
-25.506346
-25.655615
-25.759977
-26.060732
-26.287836
-26.425308
-26.707710
-26.913450
-27.151466
-27.322506
-27.495770
-27.792383
-27.973022
-28.238701
-28.428394
-28.659468
-28.868124
-29.073540
-29.297756
-29.402473
-29.680855
-29.882341
-30.174419
-30.214869
-30.414583
-30.748899
-30.939768
-31.175303
-31.310509
-31.670620
-31.834307
-32.039143
-32.235428
-32.596672
-32.847160
-33.101177
-33.262249
-33.495239
-33.789242
-33.969223
-34.231884
-34.354313
-34.607304
-34.927162
-35.115604
-35.240200
-35.498047
-35.703495
-35.943741
-36.172943
-36.440834
-36.668552
-36.868801
-37.118935
-37.322311
-37.550640
-37.743462
-37.911835
-38.226036
-38.323414
-38.535011
-38.729683
-38.933834
-39.020817
-39.193424
-39.386425
-39.583733
-39.690815
-39.941307
-40.129063
-40.232128
-40.385799
-40.703777
-40.793812
-40.887077
-41.092529
-41.319214
-41.387150
-41.550095
-41.763775
-41.821018
-41.958687
-42.181091
-42.368919
-42.438660
-42.574486
-42.803642
-42.924831
-43.019421
-43.231331
-43.392456
-43.426746
-43.552662
-43.691982
-43.965317
-44.001530
-44.054905
-44.182373
-44.310219
-44.408653
-44.453320
-44.626579
-44.581177
-44.714211
-44.824478
-44.920181
-44.986156
-45.058941
-45.180729
-45.185234
-45.223141
-45.303879
-45.444885
-45.416145
-45.540604
-45.556377
-45.605484
-45.673550
-45.689175
-45.744152
-45.807003
-45.838104
-45.899036
-45.877289
-45.964752
-46.031399
-46.035824
-46.108547
-46.161964
-46.161457
-46.091461
-46.171951
-46.259949
-46.298847
-46.226322
-46.339352
-46.343933
-46.388676
-46.420586
-46.415718
-46.379745
-46.513859
-46.472969
-46.629734
-46.689964
-46.617573
-46.754623
-46.879326
-46.803921
-46.775818
-46.860874
-46.934841
-46.965664
-46.921955
-47.114395
-47.028790
-47.075226
-47.101456
-47.173775
-47.152607
-47.226189
-47.365204
-47.362835
-47.407589
-47.507843
-47.576145
-47.636909
-47.593365
-47.743065
-47.870186
-47.847389
-47.926334
-48.020191
-48.019077
-48.075825
-48.217159
-48.215244
-48.110748
-48.324158
-48.402264
-48.451984
-48.492374
-48.626411
-48.643379
-48.683868
-48.796207
-48.831612
-48.872799
-48.955177
-49.079163
-49.107849
-49.238880
-49.340912
-49.376850
-49.446037
-49.492550
-49.650959
-49.706467
-49.818436
-49.958305
-50.070831
-49.976868
-50.180954
-50.245586
-50.375652
-50.362873
-50.475227
-50.675377
-50.730179
-50.811775
-50.913040
-50.993774
-51.071011
-51.034550
-51.250893
-51.421841
-51.507690
-51.502411
-51.642464
-51.833866
-51.960354
-52.003185
-52.035744
-52.238430
-52.309090
-52.429379
-52.489067
-52.677528
-52.698326
-52.712242
-52.919468
-52.999413
-53.059940
-53.271591
-53.341324
-53.309929
-53.501770
-53.695721
-53.660370
-53.707546
-53.807140
-54.048729
-53.984417
-54.150150
-54.283997
-54.343876
-54.288605
-54.458420
-54.537643
-54.670238
-54.708408
-54.765263
-54.804466
-54.899532
-55.127701
-55.129002
-55.083874
-55.212997
-55.271633
-55.398594
-55.525269
-55.524853
-55.569042
-55.542732
-55.697472
-55.766018
-55.749931
-55.874611
-55.822826
-55.996765
-55.999611
-56.127739
-56.026329
-56.143982
-56.260483
-56.293476
-56.290508
-56.328857
-56.460899
-56.427525
-56.541500
-56.521626
-56.663445
-56.678093
-56.602718
-56.622833
-56.762817
-56.868114
-56.681808
-56.825340
-56.882790
-56.853230
-56.847652
-56.881161
-56.937218
-56.817654
-57.014717
-56.963558
-57.011044
-57.015049
-57.093109
-56.982624
-57.016651
-57.131428
-57.149288
-57.043442
-57.135075
-57.187687
-57.208996
-57.105923
-57.198914
-57.146450
-57.173985
-57.278336
-57.268749
-57.255165
-57.335796
-57.330299
-57.297188
-57.370792
-57.343979
-57.420330
-57.278141
-57.427174
-57.411572
-57.385788
-57.353455
-57.437843
-57.426506
-57.448307
-57.543266
-57.441559
-57.526470
-57.619545
-57.557629
-57.574318
-57.660561
-57.692940
-57.577301
-57.677227
-57.788734
-57.817253
-57.715370
-57.761089
-57.921253
-57.852692
-57.820118
-57.857784
-57.945633
-57.969543
-57.952290
-58.023796
-58.011368
-58.014362
-58.086136
-58.056648
-58.161957
-58.163181
-58.146572
-58.206322
-58.286190
-58.275227
-58.289097
-58.360382
-58.260643
-58.395908
-58.386494
-58.542675
-58.349037
-58.395134
-58.674370
-58.563980
-58.541153
-58.555592
-58.727619
-58.696953
-58.709393
-58.731346
-58.861069
-58.784241
-58.851753
-58.910866
-59.015965
-58.896400
-59.033684
-59.075069
-59.085789
-59.145641
-59.184612
-59.177094
-59.254776
-59.295517
-59.366405
-59.436188
-59.509708
-59.477108
-59.535789
-59.687828
-59.646248
-59.706017
-59.749828
-59.821793
-59.859715
-59.892536
-59.914589
-60.026699
-59.999718
-59.931862
-60.052937
-60.166302
-60.202774
-60.206818
-60.256901
-60.291878
-60.441681
-60.348492
-60.332230
-60.446014
-60.601223
-60.514832
-60.489697
-60.632980
-60.570690
-60.516087
-60.635372
-60.801006
-60.664230
-60.619507
-60.785110
-60.793251
-60.849892
-60.747955
-60.802479
-60.908127
-60.948177
-60.899338
-60.927307
-60.944912
-60.987717
-61.039474
-61.012897
-61.003056
-61.089291
-61.057087
-60.992298
-61.019020
-61.057213
-60.996689
-60.986195
-61.032410
-61.058697
-60.985287
-60.887169
-61.039825
-60.906235
-60.889225
-60.799149
-60.879662
-60.895973
-60.864429
-60.749989
-60.761517
-60.724426
-60.682014
-60.561020
-60.673527
-60.644920
-60.642143
-60.441601
-60.404976
-60.428215
-60.367527
-60.303188
-60.161572
-60.098644
-60.227558
-60.070435
-60.002537
-59.924789
-59.922455
-59.863651
-59.607883
-59.596252
-59.676201
-59.502613
-59.492069
-59.344959
-59.351021
-59.220356
-59.207600
-59.112297
-59.098377
-59.088581
-59.040630
-58.928791
-58.807957
-58.755985
-58.684280
-58.867344
-58.716053
-58.507950
-58.383396
-58.399307
-58.486134
-58.100021
-58.131561
-58.171993
-57.975487
-57.753284
-57.775303
-57.684879
-57.468517
-57.406898
-57.341106
-57.478970
-57.343533
-57.336678
-57.489567
-57.312222
-56.998600
-57.109310
-57.087086
-56.997616
-57.054436
-57.138554
-57.206253
-57.241215
-57.139362
-56.895737
-57.191158
-57.196133
-57.199116
-57.093323
-57.121342
-57.256775
-57.027565
-56.888393
-56.796108
-56.796635
-56.820160
-56.934483
-57.011791
-56.881931
-56.969139
-56.865662
-56.898792
-56.952343
-57.120918
-57.155807
-57.229275
-57.242161
-57.183762
-57.417770
-57.351780
-57.232147
-57.141296
-57.322937
-57.281364
-57.301117
-57.455421
-57.355927
-57.371338
-57.294086
-57.519119
-57.547752
-57.532669
-57.555637
-57.500568
-57.430061
-57.430424
-57.533989
-57.400055
-57.543789
-57.215477
-57.171322
-57.226765
-57.397015
-57.230595
-57.106712
-57.154541
-57.308990
-57.558086
-57.518478
-57.518017
-57.640202
-57.520660
-57.483410
-57.594055
-57.702927
-57.581509
-57.553703
-57.705391
-57.386391
-57.276283
-57.396313
-57.505669
-57.494167
-57.510963
-57.630444
-57.464310
-57.561897
-57.605869
-57.562683
-57.471703
-57.628696
-57.509525
-57.426319
-57.500172
-57.572777
-57.449577
-57.339821
-57.350834
-57.184788
-57.254993
-57.332203
-57.353275
-57.256317
-57.277237
-57.324699
-57.138702
-57.161964
-57.259762
-57.193233
-57.074440
-57.145802
-57.199017
-57.044079
-57.079426
-57.020161
-56.968769
-56.907349
-56.936474
-57.012459
-56.869034
-57.003017
-56.976421
-56.872414
-56.975521
-57.011356
-56.882080
-56.779301
-57.039242
-56.831497
-56.751842
-56.844978
-56.846115
-56.682915
-56.600277
-56.872547
-56.636742
-56.623943
-56.599354
-56.607445
-56.689690
-56.811005
-56.618565
-56.588482
-56.756638
-56.777519
-56.677361
-56.710815
-56.707588
-56.801441
-56.773048
-56.740021
-56.736492
-56.790878
-56.659672
-56.526176
-56.689690
-56.742516
-56.618500
-56.608559
-56.733433
-56.771255
-56.854801
-56.805641
-56.753593
-56.622810
-56.834805
-56.943314
-57.005322
-56.973248
-56.836014
-56.838703
-56.905842
-57.038307
-56.893745
-56.970882
-56.975464
-56.839241
-56.860168
-56.999683
-56.925560
-56.835117
-56.897793
-56.855797
-56.829384
-56.779583
-56.819599
-56.836040
-56.767780
-56.866913
-56.861740
-56.758186
-56.723434
-56.807739
-56.779762
-56.749222
-56.814812
-56.767166
-56.723507
-56.717731
-56.772560
-56.656647
-56.455276
-56.708725
-56.735874
-56.628456
-56.627426
-56.618557
-56.537018
-56.500145
-56.485405
-56.425701
-56.504307
-56.556217
-56.492699
-56.389820
-56.533733
-56.448059
-56.391438
-56.438889
-56.437141
-56.446049
-56.405674
-56.432449
-56.411572
-56.396168
-56.367161
-56.294685
-56.346279
-56.151180
-56.256996
-56.277863
-56.248024
-56.251640
-56.193584
-56.152515
-56.104500
-56.271553
-56.171070
-56.050411
-56.062714
-56.129181
-56.010983
-55.962132
-56.124622
-56.005383
-55.785694
-55.883846
-55.780682
-55.810188
-55.869473
-55.693493
-55.654865
-55.644444
-55.711151
-55.610851
-55.493896
-55.573284
-55.471851
-55.316967
-55.438168
-55.416702
-55.168385
-55.159771
-55.317104
-55.221287
-55.086441
-55.010902
-54.923641
-54.941166
-55.014114
-54.819031
-54.802231
-54.801117
-54.685638
-54.610943
-54.619308
-54.695442
-54.452473
-54.356644
-54.368526
-54.339340
-54.269756
-54.195309
-54.166870
-53.986420
-53.991272
-53.917099
-53.864529
-53.749294
-53.689198
-53.702465
-53.473103
-53.474739
-53.348751
-53.385231
-53.188454
-53.171108
-53.100792
-53.077980
-52.863270
-52.885311
-52.887810
-52.714371
-52.709274
-52.549328
-52.502472
-52.484364
-52.280853
-52.305717
-52.296165
-52.110237
-51.890285
-51.987595
-51.984367
-51.652569
-51.628490
-51.553127
-51.620800
-51.271767
-51.193981
-51.184040
-51.105637
-51.005970
-50.750183
-50.795235
-50.629723
-50.554710
-50.453903
-50.345299
-50.196888
-50.160912
-50.045879
-49.933861
-49.876358
-49.775150
-49.733810
-49.544086
-49.564388
-49.528374
-49.354481
-49.249798
-49.199989
-49.307468
-49.111320
-49.007320
-48.914291
-48.945808
-49.041069
-48.776150
-48.823830
-48.677780
-48.750900
-48.620888
-48.578400
-48.568798
-48.487938
-48.558372
-48.358986
-48.363750
-48.330776
-48.291241
-48.195351
-48.171768
-48.237804
-47.911736
-47.928658
-48.022694
-48.000042
-47.930763
-47.782127
-47.869587
-47.803150
-47.833698
-47.747509
-47.721188
-47.694519
-47.655830
-47.712334
-47.664360
-47.586578
-47.545654
-47.492950
-47.536537
-47.504852
-47.428963
-47.501556
-47.510979
-47.442230
-47.388588
-47.444405
-47.442574
-47.557381
-47.423496
-47.482117
-47.449116
-47.443581
-47.453392
-47.426533
-47.557968
-47.406284
-47.518967
-47.540329
-47.656574
-47.608952
-47.714123
-47.657845
-47.743580
-47.714485
-47.837452
-47.995338
-48.000092
-47.872738
-47.823189
-47.971909
-47.946484
-47.855724
-47.882122
-47.918854
-47.946445
-47.702595
-47.578789
-47.606174
-47.543903
-47.465076
-47.351025
-47.499439
-47.393497
-47.145958
-47.186893
-47.235695
-47.265835
-47.116112
-47.100399
-47.092579
-47.074814
-47.131172
-47.020260
-46.960270
-46.781746
-46.816902
-46.643406
-46.568115
-46.566299
-46.339710
-46.260597
-46.306618
-46.229385
-46.103611
-46.085426
-46.028141
-45.932079
-45.888962
-45.912598
-45.733677
-45.662422
-45.774368
-45.486271
-45.400974
-45.436646
-45.340679
-45.207058
-45.226742
-45.090363
-44.917114
-44.889759
-44.772110
-44.681522
-44.489506
-44.332848
-44.291328
-44.316372
-44.143749
-43.886673
-43.904026
-43.803589
-43.615353
-43.552437
-43.456810
-43.247551
-43.047600
-42.959549
-42.670616
-42.506039
-42.559341
-42.382366
-42.145821
-42.089703
-41.961418
-41.863449
-41.811138
-41.839939
-41.635658
-41.632763
-41.642906
-41.546970
-41.433899
-41.626854
-41.569275
-41.295177
-41.435257
-41.489216
-41.285877
-41.157707
-41.311108
-41.212967
-41.150227
-41.246933
-41.337513
-41.240269
-41.282082
-41.060463
-40.845364
-40.717529
-40.754116
-40.565941
-40.233116
-40.113586
-40.118542
-40.209148
-40.155495
-40.214455
-39.874466
-40.072990
-40.290558
-40.204990
-39.836887
-39.682491
-39.541264
-39.504429
-39.765717
-39.755474
-39.642223
-39.504078
-39.684116
-39.743568
-39.909901
-39.886253
-39.880184
-40.114204
-39.828785
-39.914398
-39.906132
-39.903503
-39.793301
-40.009144
-40.041054
-39.812687
-39.840694
-40.027523
-39.887493
-39.758518
-40.160454
-40.261703
-40.138443
-40.272060
-39.964111
-40.030556
-40.013535
-40.081451
-40.036743
-40.194576
-39.871609
-39.489201
-39.282715
-39.356590
-39.389782
-39.355850
-39.310787
-38.994118
-38.980000
-39.199127
-38.971718
-38.723972
-38.640259
-38.803471
-38.836288
-38.957275
-39.201454
-39.222832
-39.252995
-39.325474
-39.424252
-39.410686
-39.478947
-39.624283
-39.777382
-39.857231
-39.952553
-39.982044
-39.728142
-39.684273
-39.861851
-40.112289
-39.951496
-39.927483
-39.972198
-39.906326
-39.832985
-40.095448
-40.258617
-40.523170
-40.561848
-40.667938
-40.410416
-40.422337
-40.116959
-40.037472
-39.842255
-40.040871
-39.953331
-39.706268
-39.550377
-39.162663
-38.996597
-38.919289
-38.919407
-38.700684
-38.757790
-38.559147
-38.106930
-38.028973
-37.776688
-37.724239
-37.725044
-37.566967
-37.116398
-36.831268
-36.936966
-36.962971
-36.985786
-36.849079
-36.576206
-36.280388
-36.053238
-35.994595
-35.834801
-35.719467
-35.545605
-35.566555
-35.531677
-35.683350
-35.688007
-35.426392
-35.278858
-35.426975
-35.411560
-35.461117
-35.714691
-35.640682
-35.423531
-35.457386
-35.435505
-35.489704
-35.310200
-35.303116
-35.271008
-35.481186
-35.765381
-35.357346
-35.205559
-35.200726
-35.237545
-35.199577
-35.613499
-35.853344
-35.569115
-35.379848
-35.833504
-35.987942
-35.843872
-35.883236
-36.011456
-35.710678
-35.905457
-36.133915
-35.882969
-35.456951
-35.195240
-35.347103
-35.324203
-35.427757
-35.252274
-35.199982
-35.276676
-35.456486
-35.299118
-35.385426
-35.636497
-35.416000
-35.352745
-35.426243
-35.539272
-35.305119
-35.154854
-35.204464
-35.322521
-35.432671
-35.294834
-35.588623
-35.680649
-36.215786
-36.365185
-36.453308
-36.697754
-36.752369
-36.720356
-36.879929
-37.234718
-37.187656
-36.898582
-36.789391
-36.827015
-36.851036
-36.564308
-36.410561
-36.571621
-36.589146
-36.529808
-36.212757
-36.305943
-36.418892
-36.525433
-36.752953
-36.898041
-36.970921
-36.698788
-36.938141
-37.063164
-37.016685
-36.699238
-36.616009
-36.383255
-36.460907
-36.565979
-36.825371
-36.655746
-36.289215
-36.423420
-36.591583
-36.727230
-36.628410
-36.554192
-36.459778
-36.354145
-36.371700
-36.241753
-36.177166
-36.089653
-35.949543
-36.130814
-36.265961
-36.397243
-36.159214
-36.016308
-36.018177
-36.222759
-36.329906
-36.289143
-36.143215
-36.083572
-36.303375
-36.347759
-36.205608
-36.069740
-36.075096
-36.078014
-36.197197
-36.365459
-36.616356
-36.238159
-36.251060
-36.270203
-36.539925
-36.475685
-36.652180
-37.046562
-37.279129
-36.986359
-36.876785
-37.074898
-37.055122
-36.863285
-37.065224
-37.179333
-36.760780
-36.662872
-36.667755
-36.569405
-36.290905
-36.489635
-36.712269
-36.481556
-36.324493
-36.329288
-36.484444
-36.622013
-36.792171
-36.670643
-36.704998
-36.760124
-36.833057
-36.700237
-36.724590
-36.574131
-36.507645
-36.396717
-36.594677
-36.590355
-36.513332
-36.487419
-36.319679
-35.917072
-35.920853
-36.158417
-36.107841
-36.260456
-36.197186
-36.133335
-35.911667
-36.064716
-36.028393
-35.936554
-35.905499
-36.005970
-36.368328
-36.588562
-36.684086
-36.799877
-36.837215
-36.605659
-36.563210
-36.729630
-36.945621
-37.193626
-36.994648
-36.476421
-36.380001
-36.452301
-36.424744
-36.410358
-36.504173
-36.750694
-36.793392
-36.790791
-36.880394
-36.628342
-36.633759
-36.567814
-36.875359
-36.904118
-36.919067
-36.666809
-36.552200
-36.310955
-36.351196
-36.322826
-36.152176
-36.083958
-36.444771
-36.406456
-36.584881
-36.731487
-36.782372
-36.599915
-36.516010
-36.687618
-36.871574
-37.159882
-36.953926
-36.894871
-37.061485
-36.750668
-36.652775
-36.621006
-36.705070
-36.513241
-36.785896
-36.625023
-36.505665
-36.482578
-36.483196
-36.304745
-36.386608
-36.396183
-36.099445
-36.310562
-36.419914
-36.263851
-35.978687
-35.973457
-36.066536
-36.013149
-35.917717
-36.080315
-36.375263
-36.032722
-35.904736
-35.920628
-36.007412
-35.735538
-35.700813
-35.628468
-35.678635
-35.632557
-35.631397
-35.447552
-35.496193
-35.568390
-35.539078
-35.592018
-35.577133
-35.655682
-35.455116
-35.558849
-35.565224
-35.538067
-35.359287
-35.219318
-35.368996
-35.360790
-35.234310
-35.040524
-35.258316
-35.232899
-35.189335
-35.211861
-35.313766
-35.165947
-35.173615
-35.307480
-35.276131
-35.254192
-35.113617
-35.035851
-35.001144
-35.029274
-34.895863
-34.968296
-34.782188
-34.806973
-34.747860
-34.813053
-34.862202
-34.793976
-34.678280
-34.696194
-34.981926
-35.027138
-34.720226
-34.776184
-34.880772
-34.876698
-34.751617
-34.809158
-34.959843
-34.484863
-34.671890
-34.948681
-35.034546
-34.989899
-35.033264
-34.736824
-34.610245
-34.864670
-35.040718
-35.006367
-35.000240
-34.805767
-34.728947
-35.021313
-35.002956
-35.038094
-34.978909
-34.952160
-34.920551
-35.101597
-35.233322
-34.848278
-34.786575
-34.956276
-35.062084
-34.956730
-35.040367
-34.995934
-34.772758
-34.683270
-34.772240
-34.929100
-34.762497
-34.646305
-34.830070
-34.910362
-35.116428
-34.788509
-34.760857
-34.715595
-34.903812
-34.871246
-34.908062
-34.955799
-34.935562
-34.909595
-34.680901
-34.830803
-34.752457
-34.770718
-34.790428
-34.863895
-34.778790
-34.674313
-34.746082
-34.694481
-34.638729
-34.587997
-34.548141
-34.471836
-34.558079
-34.527836
-34.320026
-34.332718
-34.300293
-33.929710
-34.012966
-33.926193
-33.879135
-33.673611
-33.867764
-33.827038
-33.601337
-33.511173
-33.544483
-33.497597
-33.346745
-33.298611
-33.309696
-33.205536
-33.162487
-33.050758
-33.286015
-33.337799
-33.241028
-33.135620
-33.181305
-33.476173
-33.376728
-33.365608
-33.549763
-33.721653
-33.546192
-33.519299
-33.697197
-33.597069
-33.593891
-33.420879
-33.587200
-33.623150
-33.752598
-33.481232
-33.579494
-33.750179
-33.754509
-33.621284
-33.542683
-33.698505
-33.759026
-33.848118
-33.800884
-33.950054
-33.914299
-33.849655
-33.691830
-33.825752
-33.893524
-33.926987
-33.801605
-33.853981
-33.871216
-33.804905
-33.730614
-33.771839
-33.936089
-33.884773
-33.852135
-34.099194
-34.058834
-34.079166
-34.167728
-34.116280
-34.093433
-34.144150
-34.432091
-34.427086
-34.463806
-34.443737
-34.546646
-34.413658
-34.380547
-34.589428
-34.407738
-34.276604
-34.209766
-34.450581
-34.272808
-34.098400
-34.078445
-34.165424
-34.289158
-34.110714
-34.083000
-34.153965
-34.234367
-34.070354
-34.132732
-34.199677
-34.341881
-34.357746
-34.325359
-34.414291
-34.451195
-34.476070
-34.356525
-34.417004
-34.616646
-34.462967
-34.586102
-34.802315
-34.838772
-34.547611
-34.465408
-34.417080
-34.478226
-34.825939
-34.642399
-34.676517
-34.620136
-34.630409
-34.583260
-34.542793
-34.575855
-34.658569
-34.469025
-34.540886
-34.669216
-34.544979
-34.480732
-34.460468
-34.472263
-34.292240
-34.108799
-34.368675
-34.388950
-34.451694
-34.299866
-34.300446
-34.327480
-34.066063
-34.153561
-34.369026
-34.634567
-34.489838
-34.154243
-34.022537
-34.064556
-34.223270
-34.154011
-34.426151
-34.354477
-34.390278
-34.069771
-34.216640
-34.161167
-34.333954
-34.160378
-34.088341
-34.360298
-34.247128
-34.309219
-34.061760
-34.284172
-34.134598
-34.271469
-34.277428
-34.396751
-34.354473
-34.371655
-34.633324
-34.563675
-34.635681
-34.628609
-34.601246
-34.712528
-34.889011
-34.833218
-34.782806
-34.860886
-34.820934
-34.803707
-34.764118
-34.770245
-34.711506
-34.739185
-34.822086
-34.763756
-34.866879
-34.730221
-34.635746
-34.575954
-34.530804
-34.500969
-34.380856
-34.324093
-34.256554
-34.017910
-34.113163
-34.052631
-33.893349
-33.798691
-33.838863
-33.816204
-33.875984
-33.973938
-34.201130
-34.311638
-34.294514
-34.167828
-34.351391
-34.626560
-34.679470
-34.699795
-34.799805
-34.794754
-34.865688
-34.751747
-34.589798
-34.639111
-34.776573
-34.665764
-34.551857
-34.867466
-34.850937
-34.586430
-34.634979
-34.889610
-34.876675
-34.739540
-34.777088
-34.907307
-34.965012
-34.737595
-34.684612
-34.838997
-34.804424
-34.589531
-34.513103
-34.820351
-34.774784
-34.394150
-34.450294
-34.678272
-34.321388
-34.130871
-34.298496
-34.361748
-34.037975
-33.918655
-34.111805
-34.282932
-34.281509
-34.368103
-34.435928
-34.649849
-34.532063
-34.303638
-34.347549
-34.723812
-34.606655
-34.572891
-34.396481
-34.570667
-34.284767
-34.197124
-34.017441
-34.033218
-34.044830
-34.160202
-34.024162
-33.887623
-33.779007
-33.545139
-33.714367
-33.654144
-33.761219
-33.616966
-33.679718
-33.599525
-33.546719
-33.490559
-33.224033
-33.166599
-33.071651
-33.284569
-33.371956
-33.384022
-33.190243
-33.229580
-33.177067
-33.178707
-33.113918
-33.217216
-33.088947
-33.005104
-33.206802
-33.390457
-33.188942
-33.035423
-32.844231
-32.994625
-33.036953
-32.966492
-32.941139
-32.950409
-33.017799
-32.946198
-32.876980
-32.963570
-33.031532
-32.760487
-32.854767
-33.071316
-33.291412
-33.112705
-32.846554
-32.886150
-32.939613
-33.055637
-33.216988
-33.282715
-33.141582
-33.100761
-33.199238
-33.159840
-32.985397
-33.296207
-33.478699
-33.614960
-33.543995
-33.546562
-33.362713
-33.376549
-33.621368
-33.668770
-33.652782
-33.510571
-33.555168
-33.495781
-33.527885
-33.442055
-33.384689
-33.444294
-33.373219
-33.674961
-33.616096
-33.692997
-33.645103
-33.665390
-33.520947
-33.627602
-33.849022
-33.835186
-33.606102
-33.600513
-33.822620
-33.748589
-33.562420
-33.415462
-33.736813
-33.698513
-33.773819
-33.751808
-33.723564
-33.595238
-33.751469
-33.767296
-33.734131
-33.821266
-33.693863
-33.833000
-33.995720
-34.077583
-33.913063
-33.916756
-33.885487
-33.873707
-34.058823
-34.159725
-34.237732
-34.160778
-34.251160
-34.103218
-34.304832
-34.200493
-34.147556
-34.109184
-34.293514
-34.334488
-34.164356
-34.184307
-34.282845
-34.352188
-34.233849
-34.279877
-34.384087
-34.406170
-34.164680
-34.221786
-34.379303
-34.488625
-34.128048
-34.186348
-34.265087
-34.350056
-34.187145
-34.298809
-34.222305
-34.300148
-34.227280
-34.278679
-34.278088
-34.505840
-34.530323
-34.387245
-34.386589
-34.367970
-34.528393
-34.475418
-34.415573
-34.603493
-34.697350
-34.602486
-34.449993
-34.481552
-34.520679
-34.694420
-34.528610
-34.749989
-34.735703
-34.749878
-34.670345
-34.616745
-34.668697
-34.787495
-34.669533
-34.763016
-34.829243
-34.811081
-34.706848
-34.775043
-34.675797
-34.728416
-34.656849
-34.640633
-34.712708
-34.807938
-34.676403
-34.729996
-34.790829
-34.808704
-34.695889
-34.818268
-34.826241
-34.811577
-34.678806
-34.514591
-34.717869
-34.915695
-34.651958
-34.577419
-34.774063
-34.787094
-34.612789
-34.723972
-34.899704
-34.917122
-34.826920
-34.781509
-34.787304
-34.839863
-34.834595
-34.737972
-34.889763
-34.815403
-34.732632
-34.744720
-34.911819
-34.908485
-34.779919
-34.833973
-34.894150
-34.862213
-34.668983
-34.857292
-34.986839
-34.912457
-34.705479
-34.570072
-34.819473
-34.754948
-34.771862
-34.614464
-34.752998
-34.611244
-34.706413
-34.632343
-34.646828
-34.608356
-34.650433
-34.572048
-34.635639
-34.557682
-34.630753
-34.601334
-34.735435
-34.603653
-34.580959
-34.580353
-34.544292
-34.581764
-34.599224
-34.639126
-34.681160
-34.518894
-34.499023
-34.574089
-34.594967
-34.572098
-34.491692
-34.539219
-34.535576
-34.547169
-34.542629
-34.555336
-34.561562
-34.523830
-34.495724
-34.442871
-34.464931
-34.596199
-34.639225
-34.502747
-34.452553
-34.610168
-34.431095
-34.505863
-34.402290
-34.557343
-34.497475
-34.598206
-34.464485
-34.434559
-34.658386
-34.516666
-34.508423
-34.453674
-34.523914
-34.457577
-34.575233
-34.657001
-34.546890
-34.576347
-34.469757
-34.623856
-34.452991
-34.661659
-34.433250
-34.495525
-34.550114
-34.628784
-34.515671
-34.446903
-34.605106
-34.623749
-34.476616
-34.517597
-34.555527
-34.603252
-34.533951
-34.485336
-34.559948
-34.685043
-34.486401
-34.492798
-34.619881
-34.609932
-34.583172
-34.426445
-34.645596
-34.571728
-34.613834
-34.609982
-34.602932
-34.578922
-34.605057
-34.602196
-34.615055
-34.615047
-34.526173
-34.655437
-34.670139
-34.595955
-34.557064
-34.618568
-34.694160
-34.629204
-34.600643
-34.652336
-34.751560
-34.709423
-34.653831
-34.630638
-34.781326
-34.751774
-34.715244
-34.634918
-34.740784
-34.901550
-34.760788
-34.740486
-34.766716
-34.818737
-34.657181
-34.896015
-34.818085
-34.707733
-34.870674
-34.968445
-34.824745
-34.822674
-34.917179
-34.971405
-34.789696
-34.879135
-34.913212
-34.999531
-34.872402
-34.992699
-34.979393
-35.031250
-34.971058
-34.888302
-35.085773
-34.992176
-35.158180
-35.045383
-34.998112
-35.061909
-35.105701
