Az       (ft/s^2)
-39.096371
-39.141670
-39.243626
-39.289295
-39.249802
-39.240612
-39.279335
-39.297768
-39.347778
-39.558334
-39.459045
-39.501778
-39.364269
-39.525940
-39.594913
-39.714844
-39.462399
-39.575684
-39.734444
-39.657295
-39.790653
-39.602024
-39.752209
-39.642845
-39.700687
-39.910286
-39.962872
-39.870594
-39.526520
-39.856274
-40.075420
-39.885540
-39.791668
-39.945995
-40.072578
-39.955364
-39.911301
-39.815289
-40.022503
-39.976513
-39.767220
-39.861664
-40.301991
-39.842045
-39.866596
-39.953659
-40.043812
-39.945873
-39.875713
-39.834785
-39.914040
-39.855030
-39.878902
-39.810341
-39.722504
-39.810184
-39.645084
-39.788738
-39.815723
-39.667023
-39.720592
-39.635532
-39.644970
-39.830849
-39.717480
-39.708191
-39.673824
-39.602154
-39.625523
-39.539265
-39.690800
-39.521889
-39.653332
-39.480541
-39.688477
-39.457584
-39.282047
-39.662785
-39.399460
-39.483231
-39.404484
-39.569992
-39.417263
-39.455956
-39.432995
-39.386616
-39.371330
-39.341862
-39.413589
-39.368500
-39.424473
-39.411209
-39.386158
-39.201328
-39.273155
-39.293312
-39.218620
-39.217834
-39.286263
-39.385998
-38.993252
-39.310829
-39.326202
-39.288841
-39.222694
-39.394722
-39.575260
-39.592976
-39.317120
-39.642151
-39.638954
-39.474323
-39.566338
-39.636955
-39.705872
-39.598331
-39.716648
-39.717957
-39.801254
-39.581444
-39.720867
-39.908619
-39.835979
-39.862141
-39.929054
-39.637146
-39.923000
-40.129799
-40.316456
-40.065613
-39.876526
-39.784374
-39.982712
-40.307743
-40.144745
-40.161335
-39.973053
-40.136219
-40.520206
-40.539024
-40.466122
-40.411465
-40.724415
-40.896278
-40.965481
-40.967724
-40.542011
-40.147270
-39.656414
-39.468578
-39.874390
-39.663006
-39.537273
-40.068493
-39.972179
-39.246426
-39.513615
-40.223873
-41.131172
-41.224449
-41.156773
-40.458931
-40.324196
-40.493561
-40.586720
-41.331150
-41.406445
-41.309345
-41.471760
-41.162197
-41.191391
-41.047672
-40.893185
-41.243443
-42.126610
-43.407990
-43.703644
-42.558678
-41.829914
-41.794762
-41.880753
-42.348763
-41.830944
-40.703655
-40.279991
-40.507233
-39.993523
-39.826817
-39.438931
-39.734543
-40.670242
-41.500465
-41.479954
-41.347683
-41.491726
-40.738358
-40.948799
-41.044682
-40.640659
-40.121689
-40.298714
-40.239281
-39.999016
-39.995605
-40.339943
-40.942158
-40.801579
-40.931408
-41.075813
-41.613506
-41.824928
-41.799835
-42.005524
-41.372337
-42.267765
-41.636639
-41.444618
-41.301918
-41.549648
-41.507252
-41.046894
-41.705090
-41.474243
-41.390133
-41.189838
-41.345268
-41.823513
-41.461636
-41.653534
-41.813965
-41.879204
-41.873684
-41.771797
-41.578297
-41.552086
-41.266277
-41.641617
-41.548386
-41.360687
-40.994621
-41.023834
-40.689724
-40.513973
-40.299889
-40.816742
-41.355751
-41.342194
-40.732399
-40.962952
-41.526337
-41.706818
-41.794464
-42.030560
-42.562691
-41.909504
-42.124889
-42.754993
-43.136765
-43.209797
-43.122341
-43.580582
-43.452110
-43.198284
-43.981888
-43.947380
-45.047661
-44.666668
-44.743042
-44.395721
-43.922855
-43.757919
-43.736916
-43.832882
-44.439373
-45.093254
-44.901516
-44.556992
-45.280769
-45.907463
-46.310432
-46.675289
-47.037525
-47.634609
-48.049046
-47.945202
-47.667545
-47.762924
-48.082096
-47.988041
-48.537285
-48.886982
-49.154682
-49.688770
-49.781166
-50.061729
-50.310703
-50.284607
-50.834885
-51.457138
-51.573597
-51.532150
-51.475311
-51.179527
-51.362301
-51.851120
-51.684563
-51.773865
-52.309036
-51.223331
-51.535278
-51.316193
-51.186764
-50.969955
-51.100105
-51.450142
-51.650753
-51.997375
-50.876240
-51.089386
-51.047745
-51.038639
-51.340469
-51.862995
-52.154865
-51.433929
-50.564903
-50.696350
-51.237671
-51.387978
-51.495499
-51.634460
-51.890953
-52.058052
-52.094330
-51.761868
-52.469688
-53.353634
-53.830898
-53.912518
-54.217552
-53.933765
-53.078888
-52.950619
-53.403950
-54.200779
-54.582073
-54.235344
-54.659576
-54.774620
-55.229099
-55.165565
-54.765820
-55.501091
-56.126503
-56.378803
-56.784458
-56.568222
-55.749092
-55.023655
-55.087059
-55.450157
-56.478302
-56.327236
-55.782055
-56.230518
-56.350548
-56.025177
-56.057896
-56.605316
-56.672169
-56.862675
-57.128098
-57.251259
-56.962418
-56.536617
-56.283737
-56.704514
-56.970371
-56.755653
-56.729309
-56.518211
-56.743546
-56.608292
-56.636082
-56.517380
-56.603680
-56.991638
-57.124050
-57.144600
-57.071152
-56.842800
-57.034691
-57.034485
-57.025169
-56.893982
-56.995438
-56.845959
-56.839584
-56.847721
-56.619766
-56.529842
-56.448288
-56.683273
-56.749435
-56.776302
-57.181454
-57.314270
-57.240051
-57.289139
-57.582176
-58.143230
-58.199177
-58.315094
-58.044636
-57.933853
-57.810413
-57.782516
-57.950951
-57.840065
-57.805206
-57.940002
-58.039742
-58.122513
-57.495808
-57.753284
-57.951843
-58.247662
-58.352421
-58.651608
-58.932388
-58.997223
-59.039509
-58.751350
-58.981319
-59.180534
-59.185883
-59.556358
-59.462406
-59.345947
-59.329273
-59.296921
-59.159492
-59.115147
-59.254272
-59.385387
-59.590759
-59.357899
-59.223328
-59.189651
-58.960312
-59.153824
-59.238998
-59.062752
-59.114620
-59.058033
-58.811184
-58.730034
-58.875126
-58.905224
-58.741867
-58.878960
-58.535904
-58.694267
-58.623749
-58.275063
-58.081829
-58.157818
-58.451069
-58.298977
-58.197456
-58.045753
-57.810341
-58.117016
-58.085766
-58.082615
-58.609707
-58.644821
-58.745678
-58.621307
-58.403736
-58.471771
-58.518620
-58.791443
-58.540031
-58.562386
-58.292492
-58.423630
-58.589355
-58.213379
-58.026592
-57.837101
-58.129002
-58.512226
-58.592010
-58.975315
-58.671684
-58.476185
-58.540054
-59.145397
-59.504349
-59.160267
-59.175858
-59.212818
-58.952648
-58.768024
-58.524513
-58.546391
-58.884289
-59.387310
-59.530525
-59.511349
-59.162842
-58.954472
-59.750126
-60.327171
-60.335571
-59.957005
-59.905201
-60.123768
-60.315891
-60.061272
-60.399368
-60.336548
-60.574730
-60.617908
-60.872665
-60.566090
-60.440182
-60.703636
-60.997406
-61.344456
-61.048626
-60.864887
-61.032475
-61.075935
-61.301113
-61.165619
-61.151306
-60.857918
-60.884373
-61.169209
-61.599106
-61.624634
-61.367550
-61.202034
-61.751442
-61.978188
-62.137794
-62.004589
-62.039410
-62.240723
-62.279598
-62.466393
-62.455135
-62.820534
-62.280937
-62.274193
-62.450897
-62.696732
-62.609440
-62.451233
-62.652157
-62.856468
-62.963825
-62.811020
-62.805943
-63.237312
-62.922127
-63.246105
-63.284664
-63.537170
-63.192627
-63.268433
-63.741936
-63.683769
-63.587742
-63.416309
-63.877533
-64.247620
-63.978146
-63.863728
-63.970680
-64.556885
-64.294052
-64.267403
-64.427109
-64.534805
-64.534706
-64.729042
-64.736923
-65.039345
-65.225571
-65.237480
-65.294014
-65.602631
-66.048080
-66.180267
-66.198204
-66.249344
-66.522369
-66.680801
-66.191360
-66.473289
-66.733055
-66.649445
-66.465431
-66.377335
-66.532593
-66.349251
-66.705116
-66.776871
-66.726021
-66.908768
-66.947800
-67.096634
-67.357010
-67.508492
-67.077759
-67.241982
-67.229706
-67.244995
-67.275620
-67.090729
-67.436890
-67.230598
-67.182632
-67.226227
-67.400597
-67.211418
-67.036270
-67.281876
-67.557686
-67.390945
-67.293510
-67.135078
-67.233765
-67.263474
-67.241821
-67.218216
-67.470238
-67.767113
-67.393410
-67.256821
-67.457726
-67.467644
-67.544617
-67.625351
-68.086807
-68.271492
-68.058754
-67.934952
-68.124855
-68.603767
-68.626183
-68.309608
-68.292191
-68.794250
-69.280930
-69.027611
-69.148369
-69.047287
-68.750984
-68.964104
-69.264473
-69.147453
-68.743553
-68.573975
-68.526588
-68.750587
-68.541611
-67.842720
-68.015564
-68.694313
-68.826271
-68.400673
-68.335228
-68.474991
-68.626297
-68.826584
-68.989082
-68.632950
-68.639603
-68.621201
-69.294212
-69.756317
-69.185600
-68.581894
-68.590797
-69.263947
-69.290863
-68.933502
-68.923431
-69.165176
-69.300827
-69.187813
-69.128387
-69.062218
-68.914047
-69.139305
-69.189201
-69.201096
-68.704369
-68.550072
-68.518669
-68.478821
-68.389206
-68.054375
-68.034088
-68.129219
-68.298767
-67.900368
-67.748024
-67.561798
-67.566292
-67.947990
-68.155304
-67.930313
-67.968315
-67.892349
-67.561531
-67.402618
-67.769577
-68.091560
-67.646935
-67.325218
-67.425888
-67.334435
-67.353935
-67.112961
-67.201843
-67.181313
-67.137260
-67.248993
-66.965195
-67.103287
-66.974144
-66.942192
-67.067368
-67.385635
-67.481689
-67.384460
-67.554207
-67.262413
-67.194397
-67.423759
-67.724472
-68.053734
-67.817139
-68.090279
-68.160400
-68.300629
-68.122322
-68.360001
-68.596054
-68.316956
-68.460602
-68.731102
-68.812180
-68.390877
-67.972908
-67.967674
-68.172722
-68.550011
-68.601692
-68.476799
-68.079170
-68.145004
-68.339836
-68.672836
-68.594025
-68.799934
-68.851006
-68.853065
-68.875488
-68.793571
-68.792725
-68.525734
-68.424339
-68.518356
-68.410118
-68.243210
-68.113564
-68.076004
-67.921150
-68.195122
-68.154846
-67.714081
-67.760536
-67.992172
-68.176064
-67.692703
-67.710815
-67.640549
-67.440865
-67.835396
-67.539063
-67.406273
-67.215508
-67.187538
-66.994125
-66.931549
-66.865891
-66.364990
-66.710251
-66.735741
-66.677925
-66.806816
-65.988747
-66.050636
-66.367538
-66.344040
-66.049355
-65.937607
-66.068253
-65.991035
-66.323051
-65.993423
-65.744484
-66.079086
-65.757248
-65.835869
-66.095779
-66.217247
-65.792854
-65.509918
-65.404152
-65.545616
-65.749176
-65.525040
-65.563675
-66.073143
-65.772530
-65.562149
-65.691147
-65.861877
-65.630005
-65.635872
-65.962677
-65.829414
-65.543861
-65.459335
-65.377121
-65.798332
-65.526222
-65.206146
-65.543922
-66.129486
-65.753471
-65.581985
-65.734520
-65.593597
-65.288109
-65.668205
-65.798721
-65.876053
-65.189255
-64.880669
-65.114098
-65.429909
-65.395866
-65.127968
-65.358383
-65.318344
-65.640404
-65.663597
-65.363083
-65.640541
-65.522919
-65.718590
-66.123558
-65.968430
-65.640800
-65.452347
-65.804192
-65.925949
-66.440872
-66.416245
-66.093399
-66.515244
-66.636734
-66.518219
-66.472046
-66.219238
-66.079041
-66.096794
-66.198738
-66.285736
-66.016869
-65.959335
-65.511353
-65.804245
-65.721725
-65.647568
-65.655609
-65.634178
-65.910126
-65.434807
-65.610100
-65.537712
-65.662979
-65.796875
-65.463821
-65.834846
-65.740265
-65.750488
-65.639786
-65.645409
-65.900551
-66.129379
-66.032356
-65.876427
-65.946312
-66.037613
-65.789436
-65.912903
-65.802818
-65.532059
-65.407852
-65.086403
-65.331001
-65.360840
-65.401001
-65.093033
-65.053703
-65.100388
-65.267578
-65.179550
-65.304123
-65.195305
-65.527718
-65.663414
-65.743538
-65.918526
-65.671776
-65.460709
-65.488350
-65.667465
-65.657158
-66.129189
-66.467216
-66.261650
-66.404121
-66.146812
-66.266617
-66.157692
-66.528786
-66.745148
-66.814186
-66.727341
-66.391800
-66.612976
-66.453529
-65.846062
-65.950729
-66.143501
-66.287598
-66.405891
-66.228577
-66.078758
-65.939041
-66.099602
-66.041656
-65.861084
-66.081963
-66.145935
-66.180367
-66.129234
-66.221245
-65.992844
-65.704887
-65.880318
-66.140457
-66.260857
-65.952820
-66.104362
-66.612450
-66.096451
-66.012169
-66.186096
-66.482086
-66.517891
-66.418304
-66.624527
-66.520096
-66.422447
-66.271065
-66.395874
-66.567131
-66.376396
-66.332634
-66.398254
-66.232307
-66.410706
-66.284058
-66.526993
-66.601440
-66.764397
-66.725845
-66.521126
-66.591797
-66.415886
-66.403099
-66.443970
-66.569901
-66.497528
-66.067253
-66.219254
-66.113152
-66.149803
-66.332809
-65.794304
-65.943352
-65.829018
-65.773903
-65.371933
-65.599663
-65.478439
-65.087708
-65.007416
-64.814606
-64.739723
-64.785545
-64.784363
-64.730438
-64.525322
-64.482704
-64.613144
-64.903740
-65.158051
-65.232796
-65.147293
-65.452835
-65.442513
-65.805565
-65.828049
-66.243973
-66.315422
-66.580017
-66.854218
-66.817711
-66.705696
-66.744499
-66.950203
-67.136398
-67.031296
-67.081116
-67.015892
-66.829155
-66.722084
-66.921692
-67.100647
-67.086288
-66.939545
-66.999390
-66.993355
-67.049950
-66.529030
-66.334900
-66.087311
-66.328735
-66.123558
-65.412766
-65.099899
-64.915581
-64.590256
-64.469749
-64.420929
-64.655205
-64.466232
-64.693810
-64.668839
-64.955482
-65.224930
-65.432816
-65.346237
-65.350250
-65.415131
-65.470863
-64.933525
-64.768082
-64.307030
-64.157440
-64.054115
-63.564293
-62.897289
-62.243046
-62.125664
-62.221642
-62.507706
-62.955246
-62.883675
-63.005360
-63.107239
-63.190708
-63.551418
-63.419147
-63.255653
-63.611012
-63.993347
-63.849518
-63.558842
-63.650333
-63.614410
-64.093246
-64.392281
-64.581535
-64.935326
-64.859818
-64.894882
-65.104950
-64.746590
-63.889172
-63.385128
-62.972443
-62.545544
-62.688976
-62.091187
-61.473595
-60.735779
-60.632664
-60.771332
-61.242531
-61.339836
-61.219345
-61.346321
-61.866768
-61.940216
-62.060638
-62.528965
-62.250805
-62.411724
-62.579670
-62.657558
-62.447460
-62.082245
-62.034645
-62.568577
-62.754574
-62.511227
-62.191650
-63.107285
-63.449852
-63.041134
-62.642048
-62.492023
-62.794846
-62.683258
-62.797348
-62.553844
-62.588886
-62.256653
-61.693981
-61.419025
-61.099442
-61.194359
-61.424065
-61.515511
-61.340729
-61.148869
-60.470219
-60.216526
-60.261307
-60.298965
-60.704723
-60.256596
-59.950726
-60.003860
-60.654449
-60.771870
-60.317581
-59.575359
-59.311424
-60.138901
-60.326118
-60.236645
-59.961876
-59.667702
-59.324692
-59.501450
-59.310593
-59.079861
-59.406265
-59.882195
-60.603924
-60.478191
-60.186695
-59.676285
-59.569099
-59.623981
-59.616978
-59.795979
-59.765686
-59.632805
-59.747391
-59.813904
-59.750423
-59.469124
-59.098686
-59.439362
-59.976818
-60.472717
-59.972313
-59.977680
-60.100578
-60.153095
-59.938126
-60.044411
-59.819614
-59.822170
-60.121326
-60.094482
-60.447124
-60.079090
-60.038975
-60.245537
-60.858574
-60.226269
-59.732334
-60.042477
-59.961075
-59.627289
-59.580776
-59.393322
-58.818775
-58.218128
-58.158905
-59.313606
-59.890480
-58.937496
-58.518791
-59.115231
-59.353806
-58.906628
-59.548622
-59.445110
-58.308620
-57.713989
-57.941364
-58.809124
-58.495407
-57.519421
-57.122852
-57.896721
-58.459625
-58.262566
-58.320499
-58.685535
-58.898777
-59.171875
-59.163528
-58.923687
-58.729206
-58.146633
-58.313156
-58.756443
-58.793308
-58.163418
-58.022038
-58.214600
-58.193810
-58.165836
-58.244228
-58.067894
-58.381340
-58.629982
-58.626110
-58.383087
-57.911491
-57.425827
-57.390507
-58.051525
-58.126724
-57.559864
-57.544346
-57.564514
-57.536736
-57.645882
-57.893894
-58.259029
-58.243999
-58.476711
-58.647243
-58.702579
-58.607731
-58.411095
-58.443054
-58.424580
-58.661152
-58.360683
-58.275776
-58.264915
-58.350769
-58.339878
-58.338596
-58.506264
-58.394970
-58.498707
-58.424656
-58.518875
-58.396137
-58.113468
-58.232979
-58.168812
-58.281925
-58.065056
-58.087086
-57.992157
-57.852898
-57.927280
-58.015713
-58.097271
-57.993179
-58.232044
-58.198818
-58.030064
-57.920269
-57.888508
-57.970596
-58.012562
-57.890469
-57.913918
-57.944836
-57.820919
-57.666809
-57.814693
-57.831684
-57.751755
-57.839798
-57.619198
-57.773193
-57.787823
-57.772160
-57.475422
-57.731571
-57.587673
-57.470844
-57.487717
-57.548233
-57.600189
-57.369949
-57.495522
-57.476917
-57.540398
-57.355545
-57.431850
-57.437283
-57.331146
-57.467644
-57.583092
-57.522499
-57.298515
-57.339783
-57.539581
-57.472755
-57.481567
-57.322292
-57.488335
-57.389977
-57.512794
-57.404087
-57.583660
-57.524426
-57.353569
-57.486584
-57.538071
-57.597851
-57.730965
-57.763641
-57.539482
-57.783295
-57.798489
-57.707817
-57.875736
-57.810040
-57.981365
-57.795273
-57.866848
-58.209503
-58.001144
-57.783207
-57.768673
-58.220570
-58.039242
-58.078751
-57.961281
-58.422924
-58.408360
-58.207813
-58.280228
-58.345642
-58.298702
-58.320255
-58.404179
-58.366337
-58.411915
-58.515644
-58.404556
-58.427483
-58.345806
-58.588970
-58.540810
-58.539505
-58.584927
-58.661560
-58.720005
-58.683525
-58.628632
-58.808578
-58.880123
-59.052013
-58.958603
-59.072010
-59.102070
-59.365902
-59.409290
-59.558834
-59.815567
-59.802574
-59.707901
-59.997879
-60.120453
-60.135704
-60.142418
-60.414608
-60.353054
-60.480560
-60.484192
-60.625103
-60.767609
-60.881916
-60.819897
-60.935848
-61.156540
-61.197315
-61.039593
-61.266689
-61.278790
-61.207600
-61.139404
-61.251957
-61.340107
-61.164257
-61.482632
-61.395435
-61.431114
-61.241455
-61.365734
-61.526241
-61.548397
-61.585594
-61.385635
-61.521000
-61.589500
-61.574123
-61.582115
-61.473934
-61.621677
-61.590023
-61.614532
-61.564068
-61.638653
-61.455803
-61.595108
-61.605988
-61.522434
-61.526737
-61.520821
-61.435783
-61.461033
-61.193066
-61.258835
-61.418499
-61.383591
-60.923031
-61.058884
-61.124092
-60.919037
-61.062191
-61.094730
-61.009144
-60.870384
-60.953384
-61.089653
-61.085255
-60.975536
-60.979404
-60.992561
-60.928005
-60.815453
-61.007507
-60.859348
-60.840599
-60.881664
-61.042454
-60.877750
-60.687351
-60.841698
-60.812492
-60.899403
-60.679146
-60.878605
-60.865425
-60.819851
-60.921455
-60.748520
-60.988655
-60.825184
-60.833191
-60.855427
-61.141289
-61.138493
-61.035389
-61.024399
-61.139587
-61.251320
-61.161495
-61.191467
-61.356323
-61.252892
-61.125015
-61.357952
-61.343063
-61.319275
-61.127563
-61.200336
-61.455360
-61.265350
-61.078445
-61.225777
-61.335800
-61.285667
-61.473698
-61.411392
-61.344215
-61.353466
-61.462242
-61.508419
-61.574188
-61.568367
-61.530746
-61.669624
-61.832821
-61.689255
-61.650764
-61.667538
-61.839027
-61.952759
-61.901276
-61.947674
-61.919189
-62.071266
-62.093208
-62.184895
-62.115410
-62.053547
-62.168915
-62.254925
-62.290035
-62.227734
-62.122078
-62.221455
-62.165806
-62.264038
-62.236385
-62.120548
-62.056438
-62.178028
-62.225674
-62.209797
-61.984573
-62.099964
-62.202648
-62.053909
-62.055111
-62.286232
-62.277958
-62.107029
-62.254238
-62.322617
-62.411640
-62.383228
-62.441387
-62.458340
-62.661430
-62.643612
-62.559948
-62.501553
-62.683479
-62.735229
-62.695004
-62.563057
-62.669563
-62.749619
-62.789253
-62.738728
-62.817558
-62.878090
-62.894230
-63.000057
-62.922825
-63.134491
-63.057972
-63.154377
-63.109909
-63.217804
-63.183037
-63.074635
-63.043621
-63.173828
-63.365242
-63.124813
-62.987888
-63.114773
-63.031811
-63.104149
-63.169437
-63.136551
-63.143917
-63.005657
-63.181934
-63.221573
-63.166985
-63.141670
-63.220409
-63.095135
-63.162586
-63.194084
-62.968903
-63.041477
-63.150249
-63.101036
-63.090576
-63.061844
-63.051701
-63.147251
-63.358055
-63.192169
-63.079308
-63.217781
-63.212090
-63.299141
-63.411015
-63.271614
-63.266781
-63.188816
-63.231869
-63.317276
-63.223248
-63.267128
-63.199242
-63.417454
-63.375969
-63.388161
-63.235714
-63.339104
-63.339760
-63.495926
-63.517414
-63.484692
-63.500263
-63.487850
-63.609722
-63.495819
-63.323837
-63.348316
-63.512722
-63.734119
-63.600613
-63.393818
-63.459782
-63.487152
-63.492275
-63.332066
-63.446774
-63.490059
-63.506088
-63.239185
-63.517147
-63.480541
-63.396351
-63.339989
-63.289429
-63.464787
-63.434940
-63.435062
-63.451813
-63.593613
-63.386337
-63.319733
-63.598770
-63.466797
-63.300098
-63.589546
-63.411552
-63.358616
-63.126575
-63.267426
-63.333134
-63.423805
-63.078655
-62.886349
-62.778633
-62.937393
-63.268707
-62.973228
-62.899189
-63.059528
-63.099136
-62.922714
-63.169544
-63.277077
-63.171219
-63.141651
-63.295624
-63.111008
-63.280464
-62.964851
-62.965897
-62.811844
-63.172752
-62.991596
-63.027058
-62.748783
-62.609356
-62.548878
-62.537338
-62.510956
-62.677860
-62.757511
-62.613922
-62.500839
-62.272102
-62.120766
-62.121849
-62.286591
-62.012672
-61.975002
-61.834435
-61.855663
-61.543884
-61.542164
-61.738472
-61.785599
-61.551476
-61.423241
-61.655609
-61.869926
-61.788986
-61.564659
-61.563950
-61.934296
-61.982292
-61.743843
-61.685226
-61.839443
-61.800133
-61.728020
-62.004242
-62.057018
-62.064991
-61.872982
-61.956303
-61.862850
-61.981354
-61.843441
-61.761520
-62.001896
-61.951252
-61.784431
-61.530125
-61.607002
-61.584934
-61.656475
-61.838470
-61.764423
-61.662174
-61.785320
-61.883404
-61.976990
-62.004822
-61.856392
-61.986061
-62.075027
-62.175674
-62.164124
-62.163124
-62.167660
-62.219284
-62.346153
-62.233852
-62.343872
-62.354565
-62.397861
-62.378147
-62.637962
-62.552670
-62.346039
-62.539810
-62.714470
-62.736675
-62.800533
-62.738686
-62.763638
-62.904915
-62.868896
-62.769772
-62.851360
-62.857849
-62.852085
-62.889397
-62.874058
-62.744461
-62.664421
-62.777000
-62.645592
-62.696037
-62.636822
-62.640472
-62.603565
-62.558804
-62.466564
-62.446690
-62.430981
-62.393501
-62.254139
-62.285728
-62.321247
-62.196609
-62.214214
-62.180782
-62.099586
-61.986553
-62.092659
-62.099144
-62.186947
-62.091923
-62.070744
-62.080402
-62.239117
-62.323437
-62.272339
-62.284275
-62.460293
-62.598675
-62.712849
-62.577518
-62.682743
-62.863800
-63.051254
-63.045090
-63.185375
-63.137402
-63.258762
-63.431103
-63.511562
-63.577755
-63.595154
-63.678814
-63.758568
-63.954002
-63.925774
-64.055962
-64.056564
-64.026314
-64.274727
-64.362633
-64.325752
-64.324585
-64.402718
-64.433319
-64.625847
-64.568169
-64.438774
-64.374496
-64.612152
-64.397453
-64.502274
-64.567390
-64.356827
-64.274414
-64.290176
-64.494476
-64.419601
-64.343620
-64.235512
-64.359367
-64.485748
-64.394012
-64.567154
-64.520058
-64.563675
-64.589325
-64.648216
-64.619476
-64.490707
-64.537506
-64.533546
-64.582550
-64.499580
-64.316078
-64.313782
-64.344864
-64.247604
-64.362328
-64.169762
-64.228813
-64.271416
-64.317688
-64.179298
-64.191154
-64.201752
-64.158997
-64.165382
-63.977612
-63.958508
-64.064705
-64.051888
-64.078857
-63.879555
-63.959595
-63.904549
-64.067505
-63.959057
-64.037628
-64.052658
-64.110947
-64.234428
-64.320198
-64.306412
-64.348579
-64.273750
-64.506691
-64.480064
-64.581856
-64.644188
-64.696884
-64.769058
-64.854401
-64.804581
-64.859314
-64.939781
-64.940422
-65.079079
-65.136505
-65.073257
-65.170021
-65.108856
-65.229309
-65.352524
-65.334129
-65.229202
-65.469048
-65.583534
-65.626251
-65.605263
-65.753044
-65.844360
-65.859940
-65.968170
-65.874336
-66.139908
-65.937019
-65.982658
-66.065804
-66.166374
-65.999512
-65.900558
-66.017029
-65.972046
-65.908844
-65.933113
-65.866264
-66.040047
-66.008049
-65.948730
-65.842422
-65.934586
-65.773155
-65.859642
-65.894035
-65.832390
-65.745583
-65.741814
-65.914886
-65.810860
-65.747070
-65.572899
-65.754463
-65.731804
-65.629707
-65.557251
-65.545692
-65.506744
-65.566071
-65.412193
-65.501137
-65.380280
-65.450432
-65.297325
-65.358559
-65.383766
-65.300354
-65.096466
-65.122459
-65.286339
-65.232552
-65.088760
-64.944588
-65.050308
-64.938492
-64.875557
-64.970444
-64.943832
-64.845314
-64.809433
-64.839561
-64.721710
-64.603638
-64.728477
-64.733696
-64.558350
-64.668373
-64.722931
-64.701004
-64.657623
-64.473557
-64.537460
-64.617767
-64.646210
-64.654945
-64.614914
-64.619415
-64.525703
-64.653175
-64.702271
-64.746124
-64.687057
-64.573502
-64.717804
-64.904541
-64.615471
-64.702377
-64.942299
-64.819626
-64.720894
-64.762497
-64.816917
-64.774841
-64.830055
-64.735603
-64.839302
-64.780258
-64.905151
-64.731216
-64.869347
-64.952629
-64.908813
-65.119720
-65.264870
-65.261993
-65.381172
-65.358780
-65.376450
-65.338264
-65.444633
-65.468605
-65.460754
-65.333069
-65.261414
-65.117622
-65.024727
-64.891830
-64.669441
-64.521637
-64.547722
-64.573669
-64.354050
-64.408569
-64.292458
-64.296577
-64.173836
-64.166939
-64.282051
-64.186127
-64.213882
-64.134453
-64.055061
-63.983212
-63.918922
-63.846012
-63.774216
-63.781471
-63.605419
-63.734619
-63.672459
-63.604584
-63.571594
-63.529144
-63.589321
-63.467651
-63.624489
-63.544556
-63.487030
-63.403877
-63.264462
-63.324669
-63.304016
-63.220993
-63.174973
-63.116287
-63.113091
-63.078106
-62.990807
-62.868153
-62.962360
-62.955200
-62.864719
-62.860298
-62.829742
-62.673317
-62.657906
-62.771698
-62.776451
-62.640354
-62.504353
-62.530697
-62.748505
-62.748699
-62.811348
-62.752262
-62.588474
-62.733955
-63.133537
-63.087337
-62.924995
-62.688736
-62.891644
-63.124790
-63.140728
-62.997112
-62.998936
-63.121632
-62.909229
-62.947453
-63.078136
-63.124802
-62.832821
-62.865459
-62.916073
-62.966557
-62.722725
-62.360935
-62.476391
-62.695187
-62.633739
-62.477345
-62.409859
-62.439018
-62.374081
-62.362755
-62.357323
-62.397388
-62.234764
-62.275459
-62.312420
-62.458488
-62.277840
-62.012424
-61.957512
-62.094425
-62.015739
-61.889797
-61.912113
-61.977642
-61.813812
-61.619785
-61.796711
-61.833748
-61.720821
-61.670753
-61.652275
-61.658375
-61.655090
-61.562195
-61.558628
-61.648647
-61.574581
-61.483124
-61.471748
-61.385468
-61.437840
-61.546612
-61.328178
-61.275715
-61.290665
-61.261589
-61.198666
-61.141815
-61.259800
-61.177132
-60.923973
-60.941631
-61.021652
-60.959682
-60.858902
-60.808300
-60.883038
-60.884926
-60.704750
-60.584866
-60.652241
-60.564228
-60.426468
-60.484764
-60.436455
-60.374702
-60.317165
-60.211586
-60.228416
-60.021816
-59.947273
-60.042099
-60.141975
-59.985928
-59.953304
-59.957298
-59.925606
-59.905807
-59.703777
-59.715221
-59.799065
-59.768154
-59.783318
-59.662483
-59.680595
-59.593163
-59.597244
-59.632885
-59.637314
-59.533062
-59.488319
-59.586124
-59.589535
-59.525230
-59.296608
-59.523834
-59.406288
-59.354374
-59.256855
-59.254375
-59.291248
-59.251587
-59.139359
-59.212273
-59.182014
-59.206749
-59.230160
-59.143551
-59.185898
-59.138813
-59.237194
-59.271660
-59.314896
-59.278831
-59.291943
-59.385456
-59.440456
-59.474804
-59.314262
-59.268589
-59.450352
-59.528820
-59.474770
-59.501884
-59.446068
-59.510918
-59.503075
-59.500431
-59.639107
-59.542393
-59.602509
-59.736816
-59.715237
-59.529629
-59.548302
-59.408772
-59.530552
-59.420181
-59.498741
-59.378624
-59.419212
-59.216900
-59.220924
-59.235435
-59.120964
-59.170044
-59.083382
-59.009754
-58.799858
-58.871994
-58.409668
-58.415291
-58.135517
-58.046703
-58.033802
-57.924435
-57.541332
-57.345333
-57.188290
-56.849628
-56.713482
-56.364525
-56.122524
-55.803757
-55.421429
-54.838657
-54.478065
-54.256790
-53.715027
-53.264999
-52.848289
-52.622086
-52.124664
-51.728271
-51.391525
-50.968044
-50.641285
-50.364449
-50.034046
-49.630470
-49.236103
-48.853695
-48.525379
-48.083153
-47.596226
-47.260162
-46.862717
-46.498676
-46.116699
-45.876804
-45.456848
-45.075497
-44.773521
-44.445435
-44.223072
-43.940781
-43.589642
-43.233002
-42.951813
-42.503830
-42.215965
-42.026917
-41.602886
-41.218555
-40.941029
-40.739281
-40.364838
-40.123833
-39.820797
-39.456444
-39.272446
-39.066822
-38.765091
-38.449284
-38.110973
-37.666172
-37.410202
-37.144684
-36.751453
-36.483376
-36.270664
-36.003288
-35.601753
-35.376259
-35.183460
-34.792973
-34.539043
-34.392307
-34.124950
-33.869835
-33.591412
-33.374882
-33.067780
-32.716351
-32.341579
-32.070110
-31.796368
-31.506718
-31.147205
-30.877131
-30.631138
-30.249222
-30.005133
-29.719391
-29.522146
-29.154562
-28.836338
-28.515635
-28.341171
-28.022493
-27.473902
-27.152020
-26.841373
-26.423151
-26.073786
-25.697670
-25.423717
-25.042513
-24.669792
-24.281097
-24.012512
-23.676352
-23.453186
-23.137230
-22.727430
-22.469870
-22.175650
-21.971996
-21.432014
-21.147341
-20.827116
-20.681086
-20.247234
-19.961458
-19.667566
-19.245531
-18.966177
-18.694578
-18.358187
-18.073256
-17.748499
-17.470184
-17.262711
-17.110682
-16.670614
-16.413891
-16.008818
-15.790998
-15.738718
-15.515301
-15.257236
-14.955324
-14.778275
-14.601058
-14.267786
-14.111805
-13.804634
-13.559984
-13.229111
-13.034726
-12.725767
-12.437673
-12.264437
-12.020087
-11.726224
-11.578812
-11.473255
-11.275441
-11.153940
-11.042739
-10.762275
-10.571930
-10.417155
-10.380402
-10.185307
-9.845877
-9.714562
-9.469460
-9.351895
-9.242736
-9.047410
-8.885385
-8.726702
-8.636900
-8.635081
-8.378589
-8.232246
-8.077443
-7.943322
-7.778388
-7.619825
-7.567409
-7.327726
-7.096836
-6.969027
-6.761054
-6.695741
-6.571050
-6.433995
-6.308260
-6.350836
-6.257018
-6.224018
-6.253256
-6.144787
-6.169646
-6.136322
-6.136374
-6.006347
-6.098085
-5.915275
-5.816829
-5.747992
-5.697948
-5.611527
-5.554521
-5.465535
-5.329904
-5.300653
-5.213064
-5.222810
-5.152955
-5.088285
-4.972144
-5.027721
-4.943864
-4.971051
-4.827434
-4.695530
-4.558108
-4.594895
-4.589706
-4.595730
-4.430528
-4.397241
-4.364246
-4.338964
-4.304720
-4.307908
-4.162651
-4.156607
-4.149166
-4.130311
-4.067144
-3.992448
-3.978060
-3.821113
-3.854427
-3.798931
-3.832527
-3.714437
-3.701165
-3.721469
-3.635784
-3.565561
-3.652865
-3.617481
-3.517548
-3.477472
-3.475598
-3.298661
-3.178508
-3.201691
-3.304371
-3.209847
-3.195196
-3.031377
-2.876004
-3.084997
-3.144933
-3.124873
-2.975697
-2.862037
-2.910671
-2.896391
-2.909132
-2.942070
-2.809469
-2.711189
-2.573338
-2.770083
-2.835672
-2.604410
-2.417541
-2.464144
-2.582541
-2.602242
-2.469761
-2.386947
-2.379102
-2.410175
-2.548782
-2.533859
-2.396034
-2.303200
-2.267208
-2.426893
-2.407962
-2.359520
-2.341465
-2.274993
-2.420135
-2.312912
-2.289196
-2.182671
-2.162285
-2.133276
-2.256217
-2.224665
-2.100771
-1.986705
-1.944510
-1.972069
-2.025664
-2.011285
-1.984638
-2.052543
-1.918908
-1.837604
-1.994912
-1.899107
-1.744972
-1.775319
-1.775808
-1.757608
-1.671372
-1.676547
-1.840621
-1.756960
-1.660320
-1.700645
-1.847381
-1.838809
-1.974476
-1.840031
-1.685693
-1.794204
-1.828416
-1.824442
-1.740988
-1.741040
-1.534995
-1.489358
-1.517296
-1.564910
-1.441768
-1.331245
-1.230609
-1.405290
-1.319079
-1.268235
-1.273785
-1.220693
-1.201111
-1.176022
-1.199250
-1.078911
-0.991172
-0.916752
-0.934796
-0.864397
-0.819990
-0.806220
-0.813019
-0.755547
-0.781851
-0.737389
-0.739057
-0.722777
-0.849325
-0.853946
-0.831445
-0.890292
-0.872361
-0.803151
-0.861137
-0.904091
-0.962916
-0.933468
-0.959489
-0.959398
-0.914020
-1.005600
-0.967487
-0.794819
-0.747717
-0.734114
-0.672317
-0.670691
-0.568967
-0.516798
-0.481958
-0.375986
-0.322282
-0.302037
-0.348151
-0.450631
-0.359222
-0.275976
-0.285748
-0.268005
-0.294238
-0.154913
-0.083473
-0.086227
-0.083234
-0.070895
0.021437
0.140814
0.165191
0.117014
0.156601
0.131900
0.090236
0.084709
0.149235
0.186839
0.053483
0.105953
0.147039
0.216898
0.096262
0.154407
0.134126
0.265058
0.248751
0.351938
0.275989
0.272233
0.256859
0.399492
0.451242
0.344655
0.241741
0.377054
0.508682
0.446988
0.433392
0.423354
0.457730
0.450015
0.551074
0.628473
0.551988
0.578695
0.539000
0.603092
0.621528
0.484018
0.421317
0.484772
0.445950
0.424238
0.384850
0.422555
0.192132
0.347024
0.355163
0.356293
0.289915
0.233440
0.334881
0.294509
0.273550
0.206973
0.231313
0.188157
0.052815
0.071477
0.085938
0.063786
-0.052411
-0.182858
-0.054903
-0.066868
-0.183775
-0.188848
-0.090306
-0.211313
-0.277194
-0.348281
-0.290685
-0.399712
-0.348329
-0.536805
-0.413367
-0.517210
-0.525140
-0.679023
-0.561873
-0.642878
-0.754289
-0.685020
-0.774738
-0.812859
-0.824284
-0.913603
-0.941255
-1.003099
-0.995927
-1.069134
-1.082851
-1.078740
-1.036518
-1.103502
-1.185564
-1.119078
-1.146403
-1.197323
-1.120584
-1.044446
-1.064364
-1.084997
-1.173418
-1.065654
-1.183834
-1.047358
-1.145943
-1.046480
-1.196696
-1.080816
-1.124943
-1.106609
-1.096343
-1.096378
-1.092919
-1.121184
-1.101264
-0.982844
-1.103053
-1.089358
-1.105836
-1.193880
-1.112939
-1.220210
-1.157430
-1.315397
-1.153185
-1.247666
-1.216741
-1.194120
-1.224098
-1.207260
-1.233501
-1.158823
-1.140784
-1.144977
-1.104100
-1.160978
-1.110322
-1.078076
-1.121240
-1.171499
-1.051647
-1.024995
-1.043730
-0.973331
-0.909770
-0.976112
-0.940102
-0.803384
-0.748570
-0.807032
-0.755981
-0.788983
-0.722775
-0.802806
-0.741877
-0.732740
-0.680580
-0.714749
-0.737212
-0.698262
-0.657971
-0.600169
-0.625733
-0.562773
-0.592544
-0.550808
-0.404234
-0.386575
-0.403315
-0.388830
-0.316280
-0.282856
-0.243912
-0.335597
-0.300859
-0.183250
-0.077264
-0.239320
-0.032282
-0.077338
-0.041022
0.007810
0.170488
0.207447
0.144520
0.202838
0.432273
0.476153
0.455016
0.377118
0.513083
0.474404
0.651008
0.694220
0.739040
0.603312
0.484581
0.630348
0.821143
0.870402
0.853999
0.843225
0.949597
0.991901
1.001844
1.038220
1.083617
1.035060
1.015276
1.110059
1.205576
1.109684
0.963620
1.055316
1.125403
1.143529
1.256978
1.278178
1.335071
1.269557
1.285994
1.364252
1.409848
1.352017
1.305986
1.471586
1.411961
1.294296
1.330854
1.264466
1.285256
1.243136
1.295413
1.276049
1.300997
1.257492
1.310139
1.381965
1.269240
1.259277
1.234617
1.182128
1.190678
1.095013
1.135285
1.056197
0.950426
0.925667
0.954362
0.983844
0.912347
0.778223
0.878157
0.920108
0.820726
0.708293
0.808705
0.761331
0.710770
0.602147
0.650012
0.600669
0.600488
0.475234
0.492358
0.470978
0.382178
0.459616
0.357428
0.359140
0.259625
0.217169
0.244216
0.183959
0.123727
0.052921
0.040496
-0.009593
0.013863
-0.072441
-0.112525
-0.283902
-0.187171
-0.193893
-0.110745
-0.274810
-0.329913
-0.230711
-0.322609
-0.361006
-0.382628
-0.315167
-0.387527
-0.447985
-0.427085
-0.429965
-0.548675
-0.558988
-0.560092
-0.516057
-0.548910
-0.539014
-0.649170
-0.587600
-0.627264
-0.521341
-0.576602
-0.690058
-0.668756
-0.602454
-0.607864
-0.654504
-0.646714
-0.634875
-0.732226
-0.644608
-0.699122
-0.689506
-0.727909
-0.738010
-0.748903
-0.707505
-0.707409
-0.781801
-0.704913
-0.833368
-0.766016
-0.706245
-0.797322
-0.892205
-0.792205
-0.801140
-0.844150
-0.852096
-0.872401
-0.866312
-0.891432
-0.891519
-0.852993
-0.916734
-0.869868
-0.906629
-0.892700
-0.951213
-0.923184
-0.918109
-0.917828
-0.998055
-0.948552
-0.972284
-0.938806
-0.964932
-0.883413
-0.955938
-0.926429
-0.856332
-0.831457
-0.905958
-0.783302
-0.840738
-0.798289
-0.763607
-0.807372
-0.851278
-0.811679
-0.832954
-0.871597
-0.831888
-0.797326
-0.796327
-0.847925
-0.809745
-0.772592
-0.828787
-0.823984
-0.764830
-0.762427
-0.896284
-0.810748
-0.825206
-0.829303
-0.857714
-0.876145
-0.865393
-0.814840
-0.877248
-0.807188
-0.785581
-0.844781
-0.799699
-0.759178
-0.735016
-0.748426
-0.788346
-0.857150
-0.773515
-0.750450
-0.792911
-0.792192
-0.786360
-0.732840
-0.853490
-0.695838
-0.741652
-0.773196
-0.844817
-0.581469
-0.603169
-0.769075
-0.778600
-0.664983
-0.718276
-0.693735
-0.627404
-0.716352
-0.657283
-0.758225
-0.657045
-0.630969
-0.656704
-0.721930
-0.722554
-0.630429
-0.638316
-0.654772
-0.728963
-0.620662
-0.616374
-0.602061
-0.628453
-0.611906
-0.614106
-0.704237
-0.712959
-0.656622
-0.576742
-0.634862
-0.642892
-0.659215
-0.615149
-0.619967
-0.618397
-0.678450
-0.567987
-0.645442
-0.680878
-0.597960
-0.581400
-0.688087
-0.649430
-0.639372
-0.566832
-0.651141
-0.627291
-0.613332
-0.612383
-0.568362
-0.530497
-0.495615
-0.544232
-0.568371
-0.459368
-0.505932
-0.448134
-0.498999
-0.524283
-0.519957
-0.488647
-0.450185
-0.526273
-0.505117
-0.508018
-0.402653
-0.505914
-0.534440
-0.440263
-0.405621
-0.389677
-0.454257
-0.443420
-0.359924
-0.434370
-0.482144
-0.487395
-0.363056
-0.404728
-0.389569
-0.477639
-0.363552
-0.415135
-0.432708
-0.468863
-0.341011
-0.363117
-0.348472
-0.436812
-0.384800
-0.383704
-0.327198
-0.374159
-0.380259
-0.392102
-0.399915
-0.340861
-0.394726
-0.382499
-0.322013
-0.401162
-0.393719
-0.384085
-0.351877
-0.372816
-0.421666
-0.353283
-0.382485
-0.369915
-0.455985
-0.323140
-0.310163
-0.381330
-0.484296
-0.381999
-0.402087
-0.443657
-0.375993
-0.320352
-0.446830
-0.417188
-0.397704
-0.385642
-0.474879
-0.392056
-0.442341
-0.418614
-0.368608
-0.408048
-0.451091
-0.475722
-0.472605
-0.450432
-0.396370
-0.379817
-0.477179
-0.538536
-0.417911
-0.391362
-0.513301
-0.520622
-0.417817
-0.473036
-0.473549
-0.444275
-0.414040
-0.486175
-0.450865
-0.410733
-0.379331
-0.418648
-0.301320
-0.343189
-0.305253
-0.395745
-0.310909
-0.298296
-0.338742
-0.291895
-0.321222
-0.363617
-0.338071
-0.332474
-0.384593
-0.359374
-0.285078
-0.355443
-0.301395
-0.298397
-0.254607
-0.329870
-0.267030
-0.268310
-0.266825
-0.341879
-0.341928
-0.326324
-0.306575
-0.367527
-0.326797
-0.392314
-0.274222
-0.381050
-0.339821
-0.283193
-0.282263
-0.403308
-0.295516
-0.261357
-0.231490
-0.323819
-0.319442
-0.292925
-0.297677
-0.296557
-0.373873
-0.330812
-0.335924
-0.398260
-0.366073
-0.343614
-0.399690
-0.337109
-0.383211
-0.386035
-0.387722
-0.376804
-0.481876
-0.369685
-0.425879
-0.375053
-0.428294
-0.426800
-0.441442
-0.419648
-0.438730
-0.474479
-0.449049
-0.497922
-0.442721
-0.492703
-0.430810
-0.481553
-0.439014
-0.510436
-0.510446
-0.561396
-0.426642
-0.487611
-0.507515
-0.562570
-0.522923
-0.523674
-0.460706
-0.518615
-0.520398
-0.542436
-0.553369
-0.520128
-0.521527
-0.479629
-0.513165
-0.602539
-0.597105
-0.502283
-0.509942
-0.543754
-0.537787
-0.606267
-0.522788
-0.472864
-0.510370
-0.522573
-0.494955
-0.456489
-0.450703
-0.503831
-0.487921
-0.474765
-0.507027
-0.485664
-0.387111
-0.483011
-0.498994
-0.422374
-0.444339
-0.391345
-0.440882
-0.419209
-0.447970
-0.383422
-0.368055
-0.341680
-0.374630
-0.435795
-0.401595
-0.311050
-0.328353
-0.393965
-0.403683
-0.307185
-0.343873
-0.364387
-0.288721
-0.310783
-0.372860
-0.321582
-0.273019
-0.322559
-0.327099
-0.254307
-0.288680
-0.295668
-0.275677
-0.267526
-0.328206
-0.303257
-0.269323
-0.291365
-0.302080
-0.219534
-0.310726
-0.216319
-0.269438
-0.240081
-0.264102
-0.237089
-0.204923
-0.213435
-0.291769
-0.260972
-0.253452
-0.180683
-0.299467
-0.178011
-0.319309
-0.255906
-0.304964
-0.198459
-0.249000
-0.193323
-0.268240
-0.194983
-0.213852
-0.099061
-0.241359
-0.188680
-0.223401
-0.173890
-0.152339
-0.149422
-0.182960
-0.198529
-0.153768
-0.165439
-0.183683
-0.238322
-0.225849
-0.171662
-0.134593
-0.222152
-0.138909
-0.170875
-0.117113
-0.203203
-0.094308
-0.165611
-0.164446
-0.217443
-0.136770
-0.106754
-0.094482
-0.152698
-0.263513
-0.213973
-0.021437
-0.110999
-0.152005
-0.161429
-0.098596
-0.140872
-0.084575
-0.091247
-0.170357
-0.119868
-0.159040
-0.072616
-0.145539
-0.085880
-0.155477
-0.143798
-0.145226
-0.117517
-0.142700
-0.139736
-0.157975
-0.166775
-0.135340
-0.114694
-0.173430
-0.239162
-0.079838
-0.204904
-0.164250
-0.190040
-0.148197
-0.184096
-0.177920
-0.193861
-0.143325
-0.182624
-0.154268
-0.147183
-0.119347
-0.206171
-0.160182
-0.150200
-0.165529
-0.109954
-0.162326
-0.211614
-0.219594
-0.125389
-0.155040
-0.111691
-0.183913
-0.139779
-0.211875
-0.092064
-0.236840
-0.143605
-0.178830
-0.190991
-0.201954
-0.151379
-0.154160
-0.146664
-0.241325
-0.166216
-0.188232
-0.149012
-0.263306
-0.152466
-0.099304
-0.182210
-0.251643
-0.170882
-0.134111
-0.183325
-0.199787
-0.194566
-0.157020
-0.267572
-0.169439
-0.170428
-0.203371
-0.185098
-0.247556
-0.202848
-0.167774
-0.167363
-0.167987
-0.209956
-0.233121
-0.160986
-0.140103
-0.182113
-0.217526
-0.185291
-0.224783
-0.247861
-0.186650
-0.133817
-0.230703
-0.171921
-0.211817
-0.149914
-0.200998
-0.138786
-0.202089
-0.171926
-0.197897
-0.179025
-0.136282
-0.173533
-0.214522
-0.230639
-0.179037
-0.171755
-0.160198
-0.207420
-0.140659
-0.219594
-0.171204
-0.198378
-0.129776
-0.219707
-0.220360
-0.102086
-0.124688
-0.164514
-0.179390
-0.207061
-0.198529
-0.135216
-0.199816
-0.200460
-0.134585
-0.221545
-0.175511
-0.189737
-0.188224
-0.195672
-0.168418
-0.202714
-0.163987
-0.233335
-0.199871
-0.185844
-0.160712
-0.212764
-0.216870
-0.158411
-0.170923
-0.171932
-0.232105
-0.243912
-0.173756
-0.130786
-0.153743
-0.228617
-0.173396
-0.195155
-0.148336
-0.180025
-0.185267
-0.173729
-0.155724
-0.229996
-0.138100
-0.217396
-0.112071
-0.257723
-0.187719
-0.160590
-0.127991
-0.288367
-0.204767
-0.191679
-0.168901
-0.269039
-0.249732
-0.180492
-0.176027
-0.270345
-0.183622
-0.260340
-0.166880
-0.228728
-0.179760
-0.199076
-0.205296
-0.293317
-0.210205
-0.143976
-0.154299
-0.251736
-0.168729
-0.254447
-0.219458
-0.268669
-0.171901
-0.206219
-0.206931
-0.213603
-0.195321
-0.269326
-0.249863
-0.179494
-0.209213
-0.250019
-0.214923
-0.186316
-0.227867
-0.218580
-0.230854
-0.177568
-0.219659
-0.201705
-0.230375
-0.170550
-0.227837
-0.208835
-0.199361
-0.208653
-0.196356
-0.218239
-0.178659
-0.140979
-0.208886
-0.180019
-0.158505
-0.142805
-0.211780
-0.194245
-0.209428
-0.190969
-0.219320
-0.176938
-0.208922
-0.199329
-0.223351
-0.171455
-0.117392
-0.184545
-0.188918
-0.157098
-0.127086
-0.189493
-0.184643
-0.163744
-0.231630
-0.194321
-0.192273
-0.109044
-0.156786
-0.244616
-0.219634
-0.148331
-0.104589
-0.213675
-0.156547
-0.148180
-0.192815
-0.172828
-0.135118
-0.072215
-0.174666
-0.248362
-0.238722
-0.117787
-0.194326
-0.234867
-0.170646
-0.210655
-0.171682
-0.175854
-0.151536
-0.159180
-0.176676
-0.154449
-0.164263
-0.062998
-0.192962
-0.167198
-0.171015
-0.170374
-0.240281
-0.141475
-0.162206
-0.152572
-0.253485
-0.162682
-0.119338
-0.175956
-0.206194
-0.133481
-0.152951
-0.206152
-0.146250
-0.115655
-0.141193
-0.179730
-0.187992
-0.168450
-0.180942
-0.189284
-0.179254
-0.181884
-0.177805
-0.194239
-0.078027
-0.151308
-0.213027
-0.150440
-0.131389
-0.146520
-0.164873
-0.073272
-0.129998
-0.135562
-0.174379
-0.143173
-0.077075
-0.092509
-0.188928
-0.157834
-0.063601
-0.105800
-0.096352
-0.099899
-0.085829
-0.076942
-0.087798
-0.060375
-0.035205
-0.086776
-0.124080
-0.105852
-0.047078
-0.066146
-0.063455
-0.059783
-0.067534
-0.105846
-0.030815
-0.009105
0.005933
-0.064135
-0.032510
-0.008274
-0.011389
-0.067733
-0.017496
0.016756
-0.022157
-0.040990
-0.039447
-0.010417
0.016355
-0.082730
0.005834
-0.007834
-0.004925
-0.093834
-0.028032
-0.006169
-0.036438
-0.086003
-0.078195
0.027675
-0.014904
-0.071427
-0.085377
-0.056747
-0.057079
-0.096139
-0.024578
-0.015485
-0.069772
-0.082710
-0.005427
-0.052725
-0.024028
-0.074911
-0.076041
-0.050603
-0.010961
0.018503
-0.047527
-0.137496
-0.053955
-0.044025
0.011150
-0.032169
-0.059374
-0.040079
-0.036888
-0.071962
0.001917
-0.036890
-0.014690
-0.025094
-0.025023
0.029886
0.027066
-0.069113
-0.072524
-0.009408
0.035461
-0.017858
-0.003562
-0.018231
0.002250
-0.032032
-0.036459
0.113811
-0.017248
-0.022371
-0.033173
0.042210
-0.000646
-0.010581
0.072739
-0.000946
0.029244
0.035923
0.053949
0.013527
0.083685
0.017613
0.110241
0.044648
0.051641
0.076323
0.063780
0.002488
0.050059
0.062654
0.075800
-0.009446
0.106063
0.086894
0.074013
0.087949
0.048137
0.102690
0.027930
0.085541
0.075163
0.098410
0.056372
0.147632
0.060738
0.017658
0.073949
0.072920
0.063099
0.143438
0.087822
0.072884
0.057903
0.144453
0.116127
0.092797
0.085472
0.106729
0.073685
0.126378
0.130999
0.147689
0.072664
0.095363
0.105140
0.164685
0.118909
0.155271
0.079728
0.086776
0.117819
0.117340
0.155560
0.136698
0.128437
0.081317
0.180235
0.097291
0.132450
0.104358
0.107481
0.122516
0.127773
0.140972
0.074327
0.146666
0.145595
0.141837
0.102330
0.090608
0.130472
0.104645
0.108476
0.110693
0.134060
0.033552
0.102933
0.118229
0.021780
0.074228
0.159090
0.120628
0.114796
0.085784
0.091405
0.103374
0.162274
0.105734
0.148974
0.078957
0.052058
0.117143
0.143971
0.153878
0.090657
0.022425
0.030498
0.094851
0.102160
0.054269
0.096648
0.023992
0.083146
0.086641
0.086805
0.104086
0.100889
0.077592
0.012799
0.079771
0.115901
0.056450
0.098484
0.056804
0.063459
0.047686
0.070767
0.121076
0.144239
0.001173
0.104312
0.128378
0.048388
0.041670
0.095039
0.069303
0.012514
0.044327
0.105257
0.063066
-0.021805
-0.010681
0.082026
0.021442
-0.002020
0.028152
0.014988
0.006525
0.014068
-0.063507
0.070330
-0.075035
-0.007374
-0.052658
-0.014659
-0.017481
-0.050040
-0.075954
-0.009300
-0.070086
-0.094283
-0.109258
-0.056418
-0.051103
-0.085764
-0.091204
-0.103032
-0.144539
-0.118253
-0.093065
-0.141246
-0.179701
-0.153398
-0.128936
-0.142643
-0.129920
-0.200664
-0.219311
-0.257987
-0.149085
-0.167352
-0.230216
-0.309439
-0.233002
-0.179104
-0.274076
-0.277418
-0.251183
-0.238793
-0.297196
-0.312715
-0.240824
-0.224424
-0.304951
-0.442814
-0.224486
-0.228738
-0.329873
-0.358719
-0.267875
-0.339655
-0.306779
-0.331108
-0.361394
-0.318337
-0.369593
-0.351121
-0.289261
-0.345961
-0.329684
-0.316048
-0.338604
-0.382496
-0.329100
-0.332875
-0.343715
-0.330596
-0.306661
-0.332664
-0.383244
-0.328775
-0.346786
-0.471308
-0.434213
-0.319172
-0.381174
-0.422803
-0.400107
-0.365611
-0.379028
-0.420433
-0.404507
-0.363114
-0.394040
-0.421557
-0.398510
-0.367166
-0.449401
-0.442874
-0.425742
-0.464382
-0.517613
-0.474432
-0.424111
-0.437801
-0.534828
-0.513983
-0.537622
-0.511352
-0.541861
-0.489149
-0.539670
-0.532606
-0.483018
-0.476596
-0.483056
-0.489832
-0.485752
-0.425725
-0.465441
-0.480912
-0.438481
-0.362313
-0.488085
-0.477605
-0.492079
-0.430670
-0.426188
-0.440549
-0.403973
-0.449294
-0.380042
-0.448286
-0.404191
-0.355492
-0.454952
-0.368207
-0.407323
-0.337751
-0.345525
-0.389986
-0.430547
-0.373625
-0.363839
-0.367733
-0.400427
-0.422385
-0.419285
-0.332053
-0.417920
-0.464724
-0.375575
-0.373185
-0.408698
-0.346855
-0.367374
-0.424663
-0.439475
-0.344124
-0.435183
-0.303533
-0.425450
-0.361472
-0.418445
-0.372824
-0.452103
-0.382543
-0.378494
-0.371989
-0.362925
-0.319331
-0.311312
-0.301183
-0.294142
-0.347216
-0.247735
-0.280967
-0.291918
-0.282645
-0.288596
-0.251664
-0.268141
-0.271440
-0.264026
-0.273352
-0.218360
-0.253113
-0.264597
-0.280891
-0.190325
-0.255318
-0.155034
-0.214703
-0.160339
-0.223563
-0.196947
-0.166935
-0.155271
-0.190014
-0.101958
-0.183851
-0.145185
-0.153918
-0.105128
-0.189972
-0.112014
-0.185061
-0.073337
-0.102613
-0.067436
-0.077676
-0.082379
-0.111625
-0.090079
-0.054374
-0.025814
-0.094156
-0.096574
-0.066917
-0.102499
-0.133003
-0.133428
-0.105835
-0.029232
-0.144032
-0.035953
-0.064282
-0.074595
-0.025004
-0.063350
-0.046660
-0.091829
-0.029016
-0.131437
0.037009
0.018113
-0.081395
-0.092054
0.010277
0.004824
-0.056415
0.006286
0.056743
-0.030947
-0.050138
0.043881
0.085273
-0.018064
-0.029881
-0.053494
0.056611
0.015956
-0.030223
-0.038704
-0.003175
-0.001392
-0.004220
0.085581
0.031193
0.006532
0.008096
0.086033
0.060808
0.083435
0.130112
0.059131
0.093866
0.108722
0.148106
0.107421
0.061623
-0.014034
0.126493
0.139571
0.045117
0.026544
0.056901
0.118910
0.016247
0.012811
0.052803
0.085037
-0.009890
0.015566
0.024753
0.094884
-0.046457
-0.014735
0.007643
0.035666
-0.035956
-0.077597
-0.031619
-0.045786
-0.013523
-0.030000
-0.032688
-0.048638
-0.024828
-0.011536
-0.070490
-0.001720
-0.004178
0.010784
-0.019703
0.022730
0.024265
0.010394
0.029840
0.024023
0.018803
0.008298
0.036597
0.045173
0.015834
0.102747
0.040673
0.058516
0.117648
0.088833
0.122459
0.108255
0.162324
0.175543
0.161276
0.181236
0.234923
0.251853
0.254645
0.302604
0.293815
0.278428
0.321619
0.343222
0.400691
0.392020
0.354432
0.393603
0.445456
0.431227
0.445392
0.547914
0.499921
0.471845
0.473640
0.524259
0.538577
0.599249
0.532969
0.606640
0.629319
0.617488
0.573742
0.665953
0.703090
0.639779
0.616657
0.687251
0.736469
0.770498
0.719198
0.781576
0.873255
0.887922
0.835595
0.924857
0.985878
1.003882
0.993665
1.002201
1.034153
1.046109
0.987608
0.952001
0.981569
0.958031
1.007959
0.991054
0.931497
0.917381
0.957284
1.005972
1.026822
1.005459
1.089213
1.049294
1.176670
1.094772
1.143920
1.106057
1.242901
1.193695
1.244685
1.335989
1.327303
1.349544
1.410015
1.512931
1.559406
1.564425
1.621143
1.721788
1.725231
1.711762
1.743830
1.761642
1.723253
1.684524
1.772357
1.794085
1.636075
1.691515
1.553353
1.666297
1.634392
1.671355
1.635421
1.637187
1.512047
1.470434
1.466403
1.483215
1.385391
1.396382
1.288360
1.332828
1.170705
1.232119
1.120349
1.110453
1.004943
1.037207
1.024714
0.944558
0.837062
0.846621
0.743779
0.693291
0.645682
0.551271
0.562071
0.457328
0.393015
0.411331
0.338952
0.283058
0.275006
0.307240
0.287384
0.212398
0.211730
0.229444
0.297698
0.132617
0.163003
0.148700
0.114226
-0.017786
-0.012367
-0.039068
-0.089437
-0.125608
-0.170882
-0.186778
-0.178257
-0.142994
-0.182445
-0.228293
-0.258826
-0.240233
-0.174452
-0.208957
-0.296819
-0.366145
-0.371092
-0.347897
-0.476440
-0.477441
-0.432475
-0.529924
-0.565211
-0.536683
-0.533487
-0.586901
-0.439429
-0.518420
-0.558646
-0.538293
-0.530823
-0.577248
-0.629532
-0.619106
-0.685993
-0.652602
-0.721114
-0.728098
-0.697341
-0.747289
-0.678900
-0.697302
-0.681478
-0.650133
-0.606928
-0.606862
-0.569575
-0.640550
-0.635711
-0.644161
-0.620183
-0.604971
-0.601701
-0.667530
-0.729898
-0.617548
-0.621313
-0.679284
-0.802948
-0.646982
-0.612318
-0.577658
-0.650425
-0.692621
-0.602433
-0.644467
-0.592075
-0.621332
-0.597677
-0.634216
-0.536695
-0.555795
-0.539254
-0.540135
-0.505002
-0.474779
-0.264490
-0.331021
-0.331378
-0.295871
-0.227576
-0.222859
-0.158635
-0.180375
-0.142089
0.023649
0.029831
0.043777
0.071442
0.074323
0.075010
0.161689
0.153510
0.287917
0.259516
0.211593
0.147942
0.171359
0.276196
0.252765
0.226625
0.160984
0.280200
0.207636
0.280668
0.180969
0.228845
0.164165
0.212012
0.283745
0.255036
0.204333
0.112486
0.094062
0.093734
0.017482
0.180833
0.163560
0.086786
0.075508
0.177371
0.162469
0.054482
-0.031066
0.051774
-0.025843
0.079436
-0.054634
-0.114339
-0.284397
-0.309203
-0.346296
-0.415854
-0.434486
-0.560459
-0.642898
-0.687932
-0.679096
-0.798060
-0.975109
-1.056276
-1.135251
-1.213025
-1.417862
-1.533879
-1.640174
-1.819756
-1.898487
-1.867779
-2.002595
-2.246018
-2.346082
-2.340343
-2.416727
-2.585473
-2.527134
-2.528871
-2.590863
-2.751141
-2.885630
-2.892858
-3.005248
-3.188808
-3.398459
-3.347059
-3.461568
-3.673889
-3.928262
-4.010828
-4.082661
-4.410278
-4.492285
-4.481158
-4.675800
-4.799275
-5.072667
-5.061386
-5.292420
-5.421056
-5.682938
-5.773776
-5.965628
-6.170452
-6.339717
-6.498238
-6.667730
-6.921547
-7.087974
-7.176220
-7.395741
-7.542325
-7.743840
-7.840102
-8.109013
-8.249009
-8.422765
-8.552813
-8.888110
-9.069503
-9.197835
-9.436559
-9.651923
-9.802351
-10.193723
-10.316756
-10.524965
-10.614500
-10.904165
-11.021963
-11.177829
-11.351769
-11.498070
-11.660136
-11.894357
-12.144001
-12.314262
-12.374566
-12.555803
-12.979928
-13.242412
-13.434221
-13.667809
-14.030709
-14.186295
-14.536510
-14.840168
-15.240447
-15.496413
-15.775191
-16.135433
-16.393408
-16.676077
-16.978060
-17.143845
-17.391748
-17.726906
-17.896036
-18.181667
-18.430021
-18.683620
-18.907284
-19.127058
-19.328091
-19.585840
-19.858753
-20.092102
-20.265289
-20.507895
-20.843340
-21.282415
-21.384005
-21.571190
-21.864176
-22.281736
-22.444546
-22.699713
-22.963762
-23.203016
-23.383545
-23.667543
-23.847752
-24.134544
-24.287760
-24.438837
-24.801981
-25.195721
-25.395323
-25.606918
-25.896259
-26.278385
-26.612452
-26.828346
-26.974154
-27.245985
-27.436687
-27.701233
-28.027277
-28.147840
-28.329597
-28.642244
-28.798819
-29.056503
-29.313953
-29.432447
-29.667019
-30.033138
-30.414364
-30.618633
-30.799374
-31.047277
-31.312889
-31.648670
-31.981316
-32.200436
-32.505955
-32.759369
-32.926521
-33.346596
-33.503887
-33.619595
-33.970428
-34.298206
-34.621620
-34.748978
-35.196312
-35.317295
-35.591778
-35.766731
-36.172157
-36.379833
-36.583313
-36.742573
-37.025700
-37.362011
-37.439240
-37.496479
-37.739006
-37.971069
-38.197834
-38.372643
-38.572735
-38.803127
-39.068439
-39.123566
-39.360497
-39.651531
-39.863304
-40.051220
-40.273354
-40.569427
-40.836060
-40.923363
-41.146446
-41.355072
-41.578938
-41.787769
-41.881718
-42.144321
-42.215168
-42.494183
-42.730297
-42.913376
-43.029625
-43.329960
-43.421638
-43.644917
-43.911869
-44.058281
-44.235142
-44.425919
-44.667675
-44.695332
-44.972183
-45.034855
-45.350033
-45.431282
-45.655895
-45.862614
-46.010529
-46.224651
-46.519455
-46.563076
-46.792213
-47.101158
-47.161278
-47.297218
-47.528534
-47.607788
-47.719803
-47.847286
-48.054939
-48.105110
-48.142838
-48.362141
-48.441444
-48.542702
-48.679611
-48.713364
-48.796547
-49.019672
-49.096157
-49.212482
-49.267906
-49.378613
-49.406807
-49.491760
-49.509193
-49.647194
-49.746563
-49.690220
-49.940006
-49.940376
-50.092319
-50.036949
-50.244625
-50.301861
-50.284370
-50.482346
-50.574024
-50.807064
-50.587719
-50.636105
-50.823338
-50.958317
-50.805721
-50.816223
-51.013191
-51.135586
-51.155754
-51.166733
-51.271538
-51.317432
-51.414688
-51.332863
-51.625790
-51.597866
-51.588177
-51.529251
-51.668800
-51.706303
-51.659344
-51.729122
-52.005978
-51.992538
-52.098911
-52.070541
-52.299442
-52.458359
-52.616272
-52.821545
-53.013790
-53.162037
-53.262447
-53.588017
-53.705940
-53.886669
-53.955009
-54.210533
-54.312149
-54.583572
-54.708237
-54.688244
-54.802933
-54.966675
-55.104584
-55.202759
-55.365570
-55.499744
-55.710823
-55.883190
-56.075588
-56.049820
-56.238682
-56.412804
-56.571720
-56.659695
-56.864449
-56.960754
-57.015366
-57.206841
-57.276207
-57.335464
-57.427162
-57.581158
-57.879124
-57.953590
-58.029312
-58.076469
-58.334618
-58.294670
-58.420704
-58.531437
-58.684845
-58.806576
-58.758808
-58.910660
-59.012348
-59.246300
-59.146214
-59.237919
-59.417591
-59.504726
-59.545715
-59.641491
-59.734665
-59.826611
-59.957355
-59.955616
-60.000713
-60.130692
-60.123962
-60.278744
-60.381329
-60.324734
-60.432507
-60.460350
-60.488312
-60.562828
-60.616550
-60.686359
-60.702248
-60.793037
-60.763241
-60.798237
-60.943939
-60.944210
-60.874786
-60.978588
-60.987644
-60.994488
-61.008160
-61.011356
-60.791950
-61.007721
-61.071560
-61.063499
-60.929825
-60.889210
-60.848431
-60.834755
-60.981567
-61.010086
-61.014549
-60.963509
-60.918900
-60.981968
-60.911373
-60.781780
-60.977886
-61.142200
-60.947529
-60.901615
-60.952789
-61.088806
-60.924480
-60.988754
-60.921532
-60.918823
-60.983482
-60.988495
-60.884357
-60.765388
-60.810295
-60.746861
-60.745770
-60.761990
-60.754833
-60.828785
-60.674000
-60.751858
-60.793953
-60.803028
-60.770908
-60.780987
-60.697289
-60.635666
-60.871155
-60.657364
-60.469719
-60.396130
-60.438938
-60.325874
-60.180748
-60.298779
-60.202572
-60.323471
-60.189419
-60.160522
-60.039185
-60.174706
-60.288342
-60.238304
-60.203976
-60.074463
-60.107410
-60.064590
-59.976860
-60.001759
-59.939381
-59.866295
-59.892174
-60.121559
-59.946926
-59.817440
-59.834728
-59.859699
-59.829426
-59.834225
-59.946888
-59.878189
-59.863518
-59.867771
-59.861443
-59.822521
-59.692623
-59.797485
-59.832481
-59.728584
-59.581192
-59.688065
-59.707253
-59.730618
-59.502110
-59.481281
-59.566753
-59.502163
-59.527946
-59.494984
-59.576584
-59.393211
-59.508778
-59.481514
-59.475441
-59.408794
-59.527851
-59.456085
-59.472111
-59.408337
-59.431324
-59.475685
-59.512424
-59.327869
-59.364826
-59.626869
-59.451408
-59.434155
-59.458206
-59.610645
-59.405453
-59.534740
-59.474335
-59.573284
-59.574192
-59.516560
-59.548073
-59.602123
-59.500561
-59.636250
-59.766838
-59.674942
-59.535309
-59.704987
-59.786861
-59.750530
-59.693497
-59.881058
-59.849121
-59.907982
-60.010632
-60.060505
-60.220695
-60.127129
-60.167160
-60.245071
-60.500679
-60.380512
-60.401764
-60.530685
-60.448673
-60.553848
-60.523590
-60.557220
-60.575539
-60.629932
-60.770588
-60.762291
-60.712177
-60.775677
-60.893627
-60.961987
-61.009693
-61.049561
-61.109379
-61.174164
-61.156437
-61.274120
-61.304405
-61.325798
-61.309303
-61.485825
-61.417065
-61.499950
-61.556961
-61.483177
-61.657429
-61.783207
-61.646957
-61.709629
-61.830952
-61.939621
-61.767445
-61.962166
-62.078094
-62.015785
-61.953987
-62.118835
-62.237358
-62.146145
-62.121300
-62.307575
-62.438541
-62.437077
-62.386772
-62.480381
-62.560528
-62.684956
-62.643978
-62.663277
-62.894234
-62.928940
-62.861729
-62.852379
-62.979000
-63.169930
-63.047321
-62.974018
-63.073929
-63.249523
-63.193054
-63.135113
-63.203773
-63.348324
-63.363552
-63.435661
-63.427345
-63.490269
-63.615891
-63.629993
-63.736164
-63.736149
-63.806152
-63.800205
-63.914600
-63.945393
-63.963593
-64.121201
-64.022583
-64.029724
-64.211273
-64.320724
-64.183746
-64.180527
-64.452049
-64.389687
-64.521042
-64.462418
-64.582458
-64.636040
-64.578941
-64.639236
-64.790123
-64.668007
-64.652351
-64.906319
-64.940170
-64.802879
-64.863213
-65.070503
-65.115120
-65.065842
-65.079590
-65.219467
-65.078461
-65.138206
-65.307190
-65.302490
-65.253944
-65.111115
-65.279221
-65.454498
-65.478424
-65.342712
-65.549515
-65.660545
-65.569275
-65.744537
-65.945160
-66.014473
-65.992363
-66.154221
-66.290291
-66.515923
-66.383377
-66.469643
-66.696579
-66.743370
-66.737022
-66.640366
-66.764519
-66.753944
-66.925331
-66.815834
-66.919701
-66.961617
-67.060188
-67.174957
-67.191216
-67.252350
-67.234787
-67.189491
-67.254585
-67.346481
-67.486229
-67.387199
-67.305557
-67.339226
-67.464394
-67.376549
-67.408203
-67.419891
-67.406151
-67.546158
-67.525597
-67.487099
-67.624283
-67.449768
-67.480354
-67.554024
-67.669678
-67.489861
-67.460396
-67.514725
-67.621933
-67.489952
-67.412224
-67.457031
-67.629539
-67.349205
-67.443459
-67.528198
-67.442482
-67.398911
-67.491371
-67.431374
-67.486458
-67.384140
-67.517845
-67.344635
-67.308914
-67.348320
-67.298386
-67.232727
-67.272469
-67.309669
-67.210258
-67.270477
-67.166000
-67.196083
-67.158607
-67.170647
-67.174660
-67.184212
-66.879517
-67.091141
-67.222237
-66.996193
-66.910057
-67.015991
-66.946388
-66.861801
-67.008423
-66.978058
-67.039696
-66.835358
-66.926834
-66.960899
-66.986488
-66.804962
-66.908333
-66.896866
-66.826950
-66.902740
-66.819641
-66.776100
-66.756401
-66.779579
-66.820587
-66.842468
-66.700073
-66.648857
-66.803200
-66.910141
-66.697998
-66.697578
-66.789009
-66.742554
-66.795715
-66.676567
-66.755211
-66.619743
-66.573555
-66.646004
-66.838730
-66.661331
-66.530731
-66.549622
-66.709335
-66.655693
-66.572815
-66.462006
-66.604813
-66.598351
-66.540611
-66.491684
-66.605423
-66.470345
-66.593750
-66.408295
-66.466690
-66.420105
-66.508469
-66.367691
-66.486107
-66.478828
-66.301750
-66.329735
-66.260025
-66.431641
-66.319763
-66.264572
-66.262955
-66.368546
-66.241776
-66.043068
-66.314484
-66.240379
-66.086121
-65.899117
-66.197823
-66.189224
-65.997787
-65.930420
-65.871063
-65.930702
-65.833023
-65.712669
-65.759102
-65.739754
-65.699036
-65.595673
-65.571449
-65.599358
-65.490097
-65.433029
-65.315704
-65.459435
-65.288757
-65.142815
-65.100891
-65.184036
-65.156784
-64.851166
-64.917625
-64.863625
-64.974617
-64.826759
-64.634895
-64.705688
-64.744652
-64.679329
-64.406052
-64.489059
-64.613289
-64.437851
-64.238396
-64.271172
-64.289665
-64.112335
-64.061432
-64.017006
-64.078926
-63.824280
-63.714622
-63.863647
-63.549240
-63.539883
-63.461678
-63.460644
-63.369209
-63.219776
-63.250149
-63.124096
-63.058647
-62.975529
-63.077072
-62.926598
-62.812992
-62.827927
-62.743679
-62.777267
-62.651970
-62.619019
-62.525578
-62.459091
-62.385937
-62.197334
-62.272186
-62.220383
-62.237091
-62.008518
-62.045238
-62.019745
-61.972000
-61.898327
-61.956406
-61.855915
-61.679203
-61.765144
-61.813629
-61.539318
-61.589527
-61.467831
-61.367416
-61.403484
-61.260395
-61.130779
-61.158012
-61.119850
-60.988785
-60.992828
-60.813778
-60.717133
-60.753101
-60.884033
-60.708527
-60.485252
-60.537807
-60.480846
-60.535370
-60.332020
-60.288197
-60.211361
-60.221001
-60.024826
-59.956875
-60.041454
-59.758255
-59.758785
-59.756779
-59.829990
-59.600819
-59.499741
-59.340919
-59.434216
-59.341850
-59.286201
-59.107769
-59.108299
-58.983044
-58.845871
-58.694366
-58.699589
-58.626617
-58.457169
-58.470383
-58.282562
-58.265888
-58.073795
-58.083885
-57.944595
-57.862404
-57.864056
-57.707245
-57.509552
-57.486088
-57.470570
-57.435593
-57.204903
-57.141521
-57.102242
-56.946732
-56.875286
-56.766262
-56.710773
-56.468739
-56.466862
-56.386406
-56.314693
-56.109592
-55.909203
-55.984806
-55.810841
-55.686363
-55.616905
-55.544888
-55.348133
-55.286476
-55.280037
-55.073795
-55.018768
-54.824841
-54.866291
-54.693199
-54.551991
-54.406147
-54.351917
-54.281849
-54.067413
-53.997654
-53.987259
-53.846050
-53.627956
-53.631859
-53.540649
-53.436100
-53.333408
-53.223892
-53.170532
-53.038982
-53.000835
-52.836182
-52.841892
-52.621799
-52.572189
-52.608215
-52.517815
-52.361080
-52.224880
-52.216499
-52.159546
-52.033718
-51.970341
-51.886871
-51.871117
-51.787491
-51.680595
-51.601475
-51.577389
-51.437592
-51.438797
-51.447365
-51.401604
-51.278625
-51.242485
-51.162472
-51.114540
-51.131905
-51.102356
-51.030025
-51.034935
-51.024483
-51.018307
-50.904911
-50.851097
-50.885868
-50.792213
-50.898880
-50.817356
-50.748779
-50.774372
-50.743034
-50.669132
-50.727390
-50.797169
-50.636166
-50.494469
-50.658604
-50.583389
-50.582504
-50.419331
-50.483585
-50.529266
-50.597679
-50.350323
-50.351276
-50.421566
-50.285736
-50.327011
-50.375729
-50.252087
-50.306454
-50.266956
-50.238033
-50.180294
-50.255272
-50.155445
-50.121414
-50.112965
-50.173481
-50.126034
-50.157085
-50.095882
-49.975559
-50.048424
-50.067539
-49.967323
-49.966717
-49.951900
-49.929710
-50.001060
-49.867783
-49.682621
-49.826855
-49.662155
-49.598755
-49.494041
-49.513470
-49.611103
-49.472740
-49.343418
-49.330494
-49.528835
-49.191418
-49.276287
-49.526630
-49.369820
-49.207264
-49.153542
-49.381012
-49.087437
-49.089218
-49.084301
-49.033550
-48.910301
-48.838078
-48.697220
-48.602840
-48.605934
-48.252739
-48.303017
-48.474571
-48.445042
-48.255909
-48.177647
-48.333248
-48.282837
-48.251701
-48.084686
-48.071606
-48.025452
-47.874783
-47.639534
-47.683434
-47.597088
-47.415180
-47.381878
-47.480942
-47.059029
-46.945107
-46.957779
-47.043919
-46.922253
-46.633667
-46.558853
-46.597832
-46.553673
-46.185162
-46.222370
-46.062458
-45.938347
-45.843079
-45.809677
-45.697086
-45.726360
-45.440430
-45.510433
-45.567257
-45.394447
-45.111179
-45.276943
-45.292057
-45.168457
-44.953861
-44.943367
-44.884605
-44.746937
-44.361801
-44.326862
-44.321815
-44.217854
-44.092216
-44.178104
-44.025642
-44.007042
-43.864788
-43.842010
-43.720879
-43.783474
-43.680462
-43.573215
-43.523487
-43.411476
-43.395622
-43.124329
-43.176777
-43.219135
-43.212132
-42.914459
-43.010242
-42.993763
-42.841335
-42.833752
-42.755821
-42.775314
-42.642750
-42.674465
-42.725487
-42.596088
-42.355263
-42.251854
-42.396027
-42.465858
-42.339417
-42.271385
-42.313469
-42.202015
-42.140911
-42.120338
-42.147186
-42.296150
-42.226589
-42.308456
-42.253548
-42.221333
-42.099236
-42.102615
-41.982002
-42.200016
-42.036327
-42.036152
-42.161015
-42.181583
-41.945305
-41.910740
-42.039036
-41.990833
-41.990093
-42.224361
-42.175209
-42.203499
-42.154316
-42.082706
-42.182785
-42.173958
-42.156792
-42.202724
-42.109028
-42.218311
-42.215782
-42.186195
-42.188576
-42.187492
-42.199310
-42.333473
-42.209450
-42.328655
-42.233921
-42.334473
-42.441685
-42.352570
-42.359455
-42.324898
-42.276588
-42.446018
-42.530502
-42.305408
-42.300735
-42.435165
-42.477829
-42.532795
-42.429897
-42.472656
-42.319420
-42.427734
-42.477924
-42.563412
-42.511635
-42.519932
-42.516983
-42.591564
-42.686390
-42.473507
-42.550312
-42.566509
-42.734676
-42.677357
-42.664684
-42.525894
-42.584743
-42.720581
-42.632126
-42.586864
-42.597076
-42.659817
-42.630798
-42.782436
-42.809467
-42.712166
-42.574329
-42.657001
-42.805531
-42.757183
-42.690754
-42.587200
-42.758427
-42.746357
-42.712311
-42.671406
-42.646976
-42.738407
-42.438316
-42.734585
-42.799515
-42.631577
-42.500706
-42.505333
-42.784977
-42.667580
-42.617237
-42.460434
-42.703426
-42.607903
-42.633556
-42.685463
-42.555798
-42.621037
-42.618492
-42.664776
-42.665287
-42.739613
-42.673481
-42.595081
-42.696846
-42.667976
-42.663155
-42.666729
-42.716557
-42.766739
-42.762367
-42.778198
-42.785866
-42.860031
-42.627853
-42.686703
-42.814129
-42.863190
-42.765018
-42.686539
-42.827393
-42.766033
-42.806351
-42.658947
-42.932186
-42.884499
-42.664570
-42.684177
-42.876812
-42.842598
-42.535122
-42.647949
-42.566040
-42.623890
-42.554256
-42.470329
-42.538387
-42.460346
-42.355423
-42.366512
-42.545532
-42.485233
-42.366623
-42.427765
-42.452831
-42.510551
-42.271595
-42.298592
-42.349735
-42.289120
-42.191830
-42.331314
-42.287910
-42.085472
-42.141758
-42.228027
-42.169777
-42.075516
-42.037064
-42.132618
-42.128162
-42.029484
-41.784527
-41.843987
-42.174942
-41.834412
-41.644749
-41.598011
-41.764694
-41.605911
-41.573330
-41.440559
-41.617954
-41.432247
-41.320881
-41.408150
-41.629688
-41.371479
-41.168869
-41.374176
-41.360760
-40.864166
-40.952110
-40.995277
-41.050510
-40.739597
-40.661541
-40.570381
-40.651440
-40.564289
-40.711445
-40.786369
-40.587334
-40.544651
-40.675262
-40.951515
-41.173470
-40.960777
-40.899853
-40.948448
-41.022781
-40.833008
-40.747269
-40.611374
-40.496433
-40.493317
-40.369545
-40.369564
-40.296539
-40.133469
-39.915359
-40.018311
-40.191444
-39.935158
-40.165707
-40.259888
-40.309444
-40.125786
-39.940720
-39.783501
-39.741524
-39.678677
-39.574524
-39.726254
-39.390358
-39.140392
-38.934803
-39.024742
-38.893372
-38.685768
-38.913116
-38.842022
-38.874187
-38.692352
-38.668808
-38.654835
-38.522743
-38.601540
-38.644173
-38.848137
-38.696369
-38.588978
-38.222931
-38.125687
-38.188332
-37.754189
-37.631977
-37.496117
-37.768883
-38.045273
-37.790951
-37.289646
-37.124973
-37.221493
-37.150894
-37.097698
-37.000511
-36.867340
-36.837467
-36.857479
-36.661915
-36.371643
-36.152405
-36.046589
-36.451214
-36.562771
-36.233715
-35.989132
-35.924496
-35.999672
-35.911514
-36.045918
-35.939430
-35.834270
-35.833176
-35.995670
-35.877716
-35.510456
-35.321098
-35.433796
-35.594757
-35.524971
-35.434952
-35.310116
-35.285999
-35.221970
-35.480904
-35.482475
-35.253845
-35.140732
-35.578285
-35.808441
-35.546486
-35.438839
-35.462391
-35.666824
-35.665806
-35.779461
-35.813332
-35.843498
-35.771927
-35.861412
-36.215645
-36.099651
-35.958302
-36.090103
-36.323231
-36.271137
-36.289360
-36.241299
-36.141022
-36.421787
-36.303822
-36.457237
-36.406315
-36.386932
-36.139709
-36.373180
-36.200512
-36.342781
-36.443584
-36.215244
-36.368435
-36.780025
-36.765556
-36.597626
-36.762424
-36.977448
-36.920414
-37.242004
-37.100536
-37.112564
-37.158337
-37.202065
-37.306828
-37.325001
-37.298515
-37.321629
-37.564266
-37.481659
-37.583069
-37.653885
-37.711319
-37.491009
-37.732262
-37.742378
-37.823719
-37.932308
-37.916080
-37.805836
-37.965710
-37.945599
-37.860050
-37.828121
-37.907043
-38.007343
-38.027859
-38.037136
-38.038506
-37.985058
-37.927376
-38.145817
-38.058067
-38.069778
-38.030289
-38.189507
-38.115547
-38.271797
-38.212296
-38.095005
-38.174236
-38.101742
-38.193195
-38.421158
-38.346012
-38.110672
-38.274853
-38.418003
-38.241390
-38.532539
-38.252640
-38.418369
-38.400318
-38.444572
-38.294899
-38.558086
-38.549511
-38.380680
-38.496166
-38.495022
-38.700603
-38.350731
-38.571136
-38.510345
-38.776806
-38.613842
-38.492050
-38.778767
-38.774185
-38.752888
-38.741421
-38.781738
-38.773651
-38.762268
-38.799675
-38.883953
-38.985729
-38.849003
-38.932621
-38.915855
-38.968121
-39.093624
-39.131264
-38.996750
-39.047100
-39.077400
-39.197739
-39.249435
-39.216553
-38.968796
-39.163616
-39.336960
-39.260292
-39.186729
-39.271233
-39.288738
-39.208267
-39.228970
-39.366055
-39.388355
-39.224239
-39.241295
-39.352036
-39.545879
-39.393517
-39.191044
-39.414848
-39.532890
-39.607906
-39.445992
-39.360695
-39.392384
-39.567146
-39.602337
-39.458961
-39.632568
-39.524868
-39.502838
-39.634991
-39.713806
-39.607265
-39.563606
-39.599197
-39.637672
-39.850845
-39.644634
-39.655235
-39.558563
-39.808254
-39.756310
-39.793739
-39.755589
-39.797825
-39.817921
-39.804916
-39.934372
-39.887863
-39.788982
-39.759811
-39.938282
-39.992641
-39.808735
-40.000633
-39.968124
-39.945278
-39.940933
-39.975559
-39.979118
-40.002460
-39.965397
-39.934128
-40.101898
-40.067421
-39.965668
-39.875282
-40.105469
-40.094151
-39.897884
-40.043533
-40.100372
-40.136406
-39.866032
-40.050877
-40.228119
-40.115814
-40.009544
-39.933472
-40.244019
-39.998981
-40.045456
-40.018814
-40.162693
-40.102783
-40.071838
-39.894459
-40.029308
-40.225613
-39.943928
-40.026936
-40.079643
-40.084015
-40.153393
-39.952404
-40.000805
-40.025944
-40.142391
-39.834396
-39.892841
-40.105698
-39.939030
-39.885113
-39.898697
-40.030369
-39.945190
-39.893925
-39.946274
-40.009190
-39.959015
-40.022995
-40.098320
-40.035904
-40.015369
-39.971001
-40.000618
-40.004795
-40.022766
-39.861736
-40.060932
-40.063648
-39.926029
-39.963223
-39.995911
-39.922382
-40.031742
-39.964329
-39.986809
-40.116356
-40.063763
-40.018707
-40.061043
-40.121132
-40.037090
-39.953094
-40.060574
-40.220337
-40.141102
-40.099789
-40.103691
-40.217068
-40.024452
-40.125450
-40.032070
-40.146458
-40.185829
-40.078804
-40.165405
-40.248634
-39.999569
-40.149712
-40.067310
-40.143696
-40.182838
-40.147015
-40.054886
-40.055107
-40.118507
-39.993519
-40.100327
-40.177082
-40.057377
-40.013081
-40.064487
-40.039139
-40.090580
-40.072361
-39.953632
-40.134846
-39.928627
-40.013920
-39.985039
-40.098839
-39.956005
-40.057636
-39.909386
-39.934471
-40.068230
-39.881542
-39.772766
-39.956562
-39.987377
-39.780785
-39.798248
-39.964375
-39.923409
-39.795197
-39.801598
-39.870289
-39.720486
-39.740147
-39.863983
-39.773357
-39.733929
-39.616520
-39.734272
-39.754990
-39.651653
-39.634663
-39.696205
-39.680553
-39.636181
-39.688385
-39.648849
-39.604439
-39.662693
-39.614868
-39.581997
-39.414570
-39.686455
-39.552631
-39.504593
-39.452774
-39.574310
-39.452507
-39.450077
-39.439823
-39.628437
-39.495159
-39.324909
-39.532852
-39.675961
-39.494247
-39.345459
-39.450104
-39.605701
-39.560337
-39.400883
-39.359493
-39.560291
-39.615631
-39.354763
-39.352428
-39.504021
-39.604282
-39.566906
-39.425106
-39.368755
-39.534389
-39.417412
-39.472336
-39.492695
-39.472549
-39.324684
-39.531494
-39.434532
-39.408916
-39.364521
-39.445026
-39.287258
-39.371864
-39.462009
-39.507702
-39.214481
-39.225471
-39.408852
-39.409019
-39.323448
-39.236198
-39.297634
-39.346756
-39.291443
-39.235958
-39.278778
-39.351452
-39.094261
-39.285275
-39.275017
-39.231770
-39.348404
-39.191780
-39.203358
-39.260597
-39.276394
-39.180603
-39.160652
-39.268269
-39.220745
-39.214321
-39.202427
-39.173359
-39.130981
-39.095997
-39.147552
-39.110046
-39.217125
-39.047379
-39.114594
-38.999275
-39.089523
-39.064117
-38.969505
-39.033825
-38.975113
-38.880913
-38.988762
-39.017830
-38.891689
-38.723129
-38.906033
-38.919891
-38.799969
-38.809357
-38.889507
-38.818375
-38.707108
-38.614811
-38.723335
-38.798737
-38.617847
-38.632591
-38.683907
-38.589291
-38.490723
-38.461029
-38.571774
-38.525890
-38.541527
-38.225071
-38.368927
-38.282848
-38.180916
-38.174038
-38.105389
-38.115410
-38.034828
-38.077812
-37.824982
-37.898064
-37.694523
-37.732449
-37.619881
-37.520416
-37.536591
-37.371357
-37.256031
-37.153584
-37.072769
-37.048862
-36.883080
-36.713268
-36.610344
-36.727058
-36.431385
-36.315201
-36.284916
-36.127373
-36.014172
-35.852108
-35.822224
-35.727470
-35.482449
-35.248249
-35.348881
-35.316002
-35.005089
-34.771622
-34.964001
-34.753513
-34.507030
-34.364590
-34.399437
-34.259232
-34.168118
-34.024532
-33.726448
-33.862942
-33.798634
-33.629105
-33.283684
-33.451740
-33.277519
-33.234524
-33.085629
-33.097816
-33.035950
-32.794662
-32.828602
-32.814213
-32.644798
-32.511185
-32.502941
-32.511265
-32.503193
-32.426723
-32.414345
-32.269478
-32.263496
-32.235184
-32.279926
-32.283337
-32.189495
-32.112698
-32.128956
-32.217419
-32.255749
-32.185146
-32.067966
-32.093681
-32.320515
-32.252720
-32.370907
-32.105881
-32.366909
-32.392811
-32.360855
-32.478699
-32.523029
-32.463387
-32.478840
-32.680672
-32.714771
-32.849163
-32.734810
-32.765556
-32.972561
-33.050171
-33.022869
-33.102230
-33.136471
-33.288555
-33.374023
-33.425896
-33.419220
-33.494396
-33.529221
-33.521534
-33.769104
-33.753696
-33.678215
-33.793720
-33.809013
-33.873196
-33.965885
-33.989510
-33.942326
-34.049477
-34.104969
-34.142487
-34.266640
-34.302467
-34.254768
-34.042454
-34.449471
-34.530418
-34.497036
-34.257610
-34.544247
-34.560272
-34.638149
-34.611454
-34.495247
-34.716892
-34.649422
-34.633514
-34.581810
-34.743000
-34.697010
-34.547493
-34.585648
-34.710297
-34.845982
-34.470142
-34.539013
-34.757225
-34.600117
-34.493305
-34.540546
-34.529091
-34.491310
-34.595299
-34.645466
-34.474400
-34.542355
-34.294701
-34.544785
-34.445210
-34.352562
-34.285404
-34.414833
-34.359852
-34.258076
-34.123161
-34.020798
-34.046181
-34.065266
-34.178570
-34.201935
-33.927258
-33.770145
-33.764595
-33.893253
-33.946079
-33.716343
-33.572495
-33.575096
-33.521282
-33.632153
-33.418808
-33.529884
-33.436783
-33.438824
-33.270870
-33.541313
-33.519070
-33.409771
-33.445332
-33.351967
-33.258865
-33.381649
-33.430908
-33.207825
-33.029221
-33.247787
-33.147125
-33.083336
-33.078476
-33.137444
-33.073956
-33.090454
-33.079140
-33.189537
-33.009125
-32.904160
-32.959305
-33.071423
-32.901508
-32.993755
-32.882046
-32.868553
-32.949024
-32.878498
-32.950344
-32.906860
-33.049564
-32.874756
-32.971844
-33.178673
-32.960499
-32.941547
-33.104832
-33.082100
-33.126141
-33.121555
-33.114349
-33.054337
-33.066959
-33.014957
-33.310417
-32.995403
-33.003159
-33.183521
-33.112850
-33.058231
-33.185822
-33.282471
-33.175571
-33.184879
-33.202702
-33.269260
-33.231739
-33.308853
-33.392509
-33.171768
-33.189655
-33.227257
-33.270962
-33.308697
-33.274597
-33.353600
-33.469662
-33.453625
-33.305981
-33.261227
-33.513874
-33.508739
-33.406902
-33.492558
-33.622711
-33.538963
-33.455772
-33.360264
-33.693195
-33.574299
-33.609325
-33.522850
-33.665573
-33.452023
-33.582092
-33.661125
-33.639942
-33.594284
-33.630943
-33.718868
-33.725887
-33.715073
-33.569931
-33.762150
-33.621441
-33.743507
-33.689262
-33.895283
-33.682899
-33.745914
-33.933735
-33.912914
-33.688614
-33.701321
-33.772610
-33.846760
-33.961643
-33.865383
-33.782513
-33.680397
-33.930061
-33.786110
-33.861698
-33.840733
-33.848827
-33.959812
-34.067936
-34.024750
-33.952908
-33.835453
-33.931694
-33.888630
-34.059582
-34.070408
-34.051155
-33.818180
-33.952053
-34.131821
-33.891506
-34.168781
-33.945805
-33.945477
-33.983482
-34.002335
-34.020905
-34.011341
-33.940823
-33.996891
-34.045769
-33.892956
-33.929279
-33.911209
-34.060566
-33.781536
-33.905495
-34.081654
-33.927910
-33.723125
-33.832184
-34.013332
-33.911682
-33.857670
-33.749165
-33.820026
-33.880753
-33.857124
-33.768814
-33.766022
-33.711693
-33.733337
-33.719498
-33.869194
-33.729893
-33.664192
-33.606819
-33.713364
-33.856197
-33.728001
-33.636574
-33.458862
-33.782146
-33.635464
-33.731403
-33.580292
-33.615055
