Az       (ft/s^2)
-34.414833
-34.359852
-34.258076
-34.123161
-34.020798
-34.046181
-34.065266
-34.178570
-34.201935
-33.927258
-33.770145
-33.764595
-33.893253
-33.946079
-33.716343
-33.572495
-33.575096
-33.521282
-33.632153
-33.418808
-33.529884
-33.436783
-33.438824
-33.270870
-33.541313
-33.519070
-33.409771
-33.445332
-33.351967
-33.258865
-33.381649
-33.430908
-33.207825
-33.029221
-33.247787
-33.147125
-33.083336
-33.078476
-33.137444
-33.073956
-33.090454
-33.079140
-33.189537
-33.009125
-32.904160
-32.959305
-33.071423
-32.901508
-32.993755
-32.882046
-32.868553
-32.949024
-32.878498
-32.950344
-32.906860
-33.049564
-32.874756
-32.971844
-33.178673
-32.960499
-32.941547
-33.104832
-33.082100
-33.126141
-33.121555
-33.114349
-33.054337
-33.066959
-33.014957
-33.310417
-32.995403
-33.003159
-33.183521
-33.112850
-33.058231
-33.185822
-33.282471
-33.175571
-33.184879
-33.202702
-33.269260
-33.231739
-33.308853
-33.392509
-33.171768
-33.189655
-33.227257
-33.270962
-33.308697
-33.274597
-33.353600
-33.469662
-33.453625
-33.305981
-33.261227
-33.513874
-33.508739
-33.406902
-33.492558
-33.622711
-33.538963
-33.455772
-33.360264
-33.693195
-33.574299
-33.609325
-33.522850
-33.665573
-33.452023
-33.582092
-33.661125
-33.639942
-33.594284
-33.630943
-33.718868
-33.725887
-33.715073
-33.569931
-33.762150
-33.621441
-33.743507
-33.689262
-33.895283
-33.682899
-33.745914
-33.933735
-33.912914
-33.688614
-33.701321
-33.772610
-33.846760
-33.961643
-33.865383
-33.782513
-33.680397
-33.930061
-33.786110
-33.861698
-33.840733
-33.848827
-33.959812
-34.067936
-34.024750
-33.952908
-33.835453
-33.931694
-33.888630
-34.059582
-34.070408
-34.051155
-33.818180
-33.952053
-34.131821
-33.891506
-34.168781
-33.945805
-33.945477
-33.983482
-34.002335
-34.020905
-34.011341
-33.940823
-33.996891
-34.045769
-33.892956
-33.929279
-33.911209
-34.060566
-33.781536
-33.905495
-34.081654
-33.927910
-33.723125
-33.832184
-34.013332
-33.911682
-33.857670
-33.749165
-33.820026
-33.880753
-33.857124
-33.768814
-33.766022
-33.711693
-33.733337
-33.719498
-33.869194
-33.729893
-33.664192
-33.606819
-33.713364
-33.856197
-33.728001
-33.636574
-33.458862
-33.782146
-33.635464
-33.731403
-33.580292
-33.615055
-33.708439
-33.695377
-33.537025
-33.390102
-33.603764
-33.595989
-33.646103
-33.600861
-33.544441
-33.481804
-33.435772
-33.418907
-33.624393
-33.570354
-33.468742
-33.505966
-33.574718
-33.365479
-33.677475
-33.538139
-33.476566
-33.320248
-33.505074
-33.694397
-33.566162
-33.472931
-33.381401
-33.420719
-33.521145
-33.655666
-33.466152
-33.434021
-33.525009
-33.555412
-33.571968
-33.607388
-33.446709
-33.538517
-33.576786
-33.694530
-33.565063
-33.773312
-33.582996
-33.424641
-33.740166
-33.780510
-33.635742
-33.398415
-33.683777
-33.656555
-33.737778
-33.613113
-33.489960
-33.677799
-33.490147
-33.713020
-33.652748
-33.557262
-33.583870
-33.575764
-33.571835
-33.712067
-33.637493
-33.516205
-33.595261
-33.692577
-33.718861
-33.733055
-33.484776
-33.638603
-33.708069
-33.578880
-33.740009
-33.800758
-33.650517
-33.442196
-33.736843
-33.829933
-33.603745
-33.494186
-33.512440
-33.804516
-33.745747
-33.502163
-33.775013
-33.479301
-33.557583
-33.755676
-33.845665
-33.516052
-33.624432
-33.560383
-33.648010
-33.738308
-33.635067
-33.726746
-33.596294
-33.654720
-33.615479
-33.635178
-33.635185
-33.600227
-33.657089
-33.534801
-33.719444
-33.629803
-33.580780
-33.522343
-33.685673
-33.569260
-33.607357
-33.550640
-33.504124
-33.688229
-33.582905
-33.480675
-33.468060
-33.524033
-33.524345
-33.550137
-33.525463
-33.514462
-33.486767
-33.469662
-33.650517
-33.212746
-33.558868
-33.592350
-33.414200
-33.261730
-33.577286
-33.490688
-33.509583
-33.372330
-33.408684
-33.691162
-33.309700
-33.312969
-33.443321
-33.553364
-33.424885
-33.455006
-33.456467
-33.525528
-33.355465
-33.294380
-33.473011
-33.516697
-33.220604
-33.309677
-33.437904
-33.374760
-33.329338
-33.233055
-33.218472
-33.294418
-33.296898
-33.303684
-33.146130
-33.311825
-33.234264
-32.948883
-32.980553
-33.396839
-33.085854
-32.975784
-32.987312
-33.216805
-33.132332
-32.881516
-32.907528
-32.995682
-32.899437
-32.891323
-32.870026
-32.932159
-32.848755
-32.708969
-32.663239
-32.754078
-32.842411
-32.761520
-32.678905
-32.562595
-32.661221
-32.735619
-32.603210
-32.716362
-32.454994
-32.512825
-32.468498
-32.700951
-32.534866
-32.523132
-32.333893
-32.417393
-32.691795
-32.556435
-32.391102
-32.191875
-32.523056
-32.469738
-32.207626
-32.493107
-32.382610
-32.334656
-32.091743
-32.490921
-32.246861
-32.439621
-32.132576
-32.111244
-32.295155
-32.126904
-32.257183
-32.297649
-32.304058
-31.934881
-32.118637
-32.358849
-32.160999
-32.090511
-32.238033
-32.181839
-32.340080
-32.090775
-32.045151
-32.163952
-32.124577
-32.136524
-32.200535
-32.211208
-32.048752
-32.114243
-32.061535
-32.263348
-32.207336
-32.119160
-32.070309
-32.124184
-32.426544
-32.207973
-32.165714
-32.187717
-32.231773
-32.225372
-32.088455
-32.109436
-32.398182
-32.161236
-32.107395
-32.216717
-32.305599
-32.098068
-32.270092
-32.316826
-32.210709
-32.262840
-32.248032
-32.365955
-32.312611
-32.344368
-32.194073
-32.471058
-32.519817
-32.315331
-32.340672
-32.645496
-32.364094
-32.374458
-32.450443
-32.525631
-32.662971
-32.579689
-32.363434
-32.562454
-32.709824
-32.536209
-32.558064
-32.498371
-32.685692
-32.605125
-32.689327
-32.599434
-32.648151
-32.554966
-32.592606
-32.782261
-32.592663
-32.687054
-32.508099
-32.799404
-32.856682
-32.855026
-32.847691
-32.890007
-32.817471
-33.016296
-32.776424
-32.627872
-33.102428
-32.956917
-32.712170
-32.819729
-33.058182
-32.911777
-32.751755
-32.996784
-33.128681
-33.145802
-33.029655
-33.045135
-33.195412
-33.225929
-32.989422
-33.150414
-33.187336
-33.042995
-33.282013
-33.127125
-33.244434
-33.337322
-33.358669
-33.072441
-33.419189
-33.617535
-33.337276
-33.610428
-33.427361
-33.390881
-33.601585
-33.580555
-33.505684
-33.818951
-33.785660
-33.672012
-33.745888
-33.961914
-34.154297
-34.072544
-33.864620
-34.208900
-34.309566
-34.290279
-34.347469
-34.367241
-34.480701
-34.552986
-34.442741
-34.643417
-34.743904
-34.899597
-34.754734
-35.009457
-35.197281
-35.073521
-35.105450
-35.231037
-35.486317
-35.655628
-35.549217
-35.817783
-35.848854
-35.984150
-35.851196
-36.257908
-36.399624
-36.584843
-36.539005
-36.424358
-36.759838
-37.050423
-37.141624
-37.268036
-37.412758
-37.562656
-37.637093
-37.831848
-38.128277
-38.117855
-38.206604
-38.330471
-38.536499
-38.841755
-38.967319
-38.918243
-39.069386
-39.426586
-39.662304
-39.964306
-40.126770
-40.280209
-40.330757
-40.620811
-41.017334
-40.996655
-41.164677
-41.323685
-41.720867
-41.918636
-42.079628
-42.237068
-42.162735
-42.642628
-42.693596
-43.099945
-43.119995
-43.318481
-43.396431
-43.652477
-43.901844
-43.870518
-43.993835
-44.080757
-44.364674
-44.508385
-44.585278
-44.681362
-44.976353
-44.842087
-44.911121
-45.399868
-45.329979
-45.579315
-45.444305
-45.784714
-45.942234
-45.871349
-45.816185
-46.205429
-46.235519
-46.147339
-46.203869
-46.453873
-46.415653
-46.408298
-46.729736
-46.653633
-46.642094
-46.751381
-46.618435
-47.037159
-46.946236
-46.831753
-46.672165
-46.810360
-47.068199
-46.874352
-46.831223
-46.864346
-46.729187
-46.922974
-46.756001
-46.598137
-46.892155
-46.962120
-46.995342
-46.815845
-46.411846
-46.630535
-46.594223
-46.567425
-46.724365
-46.743053
-46.578793
-46.448109
-46.576721
-46.677242
-46.944115
-46.666256
-46.339508
-46.855892
-46.829708
-46.830265
-46.550396
-46.767696
-47.339916
-46.989956
-47.198593
-47.028942
-47.336899
-47.327465
-47.316315
-47.346909
-47.207458
-47.365589
-47.238434
-47.632359
-47.706764
-47.467216
-47.563141
-47.590439
-47.853039
-47.888050
-47.914921
-48.114178
-47.998619
-48.064766
-48.080139
-48.058846
-48.094090
-48.011688
-48.064716
-48.209591
-48.094410
-48.452335
-48.227978
-48.234718
-48.622414
-48.741295
-48.603462
-48.548893
-48.626629
-48.862228
-48.978970
-49.074493
-48.657211
-48.656391
-48.877563
-49.008110
-49.082382
-48.716938
-49.036041
-48.968670
-49.374649
-49.238026
-49.413166
-49.392811
-49.204597
-49.388844
-49.679718
-49.789055
-49.755024
-49.425690
-49.644222
-49.983307
-49.892017
-50.008327
-50.052853
-50.224976
-50.212849
-50.205002
-50.300442
-50.313755
-50.485924
-50.480919
-50.636627
-50.747139
-50.656372
-50.671169
-50.875900
-50.953587
-51.077843
-51.137100
-51.080856
-51.264690
-51.448627
-51.602661
-51.807804
-51.819942
-51.684273
-51.823723
-51.989117
-51.888943
-52.113380
-52.115173
-52.218773
-52.462952
-52.491943
-52.562130
-52.386177
-52.739120
-52.689857
-52.810127
-52.995029
-53.060207
-53.550491
-53.499081
-53.328136
-53.393036
-53.501251
-53.731609
-53.695866
-53.853241
-53.880646
-54.032257
-54.299026
-54.079552
-54.402245
-54.212589
-54.481701
-54.495842
-54.765549
-54.893970
-54.751316
-54.825714
-55.033993
-55.316914
-55.306400
-55.058372
-55.194180
-55.469292
-55.579933
-55.792645
-55.747982
-55.743462
-55.799587
-55.952023
-56.190899
-55.987007
-56.235229
-56.217934
-56.362053
-56.534286
-56.514896
-56.717480
-56.643715
-56.614826
-56.885101
-57.058498
-57.172451
-57.052284
-57.314529
-57.331486
-57.545765
-57.708313
-57.653389
-57.847420
-57.822823
-57.973064
-58.038364
-58.057625
-58.287560
-58.164898
-58.338676
-58.496342
-58.668530
-58.793663
-58.716969
-58.699123
-58.727894
-59.067131
-59.369122
-59.035480
-59.277275
-59.246788
-59.604004
-59.364922
-59.429173
-59.790318
-59.835461
-59.715302
-59.921196
-60.210747
-60.221840
-60.017246
-60.241009
-60.430557
-60.629108
-60.587528
-60.749107
-60.913898
-60.901638
-60.878021
-61.092144
-61.105106
-61.070816
-61.166752
-61.344639
-61.439686
-61.365177
-61.566544
-61.545456
-61.706600
-61.848289
-61.888950
-62.324963
-62.029282
-62.123981
-62.144276
-62.476997
-62.613182
-62.439259
-62.387993
-62.575104
-62.679268
-63.020306
-62.757519
-62.681534
-62.714661
-62.953663
-63.131493
-63.198891
-62.971611
-62.709332
-63.074566
-63.230896
-63.222599
-63.187496
-63.112251
-63.333839
-63.365910
-63.397968
-63.440472
-63.393120
-63.474575
-63.561237
-63.670918
-63.577408
-63.498100
-63.617260
-63.694176
-63.856232
-63.637836
-63.578636
-63.904175
-63.831539
-63.985550
-63.953262
-64.000237
-64.174942
-63.805573
-64.021576
-64.215790
-64.308983
-64.149246
-64.232071
-64.302765
-64.184326
-64.272354
-64.277672
-64.323135
-64.383461
-64.371559
-64.651283
-64.477440
-64.538826
-64.584480
-64.481071
-64.763420
-64.709175
-64.778458
-64.763519
-64.987556
-64.975647
-64.663376
-64.977608
-64.894905
-64.860146
-64.971260
-65.105080
-65.197777
-65.154846
-65.183914
-65.290520
-65.067986
-65.247169
-65.325912
-65.495430
-65.276382
-65.254967
-65.458122
-65.481415
-65.610718
-65.332687
-65.201820
-65.656029
-65.658943
-65.645287
-65.525185
-65.500412
-65.749016
-65.667885
-65.852242
-65.654190
-65.960312
-65.815948
-65.719147
-65.885506
-65.791611
-65.864922
-65.797569
-65.944817
-65.961288
-65.878334
-65.961006
-65.952316
-65.939674
-65.893791
-65.790779
-66.039963
-65.994125
-65.979393
-65.925842
-65.809517
-65.688011
-65.729752
-65.791115
-65.808342
-65.793190
-65.807838
-65.787308
-65.759720
-65.722496
-65.700783
-65.757614
-65.805000
-65.746330
-65.729454
-65.805389
-65.595573
-65.597214
-65.732887
-65.612953
-65.641289
-65.534378
-65.691978
-65.736137
-65.596855
-65.362000
-65.382545
-65.602844
-65.731026
-65.522453
-65.561142
-65.341370
-65.475655
-65.481903
-65.353050
-65.461975
-65.336769
-65.273743
-65.453072
-65.386078
-65.485062
-65.179375
-65.258232
-65.146255
-65.417908
-65.338516
-65.349274
-65.385239
-65.077560
-65.249466
-65.292122
-65.286377
-65.136009
-65.047745
-65.428116
-65.274490
-65.088539
-65.070122
-65.052483
-65.048691
-64.985802
-65.185318
-65.239487
-65.183044
-65.141296
-65.038033
-65.267242
-64.945663
-64.968567
-65.152817
-65.227005
-65.229126
-65.149551
-65.081779
-65.026428
-64.963196
-65.198990
-65.178909
-65.145943
-65.003395
-65.227432
-65.226425
-65.269768
-65.091225
-65.104118
-65.081436
-65.345840
-64.978966
-65.234024
-65.213699
-65.263687
-65.014801
-65.190643
-65.194672
-65.076302
-65.028793
-65.236580
-65.305252
-65.207367
-64.881371
-65.252052
-65.190666
-65.069023
-65.197975
-64.964325
-65.130013
-65.062042
-65.315948
-65.051453
-65.090134
-65.182617
-65.033401
-65.222786
-65.088631
-65.053627
-65.257751
-65.161674
-65.152916
-64.994011
-65.079071
-65.192635
-65.059685
-65.122620
-65.068588
-65.146713
-64.997009
-65.003311
-65.034134
-64.994041
-65.080330
-64.982834
-64.855072
-65.035942
-64.981270
-64.990273
-64.884354
-65.015701
-65.115082
-64.967216
-64.726814
-65.076653
-64.968063
-65.024742
-64.776138
-65.073914
-64.856888
-65.086761
-64.891541
-64.987572
-65.014221
-64.599464
-64.969795
-65.146523
-64.989952
-64.937767
-64.933609
-65.054550
-64.689293
-64.942802
-64.851318
-64.921539
-64.962364
-64.738297
-64.931900
-64.881004
-64.800423
-64.746704
-64.743408
-64.916527
-64.759476
-64.907776
-64.835564
-65.019272
-64.762840
-64.614555
-64.823082
-64.868118
-64.621208
-64.852638
-64.728699
-64.713844
-64.726791
-64.717896
-64.555260
-64.561066
-64.800339
-64.903305
-64.716286
-64.838768
-64.635193
-64.705544
-64.642685
-64.570686
-64.711281
-64.606316
-64.797394
-64.634254
-64.629959
-64.510887
-64.581505
-64.684937
-64.559052
-64.744919
-64.630417
-64.691139
-64.488388
-64.452362
-64.567650
-64.381958
-64.533966
-64.244270
-64.286545
-64.474358
-64.374069
-64.325722
-64.209297
-64.291473
-64.092590
-64.120338
-64.335091
-64.448395
-64.271446
-64.210678
-64.255905
-64.151237
-64.173454
-64.308212
-64.105156
-64.066475
-64.260445
-64.206757
-64.066383
-64.103813
-64.156250
-64.154259
-63.976006
-64.204414
-63.996956
-64.123367
-64.008690
-63.997337
-64.075073
-63.954868
-63.937351
-63.984299
-64.031860
-64.026863
-63.833874
-63.971851
-63.852417
-64.068947
-63.960506
-63.686672
-63.891380
-63.943737
-63.810463
-63.638962
-63.832630
-63.904858
-63.729542
-63.819649
-63.764668
-63.638126
-63.690704
-63.613934
-63.703590
-63.695599
-63.675705
-63.660236
-63.472397
-63.659428
-63.537575
-63.640648
-63.571262
-63.541256
-63.678963
-63.482666
-63.571220
-63.619057
-63.545105
-63.661854
-63.587513
-63.642342
-63.383320
-63.672638
-63.573650
-63.442574
-63.461220
-63.380749
-63.489491
-63.538307
-63.437702
-63.339046
-63.473244
-63.454670
-63.445328
-63.350349
-63.391857
-63.338310
-63.432945
-63.320011
-63.375534
-63.376152
-63.148853
-63.337677
-63.388863
-63.224991
-63.222851
-63.451710
-63.500225
-63.337368
-63.375301
-63.327629
-63.198723
-63.466648
-63.282871
-63.446728
-63.262798
-63.246311
-63.255474
-63.177811
-63.400105
-63.072525
-63.145020
-63.111012
-63.172440
-63.318508
-63.122875
-63.203064
-63.233173
-63.183048
-63.275227
-63.167740
-63.241894
-63.119549
-63.249592
-63.146816
-63.098701
-63.256836
-63.059292
-63.045372
-63.163006
-63.189247
-63.263454
-62.806664
-62.943954
-63.096161
-63.196003
-63.067001
-62.972145
-62.997608
-62.901329
-62.949993
-63.012394
-62.867496
-62.749500
-62.867401
-62.825871
-62.969379
-62.668495
-62.791092
-62.744152
-62.616405
-62.765106
-62.482826
-62.711552
-62.321407
-62.468269
-62.455963
-62.391453
-62.335117
-62.206993
-62.410263
-62.392548
-62.371460
-62.308250
-61.964413
-62.314354
-62.516178
-62.594875
-62.464783
-62.471096
-62.451077
-62.307259
-62.578209
-62.636681
-62.912289
-62.437550
-62.417892
-62.669743
-62.854176
-62.393658
-62.528126
-62.522888
-62.505836
-62.551285
-62.366478
-62.586430
-62.515324
-62.482868
-62.385960
-62.540947
-62.568584
-62.324764
-62.337097
-62.588825
-62.741837
-62.505116
-62.249287
-62.365070
-62.589695
-62.541943
-62.256634
-62.383801
-62.556541
-62.443333
-62.298737
-62.415497
-62.425968
-62.312233
-62.237614
-62.523384
-62.370453
-62.299015
-62.391483
-62.185684
-62.307198
-62.288837
-62.320541
-62.247948
-62.099358
-62.454597
-62.138317
-62.367096
-62.153919
-62.296120
-62.281075
-62.200581
-62.226410
-62.144016
-62.131725
-62.111923
-62.179737
-62.141739
-62.025551
-61.996662
-62.088715
-61.913570
-62.055222
-61.998322
-61.852314
-61.960594
-61.980469
-61.945087
-61.756088
-61.978104
-61.843777
-61.791519
-61.803646
-61.712997
-61.832085
-61.757813
-61.634617
-61.893391
-61.856552
-61.656437
-61.606964
-61.554787
-61.610332
-61.613003
-61.580486
-61.604431
-61.573269
-61.521591
-61.311874
-61.603146
-61.416809
-61.378304
-61.325085
-61.403702
-61.538429
-61.408001
-61.098854
-61.184635
-61.272362
-61.324879
-61.150150
-61.146225
-61.270988
-61.251163
-61.355404
-61.238094
-61.129665
-61.232426
-61.244808
-61.212837
-61.342773
-61.158928
-61.111149
-61.068645
-61.254993
-61.098446
-61.016972
-61.085411
-61.054222
-61.240177
-61.103184
-60.979023
-61.155277
-61.106136
-61.077648
-61.130615
-61.325989
-61.231098
-61.277191
-61.109779
-61.340157
-61.280571
-61.114605
-61.199665
-61.339397
-61.475540
-61.163082
-61.315464
-61.251774
-61.269165
-61.110428
-61.227890
-61.324005
-61.329548
-61.191097
-61.108192
-61.258385
-61.310585
-61.114639
-60.969742
-61.103382
-61.178326
-61.177032
-61.079929
-61.080734
-61.102894
-60.966965
-60.955021
-61.058598
-61.100891
-61.054920
-60.945042
-61.332352
-61.200798
-61.211113
-60.981087
-61.210869
-61.256001
-61.338970
-61.317677
-61.329994
-61.200150
-61.292435
-61.203247
-61.549686
-61.328506
-61.245525
-61.315697
-61.448792
-61.547546
-61.482254
-61.452755
-61.537243
-61.375462
-61.428341
-61.610985
-61.493423
-61.547882
-61.376019
-61.584435
-61.624928
-61.481174
-61.235409
-61.327904
-61.589928
-61.442322
-61.484604
-61.432652
-61.413128
-61.308475
-61.280575
-61.276981
-61.261101
-61.136600
-60.993217
-61.201832
-61.317703
-61.040173
-60.853035
-60.834061
-60.884781
-60.964394
-61.061195
-60.820019
-60.951359
-60.985306
-60.886227
-60.834080
-60.983181
-60.696426
-60.793858
-60.874542
-61.159889
-61.035198
-60.780235
-60.716778
-61.004658
-61.073956
-60.859020
-60.745346
-60.830898
-61.022419
-60.945351
-60.876495
-60.895184
-60.789207
-60.690445
-60.727871
-60.930565
-60.964684
-60.629051
-60.535202
-60.884319
-60.956860
-60.699806
-60.468029
-60.807339
-60.711296
-60.774204
-60.623421
-60.625790
-60.661667
-60.427856
-60.604988
-60.642086
-60.646877
-60.513565
-60.488499
-60.425537
-60.674683
-60.527088
-60.507687
-60.561802
-60.632271
-60.627831
-60.556171
-60.410610
-60.556580
-60.713291
-60.648392
-60.467903
-60.594013
-60.608734
-60.482021
-60.574245
-60.576187
-60.656364
-60.670982
-60.594616
-60.439289
-60.533741
-60.699020
-60.488037
-60.470474
-60.333992
-60.547668
-60.494694
-60.439674
-60.390503
-60.336571
-60.317928
-60.308182
-60.468121
-60.440811
-60.302452
-60.193695
-60.468357
-60.332668
-60.369335
-60.303905
-60.492310
-60.468388
-60.546520
-60.561222
-60.664406
-60.628731
-60.624535
-60.682915
-60.862144
-60.863777
-60.755253
-60.834873
-60.817497
-60.859444
-60.848225
-60.748806
-60.909416
-60.793587
-60.908123
-60.810825
-60.864250
-60.911533
-60.753784
-60.835251
-60.985153
-60.964474
-60.878212
-60.934467
-60.853241
-60.883347
-61.000172
-60.938408
-60.901028
-60.875496
-60.968563
-60.792583
-60.945660
-60.841679
-60.685852
-60.897930
-60.884071
-60.949696
-60.796734
-60.783592
-60.730511
-60.774235
-60.775448
-60.752132
-60.970001
-60.623821
-60.604538
-60.627388
-60.741840
-60.686947
-60.661041
-60.611526
-60.740101
-60.680809
-60.649109
-60.623692
-60.533680
-60.521469
-60.705765
-60.699646
-60.383202
-60.363987
-60.585415
-60.595123
-60.580524
-60.486664
-60.530323
-60.417679
-60.296898
-60.504498
-60.538651
-60.379936
-60.174091
-60.383553
-60.408398
-60.394474
-60.263828
-60.141838
-60.261795
-60.271400
-60.431713
-60.267166
-60.273746
-60.114933
-60.299450
-60.276268
-60.282448
-60.294827
-60.247128
-60.440075
-60.404137
-60.501846
-60.480286
-60.462822
-60.491940
-60.622868
-60.782520
-60.800179
-60.814373
-60.730988
-60.687042
-60.959877
-60.806190
-60.861027
-60.972137
-60.976883
-60.926052
-61.038227
-61.007236
-61.031658
-60.966873
-61.029682
-61.235802
-61.165276
-61.232277
-61.125740
-61.189404
-61.161560
-61.361031
-61.198700
-61.163589
-61.342583
-61.569901
-61.344997
-61.351398
-61.453552
-61.422798
-61.342415
-61.322105
-61.618919
-61.561066
-61.423817
-61.439735
-61.548500
-61.604626
-61.359707
-61.515881
-61.572590
-61.567955
-61.622284
-61.641045
-61.720837
-61.568268
-61.640842
-61.630604
-61.834301
-61.890919
-61.685818
-61.804512
-61.989548
-61.967152
-61.878460
-61.789951
-61.992229
-61.972324
-62.012985
-61.919590
-61.992653
-61.899712
-62.030636
-61.919376
-61.957680
-62.100716
-62.005337
-62.012520
-62.024574
-62.071766
-62.077679
-62.041615
-62.149067
-62.119976
-62.323494
-62.197945
-62.263977
-62.287868
-62.322067
-62.458572
-62.388874
-62.514050
-62.618389
-62.584217
-62.625481
-62.665771
-62.647713
-62.569794
-62.493923
-62.577011
-62.546207
-62.391449
-62.174110
-62.246052
-62.263786
-62.088554
-61.928677
-61.834843
-61.883358
-61.819653
-61.675285
-61.794136
-61.671127
-61.610607
-61.642235
-61.699505
-61.535168
-61.525494
-61.495708
-61.471458
-61.531666
-61.532463
-61.441261
-61.553982
-61.404709
-61.493332
-61.472420
-61.634109
-61.450962
-61.443886
-61.671032
-61.743935
-61.717213
-61.636456
-61.634766
-61.769676
-61.698986
-61.806641
-61.836334
-61.714184
-61.700634
-61.780712
-61.724796
-61.824902
-61.832577
-61.824295
-61.867851
-61.959171
-61.901699
-61.774876
-61.923927
-62.008659
-61.903576
-61.926769
-62.021095
-61.798199
-61.896317
-62.050179
-62.047852
-62.018608
-62.061653
-62.202679
-62.305477
-62.477589
-62.340885
-62.498096
-62.527687
-62.691353
-62.749084
-62.895973
-62.816753
-62.782360
-63.028217
-62.968811
-63.031731
-63.134823
-63.103100
-63.180161
-63.207611
-63.378197
-63.435013
-63.420467
-63.426395
-63.586025
-63.519932
-63.556820
-63.609459
-63.756012
-63.717270
-63.589977
-63.590118
-63.733467
-63.746410
-63.697021
-63.821369
-63.798241
-63.870564
-63.788296
-63.726776
-63.882141
-63.999302
-63.891026
-63.910240
-63.944359
-64.019516
-63.861240
-63.877991
-63.932461
-64.086830
-64.021622
-63.762424
-63.970356
-63.988613
-63.723866
-63.700367
-63.872852
-63.961742
-63.780209
-63.784191
-63.658901
-63.728531
-63.659325
-63.609821
-63.629784
-63.517330
-63.582539
-63.406460
-63.556751
-63.408443
-63.303089
-63.199169
-63.214294
-63.305016
-63.269985
-63.022587
-62.957573
-62.970509
-62.960732
-62.811176
-62.874348
-62.827038
-62.641327
-62.745354
-62.636696
-62.611645
-62.627808
-62.541813
-62.655724
-62.551331
-62.340000
-62.284199
-62.457573
-62.371033
-62.255299
-62.245598
-62.197735
-62.120438
-62.157879
-62.140850
-62.057686
-61.901638
-61.973339
-61.852535
-62.035275
-61.847404
-61.822399
-61.766090
-61.848770
-61.796494
-61.763084
-61.727360
-61.741886
-61.705860
-61.716782
-61.695576
-61.599129
-61.558212
-61.557373
-61.642979
-61.591415
-61.447174
-61.331387
-61.388790
-61.297310
-61.440323
-61.296501
-61.215534
-61.253681
-61.291683
-61.302223
-61.256454
-61.066200
-61.134548
-61.375874
-61.257652
-61.336998
-61.406624
-61.088493
-61.261059
-61.293098
-61.354031
-61.319427
-61.131821
-61.255188
-61.267612
-61.364380
-61.059803
-61.146507
-61.099064
-61.332191
-61.223679
-61.340065
-61.355457
-61.223042
-61.414387
-61.263992
-61.360641
-61.384800
-61.206501
-61.356121
-61.387920
-61.408188
-61.185291
-61.241543
-61.158665
-61.216106
-61.185879
-61.217091
-61.258007
-61.163383
-61.179989
-61.122112
-61.265568
-61.071716
-61.059731
-61.098255
-61.133461
-61.275021
-61.242352
-61.168598
-61.202099
-61.255505
-61.318573
-61.428772
-61.455433
-61.400665
-61.394138
-61.371307
-61.630913
-61.605042
-61.507011
-61.494434
-61.626080
-61.801350
-61.778702
-61.611210
-61.743923
-61.860191
-61.896854
-61.841087
-61.812111
-61.901398
-61.856823
-61.832516
-62.000458
-62.015163
-61.902573
-61.751549
-61.905994
-62.024143
-62.022118
-61.866077
-61.939777
-62.098999
-62.065750
-62.148342
-62.056141
-62.187714
-62.123657
-62.162498
-62.169701
-62.354153
-62.181881
-61.987053
-62.116409
-62.202007
-62.060333
-61.966061
-62.036644
-62.125050
-62.114891
-62.144310
-62.014801
-62.129993
-62.064865
-61.944626
-62.034729
-62.081673
-62.113907
-62.098541
-61.995987
-62.060184
-61.973892
-61.992798
-61.949295
-62.109962
-61.955170
-61.936943
-62.001534
-61.942436
-61.973831
-61.967377
-61.885071
-61.845795
-61.792294
-61.747967
-61.721664
-61.561523
-61.533741
-61.714005
-61.793930
-61.566429
-61.592003
-61.564110
-61.534695
-61.352520
-61.357834
-61.371552
-61.472530
-61.496891
-61.510429
-61.322235
-61.130882
-60.963341
-61.071487
-61.182465
-61.214897
-61.186481
-60.976414
-61.025043
-61.120911
-61.000202
-60.933662
-60.805275
-60.795155
-60.780975
-61.011326
-60.846394
-60.586159
-60.471191
-60.633068
-60.678978
-60.435730
-60.492798
-60.565746
-60.550339
-60.503807
-60.568729
-60.612198
-60.533901
-60.558891
-60.633457
-60.737068
-60.576847
-60.662144
-60.672817
-60.752514
-60.924934
-60.966759
-60.842697
-60.899479
-61.057358
-61.124935
-61.165092
-60.961552
-61.085243
-61.121666
-61.335381
-61.249256
-61.268494
-61.259922
-61.293346
-61.439182
-61.436867
-61.422451
-61.499680
-61.500965
-61.673786
-61.514229
-61.689308
-61.618771
-61.695755
-61.565365
-61.596497
-61.665466
-61.688725
-61.854782
-61.786842
-61.793304
-61.668530
-61.796463
-61.975945
-61.903828
-61.860241
-61.867161
-62.073833
-61.965836
-61.979591
-61.998852
-62.079239
-61.982674
-61.898460
-61.891914
-61.895382
-61.863380
-61.731716
-61.979549
-61.805092
-61.871559
-61.665886
-61.779457
-61.668011
-61.655655
-61.525085
-61.579479
-61.634159
-61.494129
-61.458103
-61.325645
-61.341885
-61.273449
-61.216217
-61.024300
-61.241859
-61.125900
-61.041477
-60.976288
-61.074913
-60.867558
-60.928226
-60.865234
-60.862190
-60.745667
-60.721756
-60.731087
-60.722767
-60.660400
-60.403286
-60.505211
-60.620689
-60.412197
-60.344093
-60.548542
-60.445499
-60.294048
-60.266479
-60.417786
-60.312172
-60.430809
-60.306122
-60.315826
-60.395546
-60.373398
-60.374165
-60.378674
-60.370213
-60.287437
-60.266403
-60.422703
-60.399708
-60.289196
-60.287529
-60.429276
-60.459599
-60.425121
-60.418491
-60.546219
-60.620041
-60.469772
-60.677952
-60.660797
-60.702068
-60.719429
-60.642483
-60.769470
-60.637047
-60.636620
-60.467499
-60.547977
-60.486088
-60.272224
-60.327435
-60.114700
-60.257168
-60.122112
-60.280003
-60.105785
-60.147991
-60.120407
-60.126461
-60.211502
-60.232773
-60.189743
-60.210617
-60.177006
-60.119652
-60.112461
-60.211639
-60.037910
-60.068188
-59.984451
-60.009544
-60.007957
-60.081997
-59.983131
-60.044338
-60.094589
-59.977283
-60.000160
-60.122902
-60.096153
-60.148258
-60.259460
-60.125893
-60.166042
-60.268047
-60.174980
-60.149540
-60.260193
-60.202530
-60.133381
-60.265392
-60.252941
-60.309486
-60.314812
-60.173298
-60.208881
-60.278934
-60.189098
-60.165997
-60.112156
-59.996334
-60.016338
-60.192043
-60.112679
-59.986351
-60.172894
-60.101051
-60.003792
-60.092319
-60.200241
-60.101265
-60.056950
-60.073086
-60.263817
-60.182404
-60.125137
-60.177521
-60.229439
-60.097221
-60.196785
-60.253330
-60.225452
-60.211243
-60.105545
-60.120502
-59.812630
-59.889690
-59.866058
-59.828121
-59.470963
-59.493259
-59.250957
-59.286396
-59.145443
-58.992649
-58.984074
-58.828876
-58.691624
-58.691307
-58.714867
-58.534729
-58.428932
-58.317169
-58.385193
-58.205177
-58.087795
-57.892128
-57.645378
-57.672550
-57.374180
-57.240223
-56.956497
-56.984463
-56.722000
-56.612110
-56.506367
-56.411190
-56.386700
-56.208038
-56.163097
-55.931675
-55.876133
-55.840614
-55.798119
-55.937222
-55.828663
-55.890724
-55.839867
-56.021618
-56.061058
-56.096386
-56.091534
-56.089985
-56.088070
-56.181107
-56.065029
-56.108410
-56.131626
-56.269032
-55.952156
-55.981834
-56.073425
-56.368351
-56.346638
-56.318054
-56.308582
-56.318100
-56.150131
-56.216476
-56.387615
-56.304176
-56.290020
-56.414528
-56.283604
-56.253788
-56.032566
-56.210495
-56.432671
-56.810501
-56.727383
-56.854649
-56.971035
-56.867161
-56.836422
-56.930733
-57.228279
-57.110195
-57.017265
-57.154411
-57.153763
-56.694008
-56.710125
-56.757236
-56.885162
-56.794266
-56.844078
-56.926464
-56.998566
-57.062248
-57.008823
-57.101070
-56.871101
-57.008102
-57.222717
-57.341187
-57.175541
-56.969559
-56.919315
-57.134487
-56.959595
-56.605278
-56.741402
-56.740181
-56.799702
-56.920631
-56.935013
-56.886700
-56.711071
-56.595169
-56.453777
-56.655167
-56.747768
-56.696751
-56.720413
-56.475075
-56.267155
-56.395878
-56.497639
-56.251804
-56.341881
-56.334675
-56.148804
-56.158409
-56.228264
-56.171005
-56.120251
-55.774410
-55.571690
-55.679668
-55.688007
-55.437946
-55.319340
-55.245960
-55.165859
-55.299168
-55.270157
-55.248714
-55.108925
-55.159462
-55.277031
-55.364075
-55.456493
-55.327049
-55.261379
-55.220531
-55.337952
-55.231792
-54.907207
-55.074055
-55.218250
-55.201096
-55.016956
-55.145153
-55.274048
-55.293076
-55.475624
-55.724781
-55.712132
-55.762558
-55.813606
-56.050995
-56.354866
-56.342434
-56.048122
-56.241657
-56.297497
-56.094036
-56.041065
-56.164501
-56.003014
-55.955536
-56.101242
-56.116467
-56.046856
-56.027180
-56.110828
-56.220272
-56.369183
-56.421253
-56.569324
-56.535362
-56.791203
-56.765198
-56.886608
-56.853802
-56.711254
-56.868984
-57.146729
-57.274239
-57.106861
-57.026428
-56.815689
-56.770012
-56.784294
-56.847939
-56.843151
-56.623512
-56.612251
-56.513992
-56.365078
-56.278660
-56.307961
-56.185589
-56.263981
-56.229595
-56.036194
-55.818802
-55.608284
-55.374859
-55.269035
-55.090870
-54.857372
-54.584133
-54.541245
-54.203262
-53.952232
-53.630760
-53.360550
-53.137177
-52.881901
-52.532433
-52.412132
-52.092632
-51.569489
-51.113148
-50.772335
-50.581558
-50.114246
-49.590221
-49.260128
-48.933189
-48.706375
-48.301910
-47.883533
-47.466084
-46.904057
-46.390320
-46.119926
-45.758541
-45.176163
-44.508354
-43.852329
-43.528076
-42.995514
-42.457546
-41.904594
-41.539089
-41.063751
-40.543793
-40.166340
-39.870693
-39.411850
-38.920074
-38.592186
-38.305336
-37.910507
-37.361782
-36.860493
-36.595322
-36.076187
-35.736172
-35.284805
-34.864979
-34.330921
-33.918919
-33.698063
-33.375317
-32.965958
-32.679325
-32.338451
-32.192371
-31.962517
-31.494139
-31.150192
-30.748590
-30.501757
-30.136425
-29.752798
-29.356638
-29.065079
-28.601601
-28.241896
-27.995808
-27.655451
-27.310797
-27.024731
-26.775980
-26.609074
-26.362385
-25.951477
-25.743162
-25.567295
-25.289793
-25.042126
-24.749678
-24.386099
-24.241671
-24.014297
-23.711008
-23.513502
-23.304571
-23.002438
-22.750256
-22.707281
-22.485147
-22.218351
-21.844479
-21.648447
-21.567566
-21.412550
-21.205166
-20.945599
-20.741417
-20.509222
-20.377201
-20.228586
-20.013556
-19.707142
-19.645699
-19.422131
-19.306753
-19.085213
-18.916210
-18.729990
-18.518047
-18.268080
-18.221790
-18.040962
-17.784252
-17.543980
-17.426388
-17.300911
-17.106001
-16.870913
-16.606556
-16.489082
-16.420399
-16.155640
-15.977235
-15.780051
-15.693503
-15.480857
-15.352443
-15.128472
-14.854205
-14.657078
-14.576341
-14.490231
-14.360195
-14.096781
-13.889359
-13.746839
-13.567386
-13.482051
-13.231180
-13.145204
-12.885874
-12.718837
-12.563281
-12.347395
-12.076112
-11.917911
-11.742086
-11.633558
-11.404957
-11.205984
-11.051485
-10.880304
-10.769566
-10.576106
-10.347227
-10.261448
-10.119663
-9.953655
-9.782295
-9.619144
-9.450171
-9.308708
-9.122043
-8.962706
-8.871490
-8.687568
-8.526241
-8.394685
-8.342782
-8.126061
-7.964117
-7.766552
-7.780524
-7.567750
-7.503712
-7.334558
-7.225410
-6.984156
-6.834717
-6.728086
-6.595980
-6.384906
-6.206955
-6.123534
-6.070194
-5.842075
-5.590148
-5.493189
-5.406904
-5.281000
-5.161483
-5.031925
-4.873341
-4.793360
-4.698593
-4.513347
-4.349090
-4.275695
-4.099351
-3.935092
-3.913828
-3.757100
-3.671098
-3.491437
-3.405261
-3.352708
-3.349039
-3.306093
-3.118078
-3.156288
-3.031198
-2.971517
-2.928065
-3.020803
-2.888590
-2.820480
-2.826205
-2.830615
-2.776676
-2.666688
-2.699452
-2.568913
-2.594162
-2.542924
-2.514200
-2.519314
-2.270175
-2.301246
-2.236270
-2.287034
-2.140659
-2.069136
-2.042592
-2.075492
-1.984811
-1.916389
-1.991789
-1.894949
-1.910769
-1.925175
-2.006768
-1.960605
-1.876503
-1.884108
-1.915641
-1.829052
-1.800480
-1.848173
-1.880070
-1.628845
-1.647174
-1.801480
-1.763987
-1.741144
-1.760251
-1.807414
-1.774565
-1.877382
-1.877226
-1.887640
-1.842297
-1.931531
-1.934800
-1.980185
-1.900809
-1.892429
-1.993818
-1.963932
-1.969932
-2.027182
-2.012960
-1.950893
-1.983346
-2.097340
-2.087969
-2.049227
-2.100976
-2.118953
-2.157065
-2.243466
-2.137324
-2.148058
-2.119036
-2.073450
-2.136025
-2.123789
-2.088079
-2.057445
-1.928623
-1.979697
-2.051498
-2.000650
-1.778827
-1.826759
-1.850896
-1.865122
-1.856879
-1.763350
-1.767260
-1.719334
-1.768062
-1.679399
-1.780133
-1.687276
-1.625643
-1.658331
-1.701931
-1.666014
-1.549036
-1.561927
-1.511853
-1.495088
-1.502473
-1.479324
-1.505436
-1.295598
-1.228503
-1.240614
-1.249945
-1.173423
-1.046036
-0.941621
-0.980694
-0.898944
-0.907347
-0.877568
-0.776241
-0.672470
-0.772103
-0.777721
-0.722764
-0.738069
-0.757917
-0.655090
-0.646012
-0.639786
-0.575891
-0.463231
-0.297314
-0.286481
-0.215670
-0.192796
-0.037374
0.037888
0.201499
0.278098
0.167385
0.177423
0.167008
0.075772
0.045461
0.242249
0.257982
0.210942
0.274103
0.054494
0.139676
0.401361
0.532496
0.601370
0.615385
0.653938
0.815897
0.806114
0.824504
0.897746
1.045459
1.011965
1.189628
1.015304
0.945724
0.989224
1.058622
1.036458
1.092247
0.982226
1.054882
1.242688
1.162457
0.943466
1.078559
1.035941
0.976678
1.191977
1.204450
1.162010
1.124705
1.026531
1.136667
1.276553
1.180194
1.193252
1.262152
1.237511
1.290685
1.415194
1.338531
1.311092
1.431210
1.555808
1.582863
1.690112
1.582797
1.664316
1.707943
1.694883
1.629318
1.695133
1.609091
1.530265
1.407054
1.350799
1.521545
1.403357
1.225822
1.104354
1.248838
1.048117
1.260007
1.325145
1.136687
0.920343
1.122461
1.098904
1.113615
1.000162
0.916870
1.022301
1.022699
0.748602
0.830835
0.663594
0.525244
0.671537
0.824230
0.837861
0.834629
0.672689
0.770292
0.879544
0.766433
0.700874
0.747806
0.610420
0.517665
0.661694
0.427607
0.297256
0.196315
0.151230
0.346058
0.338059
0.126443
0.198357
0.329686
0.374458
0.315101
0.236750
0.174426
0.182439
0.142060
0.068841
0.153412
-0.066070
-0.129094
0.004736
-0.057281
-0.148662
-0.246383
-0.183221
0.030999
0.028540
-0.084421
0.002212
0.021264
-0.047294
-0.069272
-0.144690
-0.131808
-0.237647
-0.169143
-0.171200
-0.122936
-0.354156
-0.414586
-0.293180
-0.111353
-0.184146
-0.195783
-0.180535
-0.255699
-0.161510
-0.130361
-0.234697
-0.335517
-0.399632
-0.302991
-0.359041
-0.423257
-0.612251
-0.566958
-0.714342
-0.579673
-0.477544
-0.576020
-0.649084
-0.571223
-0.477968
-0.600784
-0.605860
-0.623007
-0.713294
-0.663908
-0.572429
-0.675454
-0.829768
-0.910221
-0.814755
-0.857925
-0.937200
-0.911560
-0.865766
-0.768419
-0.788706
-0.852644
-0.818645
-0.729713
-0.709561
-0.633056
-0.548723
-0.578909
-0.675468
-0.683904
-0.627832
-0.643030
-0.736411
-0.843744
-0.608042
-0.614268
-0.648516
-0.770783
-0.758245
-0.647364
-0.521098
-0.568138
-0.569929
-0.575892
-0.700274
-0.582254
-0.521894
-0.545269
-0.719273
-0.647010
-0.595245
-0.464562
-0.547360
-0.575543
-0.688546
-0.649600
-0.630381
-0.576434
-0.630834
-0.768919
-0.790119
-0.840095
-0.788768
-0.864008
-0.841945
-1.005777
-0.877355
-0.808982
-0.789305
-0.870089
-0.910414
-0.871841
-0.799873
-0.738111
-0.774475
-0.785246
-0.819001
-0.795638
-0.759893
-0.735620
-0.785949
-0.814659
-0.845711
-0.747209
-0.666574
-0.715473
-0.783852
-0.776700
-0.777205
-0.728630
-0.663870
-0.732065
-0.823617
-0.791641
-0.743571
-0.749737
-0.689292
-0.764766
-0.881895
-0.755245
-0.665607
-0.635939
-0.726755
-0.739840
-0.709872
-0.641494
-0.581360
-0.648591
-0.672422
-0.710689
-0.588202
-0.546061
-0.562837
-0.634017
-0.564381
-0.569769
-0.412746
-0.482096
-0.484725
-0.518951
-0.452866
-0.480450
-0.335325
-0.394017
-0.396693
-0.458482
-0.383231
-0.414961
-0.375697
-0.416784
-0.384429
-0.341105
-0.396702
-0.371943
-0.355700
-0.275276
-0.304557
-0.364115
-0.309417
-0.205420
-0.340916
-0.284798
-0.251256
-0.305246
-0.369104
-0.269556
-0.396979
-0.340851
-0.304760
-0.254382
-0.329144
-0.376449
-0.349852
-0.299717
-0.260952
-0.271308
-0.301064
-0.246696
-0.289084
-0.284313
-0.313165
-0.325222
-0.323363
-0.304751
-0.334398
-0.326925
-0.303110
-0.279566
-0.399190
-0.373632
-0.355493
-0.258502
-0.323056
-0.299403
-0.317114
-0.316579
-0.333777
-0.280862
-0.295664
-0.423021
-0.345869
-0.328341
-0.306525
-0.376226
-0.318418
-0.379286
-0.357540
-0.374246
-0.274145
-0.228974
-0.399093
-0.360251
-0.309631
-0.281311
-0.335612
-0.347405
-0.287584
-0.368123
-0.415095
-0.408254
-0.284364
-0.442542
-0.448206
-0.469582
-0.326646
-0.482405
-0.422172
-0.484215
-0.453187
-0.504255
-0.469046
-0.505312
-0.459563
-0.537475
-0.548094
-0.499645
-0.530186
-0.519579
-0.555252
-0.537049
-0.489159
-0.538163
-0.621612
-0.619755
-0.619270
-0.582674
-0.689891
-0.683828
-0.717874
-0.667512
-0.667102
-0.725810
-0.818859
-0.743440
-0.723468
-0.702201
-0.741321
-0.821993
-0.805228
-0.811966
-0.802647
-0.767013
-0.831441
-0.839700
-0.898984
-0.866084
-0.820754
-0.936444
-0.931221
-0.891803
-0.861554
-0.817017
-0.817187
-0.858914
-0.857507
-0.840088
-0.757967
-0.653292
-0.751128
-0.778492
-0.696016
-0.589611
-0.621346
-0.585681
-0.639250
-0.662042
-0.574024
-0.599316
-0.507453
-0.555227
-0.587438
-0.613724
-0.566370
-0.524964
-0.558138
-0.525236
-0.534932
-0.567144
-0.497052
-0.437466
-0.542075
-0.463043
-0.493277
-0.477654
-0.489494
-0.384942
-0.466728
-0.484559
-0.524749
-0.427945
-0.417125
-0.390532
-0.472948
-0.502285
-0.354285
-0.383563
-0.390099
-0.407926
-0.359922
-0.444129
-0.441446
-0.361154
-0.326384
-0.363677
-0.449507
-0.390368
-0.405195
-0.346106
-0.359092
-0.467959
-0.387754
-0.354701
-0.355882
-0.396615
-0.328011
-0.426606
-0.351158
-0.388153
-0.334254
-0.347826
-0.364956
-0.428548
-0.357426
-0.318035
-0.291865
-0.292622
-0.341676
-0.378172
-0.269413
-0.319762
-0.222106
-0.299025
-0.299413
-0.315529
-0.287348
-0.305063
-0.314468
-0.305793
-0.395718
-0.356593
-0.326077
-0.371986
-0.388302
-0.405812
-0.497380
-0.481319
-0.431355
-0.438471
-0.440080
-0.518933
-0.515192
-0.455835
-0.399975
-0.503950
-0.505451
-0.547808
-0.439852
-0.480494
-0.502156
-0.499209
-0.518547
-0.566064
-0.547496
-0.467823
-0.498655
-0.595550
-0.544664
-0.551241
-0.568759
-0.534657
-0.517910
-0.593786
-0.607966
-0.553988
-0.519910
-0.550464
-0.624730
-0.555573
-0.610883
-0.588042
-0.603890
-0.544687
-0.585501
-0.614043
-0.656155
-0.603928
-0.535121
-0.631108
-0.646856
-0.639301
-0.580907
-0.621473
-0.615861
-0.642354
-0.715975
-0.624013
-0.618760
-0.643127
-0.684938
-0.674551
-0.663612
-0.700129
-0.635628
-0.732580
-0.733147
-0.743188
-0.672519
-0.661614
-0.711541
-0.725214
-0.774857
-0.744729
-0.770437
-0.695360
-0.710036
-0.698861
-0.788102
-0.821361
-0.754182
-0.772021
-0.745225
-0.820355
-0.781518
-0.835103
-0.795571
-0.756581
-0.776488
-0.844819
-0.830462
-0.774962
-0.780877
-0.796961
-0.912105
-0.818847
-0.786361
-0.848321
-0.842490
-0.865188
-0.825704
-0.837108
-0.833894
-0.812056
-0.832135
-0.844793
-0.894753
-0.892185
-0.812035
-0.840138
-0.838558
-0.980666
-0.865161
-0.839990
-0.859732
-0.913065
-0.945174
-0.896321
-0.895832
-0.914211
-0.888102
-0.909915
-0.985613
-0.884726
-0.859268
-0.955358
-0.898254
-1.020036
-0.954590
-0.894696
-0.869274
-0.953213
-0.938049
-0.925717
-0.990334
-0.944306
-0.906358
-0.955123
-1.008295
-1.005816
-0.901222
-0.970285
-0.940740
-1.018538
-0.956039
-1.014092
-0.980236
-1.008373
-0.989169
-0.991763
-1.043816
-0.975628
-1.037995
-0.987588
-1.084420
-1.009017
-1.023281
-1.048961
-1.013549
-1.013453
-1.099916
-1.100075
-1.005997
-1.030876
-1.075143
-1.083111
-1.044753
-1.117601
-1.068596
-1.072889
-1.052023
-1.067254
-1.089004
-1.066191
-1.141039
-1.101318
-1.063196
-1.143960
-1.153100
-1.062874
-1.020269
-1.127151
-1.117087
-1.102835
-1.110223
-1.108547
-1.085181
-1.108263
-1.106360
-1.087220
-1.109230
-1.067921
-1.145322
-1.118040
-1.124330
-1.050247
-1.108873
-1.065337
-1.137813
-1.094395
-1.057521
-1.059316
-1.094777
-1.110460
-1.065466
-1.113113
-1.046191
-1.063774
-1.057655
-1.131443
-1.023800
-1.042077
-1.077813
-1.074841
-1.050046
-1.039199
-1.057586
-1.101840
-1.006573
-1.022516
-1.094368
-1.050557
-1.008781
-1.030960
-1.110904
-1.011688
-1.032321
-0.995393
-1.085543
-1.045877
-1.043543
-1.035402
-1.008263
-0.957751
-1.038226
-1.079005
-1.053327
-0.957033
-0.925200
-0.982159
-1.064308
-1.061566
-0.947976
-0.925543
-1.016721
-0.996035
-0.987334
-0.955719
-0.984494
-0.901609
-0.940034
-0.950220
-1.012674
-0.924031
-0.886261
-0.954300
-0.918184
-0.965031
-0.925758
-0.928916
-0.868850
-0.949606
-0.916533
-0.935750
-0.909537
-0.898299
-0.901341
-0.956308
-0.887450
-0.864865
-0.868790
-0.863322
-0.933329
-0.882528
-0.870982
-0.864757
-0.855158
-0.819449
-0.834177
-0.949193
-0.865323
-0.798758
-0.783794
-0.948578
-0.878171
-0.834782
-0.825363
-0.800405
-0.861547
-0.830367
-0.872414
-0.729747
-0.843088
-0.787544
-0.894381
-0.814594
-0.827990
-0.792753
-0.788311
-0.827960
-0.834625
-0.798122
-0.779144
-0.811498
-0.787238
-0.784087
-0.823389
-0.784067
-0.807220
-0.794117
-0.806013
-0.782451
-0.764668
-0.776272
-0.838083
-0.786661
-0.766253
-0.764683
-0.770843
-0.766813
-0.776533
-0.811525
-0.782535
-0.730983
-0.739946
-0.773262
-0.769473
-0.751972
-0.710543
-0.802308
-0.750423
-0.723882
-0.779831
-0.786507
-0.732549
-0.744791
-0.759980
-0.770852
-0.727765
-0.703794
-0.743940
-0.773802
-0.759562
-0.739622
-0.768072
-0.682373
-0.724591
-0.741630
-0.790592
-0.674607
-0.741388
-0.755410
-0.766986
-0.773783
-0.777323
-0.658203
-0.711031
-0.793958
-0.780133
-0.778247
-0.707098
-0.717610
-0.769388
-0.772188
-0.766603
-0.750180
-0.718405
-0.724106
-0.802265
-0.714021
-0.776769
-0.753873
-0.734173
-0.732200
-0.818069
-0.760772
-0.672572
-0.770246
-0.775519
-0.800501
-0.745557
-0.749741
-0.756055
-0.725819
-0.768493
-0.709867
-0.842442
-0.724256
-0.738268
-0.762829
-0.824196
-0.695081
-0.724150
-0.706613
-0.835791
-0.784749
-0.744983
-0.791071
-0.738811
-0.769616
-0.699887
-0.801188
-0.705758
-0.766163
-0.705267
-0.746890
-0.750608
-0.854039
-0.697159
-0.727705
-0.729459
-0.796868
-0.684693
-0.804131
-0.784963
-0.681462
-0.693551
-0.789118
-0.770034
-0.785391
-0.679363
-0.777418
-0.770432
-0.693286
-0.698577
-0.806410
-0.746118
-0.684178
-0.764361
-0.788444
-0.706140
-0.708461
-0.737925
-0.768556
-0.749947
-0.715095
-0.724929
-0.724930
-0.713448
-0.758567
-0.747159
-0.719090
-0.669709
-0.758643
-0.782401
-0.711608
-0.708016
-0.726716
-0.741625
-0.726424
-0.712459
-0.693585
-0.717821
-0.700553
-0.693971
-0.737313
-0.655790
-0.730878
-0.743292
-0.717280
-0.651076
-0.694925
-0.721132
-0.660971
-0.761833
-0.670750
-0.731404
-0.660857
-0.726697
-0.719434
-0.705418
-0.677043
-0.709699
-0.605810
-0.679287
-0.743600
-0.705128
-0.654185
-0.712476
-0.590299
-0.724883
-0.719580
-0.682773
-0.623203
-0.679205
-0.698012
-0.690175
-0.659834
-0.685157
-0.602778
-0.653993
-0.733078
-0.708454
-0.610927
-0.662988
-0.658057
-0.709498
-0.601263
-0.714774
-0.646794
-0.621967
-0.625686
-0.681337
-0.661818
-0.640174
-0.559608
-0.710103
-0.668166
-0.668584
-0.609298
-0.583440
-0.637384
-0.638682
-0.629747
-0.663342
-0.622896
-0.606221
-0.591184
-0.643674
-0.633201
-0.637848
-0.567697
-0.652598
-0.682808
-0.618495
-0.590535
-0.548114
-0.633488
-0.613543
-0.671436
-0.541798
-0.659151
-0.549220
-0.599931
-0.604673
-0.621971
-0.591783
-0.510595
-0.647493
-0.558875
-0.630981
-0.599129
-0.584708
-0.599243
-0.619960
-0.567359
-0.573319
-0.646433
-0.572908
-0.549252
-0.596192
-0.571502
-0.593280
-0.548804
-0.584483
-0.565803
-0.561220
-0.595991
-0.630852
-0.572006
-0.520817
-0.598620
-0.611557
-0.540220
-0.553151
-0.636225
-0.594878
-0.505806
-0.535206
-0.621293
-0.559804
-0.525779
-0.546142
-0.613086
-0.512419
-0.557828
-0.531725
-0.540269
-0.578186
-0.549978
-0.552294
-0.574331
-0.513564
-0.496056
-0.591050
-0.534194
-0.559176
-0.541705
-0.503629
-0.527583
-0.521296
-0.546425
-0.503400
-0.518597
-0.547012
-0.525973
-0.497620
-0.544692
-0.550725
-0.479012
-0.505515
-0.585261
-0.471853
-0.518982
-0.512558
-0.523683
-0.540415
-0.501854
-0.494582
-0.492689
-0.481625
-0.556402
-0.501885
-0.532687
-0.496177
-0.490712
-0.504276
-0.468663
-0.533578
-0.505765
-0.487395
-0.547929
-0.489581
-0.502582
-0.466810
-0.504568
-0.471920
-0.539234
-0.463093
-0.496856
-0.428409
-0.503048
-0.443712
-0.527458
-0.488216
-0.437245
-0.514680
-0.456316
-0.494508
-0.445041
-0.494709
-0.468219
-0.476587
-0.455695
-0.479974
-0.480439
-0.422790
-0.461925
-0.494534
-0.452768
-0.417656
-0.467491
-0.475846
-0.463860
-0.417754
-0.439101
-0.425002
-0.489297
-0.424530
-0.497343
-0.383875
-0.484870
-0.442937
-0.462948
-0.413887
-0.399845
-0.341961
-0.500609
-0.515093
-0.373612
-0.367922
-0.449583
-0.443600
-0.484647
-0.350133
-0.430328
-0.403745
-0.375471
-0.399690
-0.431103
-0.393478
-0.346387
-0.419499
-0.432845
-0.437253
-0.305048
-0.342026
-0.384042
-0.433351
-0.382189
-0.413783
-0.352543
-0.355267
-0.384855
-0.344292
-0.388258
-0.343517
-0.390589
-0.309362
-0.382910
-0.323867
-0.361577
-0.339183
-0.357516
-0.334631
-0.324424
-0.323909
-0.347758
-0.347528
-0.279300
-0.317662
-0.358801
-0.295410
-0.346047
-0.352355
-0.286982
-0.294697
-0.348880
-0.316906
-0.285987
-0.332656
-0.340633
-0.265849
-0.342812
-0.320182
-0.324104
-0.284811
-0.303866
-0.330383
-0.312643
-0.304318
-0.290058
-0.272536
-0.328370
-0.303749
-0.303216
-0.265671
-0.289892
-0.363799
-0.300755
-0.291802
-0.298737
-0.232283
-0.311502
-0.276035
-0.308824
-0.294674
-0.251414
-0.240385
-0.306407
-0.343735
-0.236236
-0.210957
-0.273378
-0.294437
-0.348220
-0.206347
-0.253350
-0.256223
-0.341208
-0.241211
-0.269668
-0.242037
-0.256367
-0.286447
-0.229719
-0.285281
-0.173458
-0.219399
-0.222668
-0.395272
-0.213904
-0.142388
-0.253552
-0.248569
-0.294587
-0.204907
-0.235171
-0.235147
-0.281546
-0.220148
-0.232329
-0.209701
-0.226662
-0.253186
-0.226633
-0.255051
-0.188706
-0.222500
-0.180423
-0.252852
-0.235743
-0.189800
-0.185105
-0.244766
-0.244892
-0.221585
-0.151089
-0.161279
-0.236699
-0.220531
-0.202615
-0.211968
-0.190619
-0.130281
-0.180880
-0.237367
-0.227287
-0.162398
-0.155303
-0.263314
-0.150578
-0.227829
-0.174292
-0.233952
-0.109620
-0.172903
-0.215336
-0.176799
-0.163904
-0.157385
-0.236031
-0.184487
-0.119338
-0.174159
-0.133533
-0.179361
-0.116127
-0.203331
-0.134023
-0.153506
-0.143226
-0.184520
-0.084726
-0.128203
-0.098755
-0.178222
-0.167445
-0.124166
-0.087569
-0.133797
-0.185744
-0.145150
-0.119499
-0.111770
-0.085848
-0.124688
-0.178452
-0.174107
-0.058526
-0.108708
-0.074109
-0.190784
-0.125568
-0.126596
-0.065335
-0.134207
-0.121521
-0.104128
-0.157544
-0.050018
-0.129807
-0.101295
-0.182989
-0.069805
-0.095817
-0.102438
-0.089905
-0.115233
-0.097224
-0.093825
-0.061743
-0.034054
-0.116260
-0.103007
-0.057867
-0.036109
-0.014359
-0.035964
-0.095916
0.010189
-0.058110
0.055159
0.002348
0.085969
-0.076297
0.061478
0.067103
0.103599
0.044861
0.024158
0.078775
0.094599
0.081502
0.045055
0.103454
0.075639
0.024056
0.146882
0.167825
0.158330
0.043382
0.090950
0.209189
0.169494
0.183612
0.112134
0.193879
0.136586
0.170694
0.166633
0.256799
0.206842
0.191981
0.149820
0.286057
0.264702
0.236285
0.248463
0.244950
0.216929
0.334705
0.331069
0.296172
0.230688
0.341292
0.300224
0.320345
0.328144
0.368140
0.272363
0.318593
0.376787
0.405429
0.323392
0.353346
0.391874
0.344925
0.472494
0.395324
0.447667
0.388056
0.379330
0.426053
0.391503
0.398443
0.351160
0.455193
0.402068
0.466395
0.399077
0.444081
0.393003
0.423870
0.398099
0.495689
0.423014
0.409656
0.382897
0.464679
0.431960
0.468013
0.427842
0.320363
0.411819
0.428357
0.430212
0.383407
0.424511
0.389722
0.414372
0.385343
0.388688
0.392185
0.441575
0.405285
0.371788
0.469746
0.443314
0.369797
0.371671
0.381783
0.435260
0.439958
0.399564
0.412746
0.349281
0.401669
0.423743
0.385024
0.376284
0.388781
0.410518
0.464618
0.402384
0.398849
0.442868
0.424164
0.426591
0.479195
0.504584
0.489535
0.445849
0.502911
0.480518
0.522761
0.417577
0.501347
0.554192
0.491889
0.469364
0.406217
0.497316
0.436805
0.498641
0.397089
0.457507
0.510193
0.405446
0.467628
0.493166
0.491125
0.426740
0.430489
0.489878
0.526643
0.429466
0.409645
0.457552
0.441836
0.413707
0.369868
0.411639
0.381325
0.356435
0.336369
0.379925
0.358118
0.331988
0.278082
0.360450
0.334070
0.300807
0.237782
0.277916
0.296795
0.242524
0.298421
0.234621
0.204753
0.202869
0.231811
0.200915
0.198542
0.203738
0.167697
0.263603
0.140420
0.230648
0.189900
0.197374
0.083787
0.170556
0.249721
0.190682
0.179362
0.169499
0.206896
0.131573
0.219023
0.171213
0.205966
0.123559
0.186885
0.227547
0.254888
0.150670
0.172341
0.183031
0.226488
0.120600
0.182775
0.130163
0.111497
-0.013725
0.112252
0.018127
0.056540
-0.043517
-0.062019
-0.112575
-0.063262
-0.160613
-0.228060
-0.223347
-0.226877
-0.238499
-0.226493
-0.248700
-0.379367
-0.367447
-0.350486
-0.353246
-0.404365
-0.470208
-0.468736
-0.472602
-0.444059
-0.501034
-0.495736
-0.589262
-0.559703
-0.560240
-0.502378
-0.513576
-0.636008
-0.671533
-0.635550
-0.608167
-0.612368
-0.662667
-0.698321
-0.653563
-0.674598
-0.658594
-0.709540
-0.723277
-0.706194
-0.709111
-0.748989
-0.726744
-0.696898
-0.792818
-0.737841
-0.711777
-0.697345
-0.720903
-0.764857
-0.808574
-0.725702
-0.737836
-0.727648
-0.740209
-0.751654
-0.797188
-0.686450
-0.697000
-0.709371
-0.760837
-0.756775
-0.596528
-0.673847
-0.672961
-0.633138
-0.583844
-0.669777
-0.571189
-0.522706
-0.513057
-0.526744
-0.517813
-0.469347
-0.421251
-0.436853
-0.414471
-0.492017
-0.298955
-0.422394
-0.296298
-0.332819
-0.302220
-0.336742
-0.273832
-0.252230
-0.252480
-0.265952
-0.258286
-0.274709
-0.167154
-0.144430
-0.199149
-0.241211
-0.191801
-0.132533
-0.082786
-0.164213
-0.170046
-0.107977
-0.162091
-0.064924
-0.037190
-0.118687
-0.188841
-0.116525
-0.092648
-0.016596
-0.044632
-0.087389
-0.201071
-0.038288
-0.133478
0.021285
-0.032396
-0.039911
-0.117390
-0.008971
0.073406
0.069893
0.123661
0.116166
0.126770
0.211639
0.272395
0.190473
0.336341
0.268515
0.334374
0.414173
0.305874
0.305219
0.350659
0.444989
0.343535
0.342825
0.342043
0.340131
0.377800
0.428978
0.392977
0.342755
0.315665
0.395993
0.436117
0.436002
0.368395
0.431596
0.359750
0.344408
0.393092
0.407765
0.306739
0.321394
0.346269
0.401098
0.330465
0.351580
0.329055
0.374277
0.446320
0.513284
0.405666
0.438988
0.367836
0.392388
0.456648
0.477934
0.375266
0.423724
0.341426
0.293606
0.349210
0.334795
0.147285
0.246782
0.176768
0.046865
-0.000620
-0.030127
-0.087038
-0.066217
-0.090205
-0.091513
0.025234
-0.173688
-0.308389
-0.205237
-0.027770
-0.170349
-0.083422
-0.007147
-0.196773
-0.243879
-0.250415
-0.232894
-0.207993
-0.255178
-0.384934
-0.359006
-0.456912
-0.461861
-0.425104
-0.509436
-0.562192
-0.669648
-0.585470
-0.641506
-0.733686
-0.852837
-0.933314
-0.986943
-1.143289
-1.175359
-1.154218
-1.309266
-1.497360
-1.454664
-1.466537
-1.615961
-1.650820
-1.754199
-1.830127
-1.691271
-1.808606
-2.051597
-2.087791
-2.218029
-2.200783
-2.190698
-2.363527
-2.500090
-2.430098
-2.466655
-2.626149
-2.679642
-2.764613
-2.851818
-2.897940
-3.025378
-3.089230
-3.212786
-3.587389
-3.573220
-3.613525
-3.645505
-3.961725
-4.066683
-4.229693
-4.163830
-4.135104
-4.226759
-4.364978
-4.322538
-4.531979
-4.411118
-4.175073
-4.238695
-4.605529
-4.608839
-4.731330
-4.769736
-4.710443
-4.807173
-5.001707
-5.139494
-5.299859
-5.151219
-5.120553
-5.328012
-5.571480
-5.583605
-5.507503
-5.560771
-5.675497
-5.859985
-6.120405
-6.202732
-6.283253
-6.350735
-6.502442
-6.815014
-6.916179
-6.908637
-6.980349
-7.199016
-7.338677
-7.466216
-7.633173
-7.551428
-7.600695
-7.649573
-7.925918
-7.990016
-8.059766
-8.132718
-8.361679
-8.436552
-8.655554
-8.771513
-8.801616
-8.900826
-9.133857
-9.282722
-9.508653
-9.618697
-9.596089
-9.703608
-9.843726
-9.960425
-10.121302
-10.327713
-10.384329
-10.525180
-10.795780
-10.919583
-11.090899
-11.210451
-11.280470
-11.342565
-11.548285
-11.834604
-11.878906
-11.933038
-12.057159
-12.301127
-12.361039
-12.564953
-12.727442
-12.886070
-12.900961
-13.040408
-13.193704
-13.387922
-13.396886
-13.452324
-13.537562
-13.678370
-13.788174
-13.905830
-13.951939
-14.115900
-14.205739
-14.265765
-14.460432
-14.654114
-14.726547
-14.951448
-15.074324
-15.218652
-15.414435
-15.654075
-15.847795
-16.121546
-16.208529
-16.313250
-16.393764
-16.635233
-16.784325
-16.974354
-17.076563
-17.223856
-17.361000
-17.428356
-17.597794
-17.863153
-18.048561
-18.196190
-18.422485
-18.793898
-19.033550
-19.194279
-19.358788
-19.619497
-19.890013
-20.076929
-20.331673
-20.569887
-20.656620
-20.797026
-21.051908
-21.171288
-21.330450
-21.486532
-21.707819
-21.982075
-22.298471
-22.412155
-22.583168
-22.791531
-23.061649
-23.385674
-23.589228
-23.873308
-24.061832
-24.295649
-24.467451
-24.756256
-24.928816
-25.029072
-25.213646
-25.476460
-25.715858
-25.812365
-25.880100
-26.129690
-26.251305
-26.536522
-26.682913
-26.965160
-27.120367
-27.346975
-27.545176
-27.926939
-28.012671
-28.218649
-28.449080
-28.752716
-28.938156
-29.184340
-29.273504
-29.450546
-29.572702
-29.873020
-30.017176
-30.200172
-30.380466
-30.577450
-30.862013
-31.053408
-31.180660
-31.398439
-31.570175
-31.727558
-31.998320
-32.247749
-32.532406
-32.536827
-32.777626
-32.966515
-33.179001
-33.350540
-33.497150
-33.701817
-33.918373
-34.151333
-34.328773
-34.486427
-34.594692
-34.818516
-35.014736
-35.187927
-35.413284
-35.641052
-35.845909
-35.891266
-36.123066
-36.365761
-36.538902
-36.614666
-36.792595
-37.008053
-37.155376
-37.318306
-37.540565
-37.674381
-37.844891
-37.925331
-38.088184
-38.227657
-38.498325
-38.558193
-38.697750
-38.863022
-39.042221
-39.150070
-39.267788
-39.408566
-39.456757
-39.597664
-39.687817
-39.893555
-39.979187
-40.086399
-40.209625
-40.308449
-40.431038
-40.551601
-40.683338
-40.861805
-40.861874
-41.052177
-41.123802
-41.254341
-41.342251
-41.408882
-41.562191
-41.684708
-41.612576
-41.833611
-41.888294
-41.945148
-42.006100
-42.154224
-42.186039
-42.255180
-42.361992
-42.430210
-42.482006
-42.488499
-42.608845
-42.626316
-42.750546
-42.710918
-42.844357
-42.833481
-42.854130
-42.933338
-43.045513
-42.998207
-43.067577
-43.187859
-43.174709
-43.230537
-43.335972
-43.371265
-43.443352
-43.564785
-43.705818
-43.633163
-43.742386
-43.871319
-43.925323
-44.015244
-44.043552
-44.138035
-44.210274
-44.290771
-44.348129
-44.377869
-44.476341
-44.473064
-44.502602
-44.630207
-44.489059
-44.590931
-44.630569
-44.670380
-44.667988
-44.671028
-44.610935
-44.714188
-44.866081
-44.766380
-44.901981
-44.927715
-44.868038
-44.940544
-44.994057
-45.136490
-44.985538
-45.138885
-45.135807
-45.259769
-45.340710
-45.338203
-45.388657
-45.576096
-45.771729
-45.615627
-45.932121
-46.028782
-46.161682
-46.307129
-46.409885
-46.502907
-46.551292
-46.775772
-46.851994
-47.004028
-47.022549
-47.118153
-47.267967
-47.280796
-47.389732
-47.451435
-47.626995
-47.658665
-47.680370
-47.823700
-47.995987
-48.076107
-48.159721
-48.308762
-48.310261
-48.583740
-48.620502
-48.781387
-48.793804
-48.895817
-49.004482
-49.195660
-49.308418
-49.341690
-49.553947
-49.735161
-49.806248
-49.938557
-50.103668
-50.165550
-50.358479
-50.542080
-50.572525
-50.735268
-50.890446
-51.058537
-51.059334
-51.287766
-51.322186
-51.448891
-51.662697
-51.743446
-51.882950
-51.972301
-52.184212
-52.270695
-52.374653
-52.400990
-52.600376
-52.820618
-52.760727
-52.848419
-52.994942
-53.077866
-53.125721
-53.220894
-53.406715
-53.445671
-53.547291
-53.567326
-53.770897
-53.842819
-53.926250
-54.001289
-54.079525
-54.335068
-54.328560
-54.491856
-54.500946
-54.688778
-54.678551
-54.804554
-55.049042
-55.072247
-55.040657
-55.170547
-55.377514
-55.472248
-55.458916
-55.583534
-55.722607
-55.866894
-55.728260
-55.879925
-56.015965
-56.200535
-56.043560
-56.185093
-56.237034
-56.196327
-56.292244
-56.298080
-56.500782
-56.449284
-56.502743
-56.540680
-56.701675
-56.677814
-56.584431
-56.650822
-56.738949
-56.846367
-56.815079
-56.988323
-56.896091
-56.953621
-56.907784
-56.994217
-57.079090
-57.065865
-57.106678
-57.209599
-57.283146
-57.219086
-57.244381
-57.344234
-57.370701
-57.335777
-57.464939
-57.585205
-57.599293
-57.310978
-57.539661
-57.570160
-57.530193
-57.427380
-57.630817
-57.704617
-57.538097
-57.611954
-57.540409
-57.677635
-57.590157
-57.662533
-57.599487
-57.652679
-57.735161
-57.689590
-57.780540
-57.688194
-57.730091
-57.640598
-57.681835
-57.748974
-57.763115
-57.807602
-57.613289
-57.697968
-57.729801
-57.623089
-57.632416
-57.653271
-57.695755
-57.644459
-57.612179
-57.707771
-57.717274
-57.658142
-57.580467
-57.742367
-57.626457
-57.600803
-57.556427
-57.654842
-57.650639
-57.583736
-57.647465
-57.571121
-57.647469
-57.488209
-57.543762
-57.650726
-57.560745
-57.511848
-57.582424
-57.736641
-57.664524
-57.603924
-57.660717
-57.658226
-57.735809
-57.821850
-57.933361
-57.923779
-57.936630
-57.992233
-57.940342
-58.068638
-57.946484
-58.007252
-58.108002
-58.035313
-58.090153
-57.966835
-57.925335
-57.862484
-57.888020
-57.947144
-57.970856
-57.770988
-57.725285
-57.853283
-57.772968
-57.626400
-57.538979
-57.522968
-57.575523
-57.591114
-57.463478
-57.481045
-57.594337
-57.679783
-57.389969
-57.344097
-57.471500
-57.604286
-57.642532
-57.973965
-57.907825
-57.935501
-57.998611
-58.258266
-58.366550
-58.341881
-58.392986
-58.616756
-58.900913
-58.747459
-58.594231
-58.418625
-58.390793
-58.476269
-58.687710
-58.802666
-58.705952
-58.640053
-58.420925
-58.569366
-58.880554
-58.943512
-58.855076
-58.876762
-58.988544
-59.214451
-59.319096
-59.166832
-58.976059
-59.113781
-59.177589
-59.235069
-59.311413
-59.229446
-59.173512
-59.333328
-59.254894
-59.057377
-59.142048
-59.101112
-59.203056
-59.393261
-59.443741
-59.212963
-59.224606
-59.306351
-59.390324
-59.417824
-59.211834
-59.160774
-59.272182
-59.507133
-59.572617
-59.704250
-59.608101
-59.503719
-59.510109
-59.697124
-59.705967
-59.747406
-59.717476
-59.646332
-59.562607
-59.684109
-59.642677
-59.389381
-59.153904
-59.067612
-59.083858
-59.078033
-58.939514
-58.970825
-59.088428
-59.219898
-58.892113
-58.693726
-58.814854
-58.855724
-59.128113
-58.854057
-58.804279
-58.913746
-58.875580
-58.778824
-58.588959
-58.441376
-58.308453
-58.498039
-58.368729
-58.351845
-58.285740
-58.206623
-58.314686
-58.276966
-58.392223
-58.265442
-58.572784
-58.314697
-58.377800
-58.372990
-58.311443
-58.253616
-58.107384
-58.322525
-58.090252
-57.950672
-57.939339
-58.133072
-58.204357
-58.199196
-58.181988
-57.982262
-58.043434
-58.248524
-58.557404
-58.514080
-58.322632
-58.163296
-58.258427
-58.372955
-58.397591
-58.337318
-58.417858
-58.439938
-58.599464
-58.520092
-58.512665
-58.504513
-58.656197
-58.724445
-58.757813
-58.828922
-58.645435
-58.607132
-58.473969
-58.684498
-58.517750
-58.379463
-58.570030
-58.856548
-58.802204
-58.592857
-58.491505
-58.424774
-58.517426
-58.642155
-58.827793
-58.951942
-58.793278
-58.637512
-58.707638
-58.885323
-58.806686
-58.787704
-59.028179
-59.163689
-59.087376
-58.999615
-58.929958
-59.000763
-58.849327
-58.926922
-59.015808
-59.141445
-59.097469
-59.158604
-59.112274
-59.059853
-58.998211
-59.013325
-59.204834
-59.263958
-59.325382
-59.245438
-59.270092
-59.240761
-59.089035
-58.957218
-59.177498
-59.078938
-59.025135
-58.939529
-59.206036
-59.014668
-58.853580
-58.684132
-58.829391
-58.965382
-58.769154
-58.764816
-58.742119
-58.718472
-58.529373
-58.571068
-58.438900
-58.212250
-58.380970
-58.194626
-58.103218
-58.183681
-58.048576
-57.743576
-57.811459
-57.890522
-57.772251
-57.757828
-57.627361
-57.589642
-57.577091
-57.498489
-57.419983
-57.367184
-57.251331
-57.264343
-57.182350
-57.169895
-57.115406
-56.895641
-56.913147
-56.937305
-56.898670
-56.847725
-56.690224
-56.618946
-56.591637
-56.602448
-56.337528
-56.406822
-56.323200
-56.336243
-56.174911
-56.124599
-56.162659
-56.090378
-55.776386
-55.906029
-56.057980
-55.885387
-55.750477
-55.773960
-55.819138
-55.736057
-55.685001
-55.731884
-55.610157
-55.583485
-55.504944
-55.495491
-55.498627
-55.257175
-55.257133
-55.327179
-55.203957
-55.142563
-55.091995
-55.094173
-54.991657
-54.943516
-54.964622
-54.963993
-54.966782
-54.830647
-54.895252
-54.807270
-54.797760
-54.774292
-54.690228
-54.684090
-54.702740
-54.690815
-54.656559
-54.603962
-54.432346
-54.530605
-54.604820
-54.528385
-54.468834
-54.501190
-54.555946
-54.475300
-54.450340
-54.384388
-54.464378
-54.410767
-54.357258
-54.441574
-54.331379
-54.386566
-54.348797
-54.180412
-54.315586
-54.140522
-54.218094
-54.191734
-54.333019
-54.197094
-54.123516
-54.254753
-54.145824
-54.096275
-54.107773
-54.228191
-54.071465
-54.163216
-53.987144
-54.069138
-54.085556
-53.944706
-53.925182
-54.078003
-54.021648
-53.936695
-53.959248
-53.969421
-53.950172
-53.885841
-53.824062
-53.928059
-53.829140
-53.798321
-53.801937
-53.796139
-53.803436
-53.644417
-53.792122
-53.807941
-53.667355
-53.662334
-53.706341
-53.715790
-53.592354
-53.509670
-53.621677
-53.641228
-53.693123
-53.472965
-53.520874
-53.569550
-53.475845
-53.561714
-53.507179
-53.460377
-53.488167
-53.477596
-53.513680
-53.442841
-53.461662
-53.351257
-53.480816
-53.360050
-53.338711
-53.317131
-53.323708
-53.388374
-53.216335
-53.333523
-53.131271
-53.204411
-53.154984
-53.172501
-53.110760
-53.243900
-53.148109
-53.109230
-53.059803
-53.019245
-52.989658
-53.049541
-52.950226
-52.916607
-52.949608
-52.998619
-52.767746
-52.909611
-52.845974
-52.765179
-52.696396
-52.789253
-52.621670
-52.628838
-52.665184
-52.586185
-52.527477
-52.513145
-52.371449
-52.377815
-52.316414
-52.388691
-52.204189
-52.189480
-52.100792
-52.136822
-52.028957
-51.963970
-51.917648
-51.824875
-51.865356
-51.742855
-51.719997
-51.589436
-51.595970
-51.542179
-51.570740
-51.310040
-51.353352
-51.341755
-51.330997
-51.302849
-51.261082
-51.011082
-51.116833
-51.049831
-51.016869
-50.914799
-50.867958
-50.723492
-50.820450
-50.837872
-50.731583
-50.706814
-50.551426
-50.495617
-50.558113
-50.560669
-50.498569
-50.385315
-50.387718
-50.320827
-50.419613
-50.315216
-50.250835
-50.119850
-50.136242
-50.183773
-50.119812
-50.053566
-49.917065
-49.938484
-49.904438
-50.030521
-49.829590
-49.824703
-49.695965
-49.783989
-49.778782
-49.713688
-49.688038
-49.654018
-49.638313
-49.609264
-49.761929
-49.576454
-49.440826
-49.481426
-49.544205
-49.637413
-49.462173
-49.469093
-49.338142
-49.404125
-49.522129
-49.320370
-49.376827
-49.318752
-49.405560
-49.347748
-49.399281
-49.342106
-49.275890
-49.314495
-49.309292
-49.436680
-49.311115
-49.216461
-49.222595
-49.280682
-49.340115
-49.291214
-49.282780
-49.163692
-49.266350
-49.224323
-49.320992
-49.223454
-49.272720
-49.221863
-49.406128
-49.312424
-49.325294
-49.307613
-49.299850
-49.406647
-49.364353
-49.423157
-49.374535
-49.441341
-49.349945
-49.382618
-49.470745
-49.457569
-49.411877
-49.407963
-49.338116
-49.589291
-49.468864
-49.470215
-49.468330
-49.583534
-49.524403
-49.626713
-49.590057
-49.524853
-49.685959
-49.755310
-49.721191
-49.720913
-49.719654
-49.829132
-49.887260
-49.940983
-49.910992
-49.970871
-50.060646
-49.970997
-50.261288
-50.165462
-50.198559
-50.239479
-50.284767
-50.275047
-50.261776
-50.593410
-50.454136
-50.592354
-50.487965
-50.622532
-50.750603
-50.690536
-50.724911
-50.738609
-50.867149
-50.879063
-50.965691
-51.009254
-50.947731
-51.064419
-50.974499
-51.020245
-51.221828
-51.215942
-51.341591
-51.271709
-51.442299
-51.424034
-51.600269
-51.395874
-51.551468
-51.583885
-51.723728
-51.674515
-51.702976
-51.769619
-51.758190
-51.667980
-51.740047
-51.908150
-51.833973
-51.846935
-52.017227
-51.989532
-52.043663
-52.002155
-52.210663
-52.121948
-52.143608
-52.271927
-52.357468
-52.311409
-52.283283
-52.343739
-52.411469
-52.595520
-52.407452
-52.549606
-52.647694
-52.666676
-52.715424
-52.723324
-52.863529
-52.822395
-52.939075
-52.997421
-53.019714
-53.049236
-53.083157
-53.050472
-53.178787
-53.238628
-53.378468
-53.188297
-53.353420
-53.445736
-53.432945
-53.430428
-53.510143
-53.464699
-53.525387
-53.620598
-53.876869
-53.731434
-53.722870
-53.671570
-53.796291
-53.900112
-54.038269
-53.815121
-53.822987
-54.033161
-54.171669
-54.171036
-54.066051
-54.113991
-54.226448
-54.279427
-54.348801
-54.350704
-54.537163
-54.400536
-54.399677
-54.499332
-54.548622
-54.639126
-54.547222
-54.611485
-54.836777
-54.794804
-54.664238
-54.671677
-54.869678
-54.802380
-54.956676
-54.955078
-54.901299
-54.798759
-55.108482
-55.128403
-55.088715
-55.080971
-55.233585
-55.190319
-55.209496
-55.408775
-55.415241
-55.297649
-55.375065
-55.414028
-55.543613
-55.537506
-55.648319
-55.590706
-55.653572
-55.790161
-55.850952
-55.783375
-55.860050
-55.900944
-56.052734
-56.120861
-56.066830
-56.092403
-56.244167
-56.336636
-56.303677
-56.341862
-56.300640
-56.414284
-56.573906
-56.462025
-56.550079
-56.737720
-56.625599
-56.722603
-56.809597
-57.000584
-56.894844
-56.935322
-56.940777
-57.153290
-57.201302
-57.244423
-57.207165
-57.346527
-57.406784
-57.530006
-57.530533
-57.681568
-57.621159
-57.740086
-57.828941
-58.096893
-57.971943
-57.994316
-58.055058
-58.169380
-58.310131
-58.390766
-58.296024
-58.336746
-58.542934
-58.500488
-58.668190
-58.653149
-58.673012
-58.571239
-58.842827
-58.821068
-58.997131
-58.855320
-58.997677
-59.019344
-59.193062
-59.147205
-59.275761
-59.189907
-59.207062
-59.287949
-59.528137
-59.316116
-59.392345
-59.457584
-59.522545
-59.507347
-59.664398
-59.592396
-59.615971
-59.731785
-59.646976
-59.906429
-59.808926
-59.832840
-59.782532
-59.951672
-59.882454
-59.962311
-59.933277
-60.005672
-59.991161
-60.028427
-59.943459
-60.138660
-60.088608
-60.061775
-60.072292
-60.058735
-60.222439
-60.238201
-60.143578
-60.122303
-60.172356
-60.237049
-60.108223
-60.199146
-60.221882
-60.167347
-60.198700
-60.234566
-60.180603
-60.187595
-60.176758
-60.130447
-60.221069
-60.290039
-60.196812
-60.140606
-60.250614
-60.210484
-60.265667
-60.196297
-60.193233
-60.228970
-60.226074
-60.207718
-60.194614
-60.247589
-60.134590
-60.159245
-60.267052
-60.275955
-60.193176
-60.094227
-60.232811
-60.285370
-60.242077
-60.156532
-60.186634
-60.153294
-60.267963
-60.317036
-60.194721
-60.146805
-60.147205
-60.277042
-60.107765
-60.222179
-60.221272
-60.158543
-60.223099
-60.218418
-60.282242
-60.090672
-60.154160
-60.233093
-60.246971
-60.207901
-60.083260
-60.268101
-60.183472
-60.282970
-60.111679
-60.281189
-60.255905
-60.166538
-60.165989
-60.310154
-60.302677
-60.197414
-60.251602
-60.318027
-60.167931
-60.301521
-60.321487
-60.303268
-60.133114
-60.351696
-60.297508
-60.383640
-60.171993
-60.319256
-60.360275
-60.234886
-60.252960
-60.359867
-60.284821
-60.210842
-60.355923
-60.369907
-60.346035
-60.306969
-60.319756
-60.292629
-60.387939
-60.313370
-60.275505
-60.337704
-60.387608
-60.274849
-60.353203
-60.367760
-60.326061
-60.304371
-60.371548
-60.415577
-60.473381
-60.406174
-60.340195
-60.377308
-60.335217
-60.389736
-60.389202
-60.343838
-60.450321
-60.417797
-60.305565
-60.370163
-60.429504
-60.339485
-60.405708
-60.455132
-60.515213
-60.328335
-60.506721
-60.493259
-60.527634
-60.346470
-60.420094
-60.520718
-60.646648
-60.504791
-60.447796
-60.567463
-60.474869
-60.465141
-60.510017
-60.497349
-60.504337
-60.512535
-60.524944
-60.595078
-60.465034
-60.411198
-60.671719
-60.688698
-60.396400
-60.370457
-60.582066
-60.548706
-60.539585
-60.442020
-60.511181
-60.426037
-60.508366
-60.414150
-60.552132
-60.445690
-60.407745
-60.317047
-60.404110
-60.447124
-60.374027
-60.402401
-60.205109
-60.377453
-60.306992
-60.218441
-60.196030
-60.198345
-60.266945
-60.098553
-60.082165
-60.093292
-60.077942
-59.978992
-59.995605
-59.995663
-59.943043
-59.912052
-59.778812
-59.981220
-59.825153
-59.791019
-59.772381
-59.698727
-59.817558
-59.710625
-59.685101
-59.704689
-59.594128
-59.553005
-59.521751
-59.661770
-59.546459
-59.515015
-59.394402
-59.458344
-59.502171
-59.416763
-59.287304
-59.317703
-59.324909
-59.341877
-59.132969
-59.199738
-59.258266
-59.054409
-59.045174
-59.049267
-59.041500
-59.023895
-58.872734
-58.937653
-58.922108
-58.794781
-58.666794
-58.825493
-58.764259
-58.744946
-58.578754
-58.593616
-58.606499
-58.585011
-58.445236
-58.408939
-58.591202
-58.437317
-58.342602
-58.408360
-58.347591
-58.352310
-58.296772
-58.278294
-58.415001
-58.422039
-58.148327
-58.155792
-58.331039
-58.213535
-58.055302
-58.091293
-58.251213
-58.234169
-57.916370
-57.942356
-58.067570
-58.049400
-57.878288
-58.095577
-57.996487
-57.848343
-58.065952
-58.085831
-58.067516
-57.910114
-57.950089
-58.049068
-57.946861
-57.926304
-58.098309
-58.154541
-57.883141
-57.935337
-57.894962
-58.006973
-58.081749
-57.926979
-57.974163
-58.117439
-58.077389
-57.976448
-57.950642
-58.013958
-58.048103
-58.049110
-58.123135
-58.045834
-58.146923
-58.132881
-58.117989
-57.989410
-58.028282
-58.084721
-58.190369
-58.124706
-58.184116
-58.221291
-58.145840
-57.959957
-58.037895
-58.034748
-58.055996
-58.116253
-58.076725
-57.902126
-58.057991
-58.107067
-58.065533
-58.039677
-58.021950
-58.215752
-58.155106
-58.152855
-58.145226
-58.150898
-58.284420
-58.310387
-58.360184
-58.043526
-58.111549
-58.213852
-58.302032
-58.124428
-58.062836
-58.096531
-58.068359
-58.039314
-57.970268
-58.217373
-57.991558
-57.937733
-58.072376
-58.046520
-57.931629
-57.984222
-58.079037
-58.017998
-58.064369
-58.098087
-58.049831
-58.005512
-57.874630
-57.989277
-57.991779
-57.928047
-57.891258
-58.028217
-58.107788
-57.899036
-57.935207
-57.890621
-57.921021
-57.998901
-57.850368
-57.961704
-57.943642
-57.873623
-57.737560
-57.933876
-57.853310
-57.705460
-57.819065
-57.913952
-57.850117
-57.817410
-57.856243
-57.932175
-57.789867
-57.806705
-57.797176
-57.855850
-57.799328
-57.813797
-57.660461
-57.827419
-57.768917
-57.691833
-57.712006
-57.736301
-57.767815
-57.605614
-57.724659
-57.725052
-57.704178
-57.723248
-57.667221
-57.757538
-57.599201
-57.573254
-57.542965
-57.640945
-57.541199
-57.630360
-57.545105
-57.622177
-57.511265
-57.462780
-57.636486
-57.428707
-57.540112
-57.428955
-57.654488
-57.474037
-57.446819
-57.428425
-57.514473
-57.433361
-57.283905
-57.370689
-57.385708
-57.394840
-57.349014
-57.304352
-57.360714
-57.321201
-57.313850
-57.151939
-57.252716
-57.282703
-57.237198
-57.196785
-57.270065
-57.247578
-57.106216
-57.080376
-57.145576
-57.127892
-57.155121
-57.089367
-57.200207
-57.054626
-56.994289
-57.047638
-57.141663
-57.015678
-56.963310
-57.033283
-56.987659
-56.993233
-56.942776
-56.928181
-57.088997
-56.961052
-56.822388
-56.817986
-57.014240
-56.902500
-56.947731
-56.904953
-56.866959
-56.928623
-56.933018
-56.925503
-56.867359
-56.843216
-56.876759
-56.870785
-57.041752
-56.871876
-56.786545
-56.853878
-56.825760
-56.840118
-56.805874
-56.844772
-56.698738
-56.820431
-56.853355
-56.848919
-56.752621
-56.804443
-56.693485
-56.767117
-56.806854
-56.711464
-56.813694
-56.782494
-56.707325
-56.698120
-56.707870
-56.638771
-56.665939
-56.827225
-56.815823
-56.540638
-56.709988
-56.810066
-56.656162
-56.665844
-56.657291
-56.637966
-56.665279
-56.647717
-56.721798
-56.661724
-56.562469
-56.549755
-56.625996
-56.625484
-56.678230
-56.558529
-56.639755
-56.593651
-56.593578
-56.678448
-56.499283
-56.514442
-56.546345
-56.602158
-56.650055
-56.513550
-56.472694
-56.547844
-56.547680
-56.555847
-56.467056
-56.433273
-56.577126
-56.494690
-56.429714
-56.497410
-56.368568
-56.546089
-56.491684
-56.426674
-56.435986
-56.455261
-56.469841
-56.285622
-56.416245
-56.467518
-56.368980
-56.377224
-56.414200
-56.322754
-56.409382
-56.415131
-56.300781
-56.405479
-56.383884
-56.312347
-56.345802
-56.402718
-56.368912
-56.255650
-56.267696
-56.300602
-56.372181
-56.338959
-56.295288
-56.187679
-56.287022
-56.308144
-56.408390
-56.229210
-56.237717
-56.236980
-56.381084
-56.098801
-56.304798
-56.348839
-56.131828
-56.124809
-56.296700
-56.230034
-56.276253
-56.177830
-56.142902
-56.292683
-56.308666
-56.197636
-56.164665
-56.165268
-56.252472
-56.138775
-56.092476
-56.111614
-56.131344
-56.066971
-56.108162
-56.149742
-56.140247
-56.082882
-56.084881
-56.065945
-56.143589
-56.117657
-56.057133
-55.942551
-56.057018
-56.027927
-56.044376
-56.116356
-55.862370
-55.930431
-56.089661
-56.104366
-55.970837
-56.038944
-56.003372
-55.954727
-56.005558
-55.954983
-55.887058
-56.049603
-56.015465
-55.902073
-55.955132
-55.974632
-55.839558
-55.928593
-55.862938
-56.062855
-55.832500
-55.872562
-55.801033
-55.930496
-55.944817
-55.885635
-55.812115
-55.828075
-55.815880
-55.860237
-55.839394
-55.888531
-55.830349
-55.837032
-55.796368
-55.906284
-55.887058
-55.758678
-55.835083
-55.898460
-55.914986
-55.849720
-55.794277
-55.856468
-55.937057
-55.922455
-55.894722
-55.914536
-55.843582
-55.876335
-55.887470
-55.884037
-55.929142
-55.871201
-55.921051
-55.891476
-55.927795
-55.828449
-55.810070
-55.737923
-55.955215
-55.902916
-55.863022
-55.757355
-55.896465
-55.808998
-55.738888
-55.808712
-55.734219
-55.812893
-55.746433
-55.717522
-55.712509
-55.724297
-55.717953
-55.530895
-55.682068
-55.581184
-55.609356
-55.504261
-55.453125
-55.479843
-55.420544
-55.323029
-55.451298
-55.373959
-55.282547
-55.214592
-55.270309
-55.111767
-55.185036
-55.167816
-55.133663
-55.038338
-55.046280
-54.955357
-54.745506
-54.951435
-54.849133
-54.919388
-54.722557
-54.758827
-54.740082
-54.734688
-54.630402
-54.568546
-54.562557
-54.543697
-54.552319
-54.421612
-54.443398
-54.415897
-54.298725
-54.334259
-54.285599
-54.251133
-54.154476
-54.146351
-54.200001
-54.063217
-54.015770
-53.996281
-53.951687
-53.831470
-53.844791
-53.901787
-53.791748
-53.743500
-53.644207
-53.683064
-53.577957
-53.500328
-53.534801
-53.497280
-53.472019
-53.327305
-53.336613
-53.355740
-53.299164
-53.208107
-53.110367
-53.225346
-53.132969
-53.105034
-52.964764
-53.005718
-52.905685
-52.847820
-52.895161
-52.826157
-52.673000
-52.722504
-52.802486
-52.624187
-52.536732
-52.565510
-52.588387
-52.496273
-52.505264
-52.428837
-52.473270
-52.355785
-52.331558
-52.298595
-52.372623
-52.287182
-52.156925
-52.217003
-52.299622
-52.334099
-52.160931
-52.156246
-52.032162
-52.181858
-52.171349
-51.950558
-52.048374
-52.091766
-51.938274
-51.863220
-51.906380
-51.923466
-51.880711
-51.785702
-51.812279
-51.811787
-51.869396
-51.676365
-51.693810
-51.612179
-51.670506
-51.675514
-51.627834
-51.517654
-51.478832
-51.437607
-51.497272
-51.397594
-51.469067
-51.240009
-51.242302
-51.301884
-51.294998
-51.201229
-51.228855
-51.090069
-51.219486
-51.137840
-51.124241
-51.074223
-51.048321
-50.992268
-51.038258
-51.144173
-51.003750
-50.846329
-50.794533
-50.993427
-51.058193
-50.768772
-50.720467
-50.776165
-50.798725
-50.816696
-50.619598
-50.644966
-50.767540
-50.776001
-50.505543
-50.543243
-50.679001
-50.654922
-50.567547
-50.486958
-50.564289
-50.585838
-50.509384
-50.477856
-50.595829
-50.370556
-50.420624
-50.399075
-50.428711
-50.455727
-50.371571
-50.267860
-50.310581
-50.337242
-50.251297
-50.261459
-50.249371
-50.230461
-50.190327
-50.160252
-50.261353
-50.216995
-50.153522
-50.025360
-50.102039
-50.179882
-50.093918
-50.091522
-50.112267
-50.153717
-50.090374
-50.015518
-50.206978
-50.111786
-50.153301
-49.971848
-50.058968
-50.095772
-50.081764
-50.076431
-50.050335
-49.856087
-49.833363
-49.851292
-49.848965
-49.876759
-49.686165
-49.755856
-49.765259
-49.804222
-49.600399
-49.540405
-49.560368
-49.652935
-49.323490
-49.398109
-49.601536
-49.416821
-49.369545
-49.176933
-49.336491
-49.224422
-49.192497
-49.098217
-49.075966
-49.188080
-48.999882
-48.988094
-48.952404
-48.873924
-48.761738
-48.767513
-48.683376
-48.578705
-48.622494
-48.540596
-48.600536
-48.399578
-48.361973
-48.332302
-48.311119
-48.322521
-48.254639
-48.225998
-48.093037
-47.963837
-48.108376
-47.968788
-48.031578
-47.838676
-47.754105
-47.654129
-47.608261
-47.650890
-47.686520
-47.645161
-47.503063
-47.574093
-47.631229
-47.542515
-47.543552
-47.448872
-47.457897
-47.430935
-47.396824
-47.200851
-47.271233
-47.175243
-47.172001
-47.107231
-47.109676
-47.144672
-47.073997
-47.048306
-46.970814
-47.132076
-47.010563
-46.993580
-47.015339
-46.996941
-46.852959
-46.820148
-46.770275
-46.770966
-46.779816
-46.866776
-46.649132
-46.675095
-46.672840
-46.712231
-46.576694
-46.528969
-46.575897
-46.639275
-46.504265
-46.467747
-46.553432
-46.449654
-46.397465
-46.335880
-46.426552
-46.372318
-46.387192
-46.289738
-46.391766
-46.419773
-46.237076
-46.271198
-46.298725
-46.357018
-46.302483
-46.344952
-46.244003
-46.285744
-46.231407
-46.128811
-46.274269
-46.242092
-46.177189
-46.180477
-46.228416
-46.214771
-46.111828
-46.070580
-46.050045
-46.137249
-46.086441
-46.150318
-46.076225
-46.075375
-46.020611
-46.082592
-45.879051
-45.933228
-45.989944
-45.962811
-46.073277
-45.954796
-45.796505
-45.759724
-45.935558
-45.880322
-45.836582
-45.826080
-45.931110
-45.798199
-45.772175
-45.824486
-45.698925
-45.611774
-45.666096
-45.589863
-45.582600
-45.660614
-45.376759
-45.429729
-45.454857
-45.343437
-45.243298
-45.413334
-45.332432
-45.273003
-45.168530
-45.222710
-45.291786
-45.279079
-45.004398
-45.099594
-45.188442
-45.095730
-45.067379
-44.981354
-45.065159
-44.995831
-45.040257
-44.918571
-44.987782
-44.944431
-44.797832
-44.931175
-45.012810
-44.828125
-44.800865
-44.821743
-44.902485
-44.774082
-44.722786
-44.675121
-44.678585
-44.746941
-44.587883
-44.677250
-44.597683
-44.497097
-44.547569
-44.495316
-44.564030
-44.483368
-44.488045
-44.409184
-44.569260
-44.492287
-44.442123
-44.405125
-44.342182
-44.379814
-44.316772
-44.385563
-44.328999
-44.350124
-44.244011
-44.328773
-44.267929
-44.254826
-44.184143
-44.178158
-44.167511
-44.261929
-44.222454
-44.097332
-44.230267
-44.137726
-44.214256
-44.211018
-44.215481
-44.017578
-44.136307
-44.158554
-44.116405
-44.272945
-44.083385
-44.151951
-44.116802
-44.236389
-44.110630
-44.142818
-44.040157
-44.224232
-44.204525
-44.145958
-44.240993
-44.156048
-44.023132
-44.119453
-44.300686
-44.116627
-44.107506
-44.090672
-44.142754
-44.100777
-44.126873
-43.993061
-44.175213
-44.096725
-44.159531
-44.146214
-44.167553
-44.139065
-44.100979
-44.128139
-44.184929
-44.143719
-44.188915
-44.118637
-44.216820
-44.093346
-44.269211
-44.281368
-44.245941
-44.197189
-44.336056
-44.200768
-44.193871
-44.303528
-44.242680
-44.325623
-44.251610
-44.305233
-44.326733
-44.303146
-44.221508
-44.314213
-44.307919
-44.339809
-44.204723
-44.340588
-44.363041
-44.370609
-44.224709
-44.244846
-44.413467
-44.285694
-44.228436
-44.192780
-44.349007
-44.290421
-44.268707
-44.261070
-44.308472
-44.312107
-44.277325
-44.277802
-44.394989
-44.263317
-44.378227
-44.230072
-44.345528
-44.369766
-44.233292
-44.304150
-44.278427
-44.344486
-44.264515
-44.327744
-44.321892
-44.194839
-44.380600
-44.224060
-44.272934
-44.188927
-44.209148
-44.207485
-44.270947
-44.270020
-44.216873
-44.331078
-44.102894
-44.186268
-44.189518
-44.249756
-44.249798
-44.085278
-44.055492
-44.230034
-44.137524
-44.040344
-44.022293
-44.120663
-44.123554
-44.081890
-44.089325
-44.059853
-44.158169
-44.145279
-43.966740
-44.086952
-44.177269
-44.160698
-44.075920
-44.176792
-44.207462
-44.090664
-44.186195
-44.055981
-44.339718
-44.314713
-44.257065
-44.211693
-44.411629
-44.340603
-44.281754
-44.359058
-44.445477
-44.488541
-44.459023
-44.474506
-44.653713
-44.621273
-44.675678
-44.672325
-44.888737
-44.904198
-44.908039
-44.965595
-45.090942
-45.110409
-45.136482
-45.309517
-45.322147
-45.428398
-45.508652
-45.528072
-45.658031
-45.732685
-45.758892
-45.816662
-45.904816
-46.097851
-46.044346
-46.180893
-46.203087
-46.363731
-46.365589
-46.460114
-46.538467
-46.551098
-46.587379
-46.803699
-46.818592
-46.918251
-46.926086
-46.975044
-46.994343
-47.277191
-47.204685
-47.237900
-47.259350
-47.398144
-47.450134
-47.484718
-47.651676
-47.556683
-47.559364
-47.683949
-47.757401
-47.803558
-47.714146
-47.858562
-47.910164
-47.862736
-47.896732
-47.968250
-47.929562
-47.978344
-48.012573
-48.049713
-47.947964
-48.020760
-47.972992
-47.963947
-47.897469
-48.127972
-47.917313
-47.970314
-47.872105
-47.852581
-47.867676
-47.851933
-47.847721
-47.681549
-47.823017
-47.660805
-47.549412
-47.614441
-47.695240
-47.532196
-47.323513
-47.415001
-47.428558
-47.339630
-47.199997
-47.175507
-47.175255
-47.065163
-47.090721
-46.953068
-46.868504
-46.801022
-46.840771
-46.693321
-46.724068
-46.601120
-46.456055
-46.513397
-46.454044
-46.385815
-46.267155
-46.233456
-46.268944
-46.157581
-46.084179
-46.099407
-46.008232
-46.000237
-45.914261
-45.805237
-45.759663
-45.759583
-45.709763
-45.704903
-45.583843
-45.535755
-45.582588
-45.548729
-45.451389
-45.437153
-45.446014
-45.346474
-45.363148
-45.258705
-45.320614
-45.283215
-45.178043
-45.196274
-45.205708
-45.109402
-45.099293
-45.069195
-45.120426
-45.036232
-45.058014
-45.126968
-45.002064
-45.064468
-45.060059
-45.044212
-45.022121
-45.175827
-45.029739
-45.054199
-45.146469
-45.133698
-45.189720
-45.097202
-45.260136
-45.189911
-45.237934
-45.245037
-45.273220
-45.406456
-45.288460
-45.419434
-45.564041
-45.550674
-45.536663
-45.621025
-45.695084
-45.642662
-45.782227
-45.893280
-45.837574
-45.841583
-46.001373
-46.062115
-46.031776
-45.976418
-46.216805
-46.140942
-46.306488
-46.261002
-46.440491
-46.373638
-46.511406
-46.483841
-46.506897
-46.700455
-46.608757
-46.697784
-46.876312
-46.827492
-46.740631
-46.822369
-47.083660
-46.956196
-47.049904
-46.990410
-47.045101
-47.271931
-47.265980
-47.128265
-47.241722
-47.280907
-47.212448
-47.371334
-47.314373
-47.402130
-47.474449
-47.487705
-47.359112
-47.442406
-47.507118
-47.502327
-47.539997
-47.463287
-47.653976
-47.640770
-47.621254
-47.550041
-47.572014
-47.651325
-47.634666
-47.560379
-47.626991
-47.647945
-47.727238
-47.531796
-47.658279
-47.592247
-47.603409
-47.561810
-47.630505
-47.601933
-47.585487
-47.553074
-47.541233
-47.585213
-47.484283
-47.397846
-47.450436
-47.482635
-47.308289
-47.255569
-47.304699
-47.319626
-47.215084
-47.102638
-47.103519
-47.022068
-47.072144
-46.949871
-46.917725
-46.822792
-46.843204
-46.734234
-46.691971
-46.648067
-46.536354
-46.480900
-46.475388
-46.416962
-46.395607
-46.417820
-46.274151
-46.130226
-46.202236
-46.086639
-46.088898
-45.974342
-45.961693
-45.937988
-45.860466
-45.786919
-45.682076
-45.705456
-45.664795
-45.624744
-45.530617
-45.440819
-45.566833
-45.311211
-45.392345
-45.266293
-45.322380
-45.138752
-45.219944
-45.166542
-45.026791
-45.126511
-45.030018
-44.903454
-44.915180
-44.903809
-44.830704
-44.880825
-44.767628
-44.734703
-44.714310
-44.753067
-44.611633
-44.705524
-44.559753
-44.615963
-44.606133
-44.571682
-44.478878
-44.524204
-44.498077
-44.488926
-44.357746
-44.481323
-44.414200
-44.344200
-44.313683
-44.441998
-44.376602
-44.204643
-44.370552
-44.353630
-44.321571
-44.331562
-44.194244
-44.361248
-44.354805
-44.297005
-44.250355
-44.462994
-44.274715
-44.272537
-44.299561
-44.338718
-44.434822
-44.285919
-44.336391
-44.354137
-44.447994
-44.407589
-44.430004
-44.386395
-44.472103
-44.379333
-44.519245
-44.592655
-44.643497
-44.644215
-44.552670
-44.676048
-44.789314
-44.825878
