Az       (ft/s^2)
-34.960377
-34.759377
-34.815533
-34.827385
-34.855118
-34.853550
-35.049370
-35.058083
-34.983650
-35.030155
-35.106834
-34.970734
-35.126320
-35.153767
-35.049175
-34.923576
-35.010303
-34.872246
-34.852074
-34.949257
-34.940872
-34.929985
-34.913097
-35.026867
-35.026352
-34.967537
-34.840931
-34.797581
-35.088158
-35.179726
-35.068111
-34.904041
-34.966385
-35.039383
-35.038052
-35.221462
-35.163170
-35.027672
-34.943111
-35.116955
-35.159706
-35.256306
-35.039055
-34.886292
-35.063839
-35.097229
-35.262962
-35.107605
-34.898750
-35.108181
-35.048923
-35.055302
-35.244556
-35.226685
-35.037704
-35.118690
-35.229000
-35.213169
-35.080662
-34.965748
-35.189102
-35.183422
-35.399338
-35.138748
-35.085381
-35.234158
-35.288719
-35.245621
-35.269047
-35.307205
-35.262798
-35.218639
-35.393963
-35.352474
-35.290524
-35.214378
-35.245949
-35.240406
-35.371201
-35.339867
-35.272480
-35.340218
-35.333977
-35.166340
-35.192444
-35.348373
-35.403229
-35.391800
-35.311462
-35.371830
-35.297550
-35.348812
-35.355915
-35.277775
-35.275261
-35.242691
-35.359222
-35.165615
-35.247608
-35.245079
-35.068405
-35.167328
-35.275955
-35.260654
-35.265434
-35.314617
-35.204044
-35.291023
-35.233944
-35.207123
-35.232513
-35.229237
-35.095921
-35.060665
-35.103527
-34.967022
-34.980431
-34.920834
-35.013863
-34.695992
-34.803059
-34.915661
-35.018570
-34.841011
-34.764801
-34.868534
-34.939674
-35.080780
-34.948418
-34.964825
-34.970066
-34.982338
-35.180065
-35.048656
-35.129883
-35.263233
-35.180546
-35.088619
-35.159260
-35.299355
-35.149330
-35.192883
-35.204945
-35.376976
-35.196384
-35.175346
-35.128292
-35.250149
-35.375870
-35.185822
-35.231178
-35.178902
-35.264381
-35.125748
-35.375229
-35.313770
-35.132530
-35.139233
-35.229256
-35.068653
-35.087906
-35.064812
-34.973949
-35.129246
-35.340717
-35.335587
-35.092548
-35.173149
-35.264954
-35.290283
-35.518173
-35.344269
-35.351425
-35.534039
-35.719810
-35.525639
-35.458511
-35.509995
-35.413944
-35.345112
-35.318653
-35.481552
-35.699772
-35.430424
-35.362671
-35.230156
-35.429337
-35.371700
-35.484669
-35.518604
-35.545815
-35.625965
-35.535404
-35.389858
-35.444443
-35.412148
-35.413010
-35.430286
-35.506603
-35.407452
-35.435341
-35.228462
-35.229008
-35.363495
-35.423836
-35.488892
-35.489090
-35.445965
-35.437210
-35.440323
-35.249767
-35.266659
-35.374916
-35.145634
-34.887135
-35.082184
-35.076397
-34.936108
-34.707714
-34.760761
-34.786842
-34.943481
-34.824879
-34.791790
-35.012043
-34.964104
-35.130108
-34.966198
-35.144257
-35.054508
-34.928822
-34.986309
-35.071548
-35.011131
-34.960796
-34.944271
-34.865009
-34.770313
-34.748722
-34.881432
-34.817001
-34.835365
-34.710983
-34.720242
-34.805782
-34.672489
-34.703938
-34.786903
-34.597301
-34.408340
-34.607174
-34.642738
-34.517139
-34.398399
-34.389729
-34.391525
-34.382084
-34.543938
-34.381752
-34.338928
-34.377583
-34.506908
-34.395596
-34.412762
-34.355923
-34.364262
-34.344818
-34.543793
-34.375214
-34.425186
-34.145748
-34.308640
-34.186398
-34.448090
-34.236298
-34.055382
-34.099686
-34.224979
-34.149944
-33.982342
-34.132034
-34.040848
-33.833755
-33.993851
-34.080257
-34.009247
-33.684631
-33.611359
-33.822548
-33.924313
-33.511757
-33.330868
-33.501003
-33.397659
-33.327415
-33.298653
-33.201412
-33.068459
-32.899906
-32.966900
-33.134632
-32.935795
-32.977444
-33.138512
-32.879654
-32.863239
-32.724201
-32.926224
-32.842010
-32.656002
-32.479916
-32.832745
-32.882320
-32.465382
-32.415104
-32.797539
-32.706924
-32.315113
-32.425701
-32.372963
-32.204735
-32.253567
-32.198437
-32.223637
-32.137749
-32.031696
-31.942022
-32.113026
-32.166946
-32.038738
-31.902460
-31.773701
-31.978054
-31.835768
-31.790524
-31.664721
-31.676321
-31.591179
-31.733826
-31.540831
-31.695076
-31.554951
-31.584034
-31.514154
-31.661816
-31.685850
-31.581594
-31.515062
-31.576410
-31.642849
-31.511297
-31.468695
-31.511948
-31.457708
-31.546576
-31.479084
-31.416723
-31.576773
-31.667185
-31.577169
-31.460871
-31.467216
-31.560675
-31.609549
-31.661402
-31.526798
-31.447201
-31.656502
-31.408194
-31.437090
-31.470528
-31.612223
-31.347496
-31.267344
-31.410374
-31.629255
-31.453592
-31.348743
-31.486403
-31.647137
-31.528198
-31.623407
-31.487877
-31.511740
-31.589233
-31.704605
-31.630960
-31.587952
-31.637789
-31.617069
-31.686520
-31.577576
-31.491001
-31.556166
-31.895374
-31.778101
-31.754416
-31.758083
-31.826031
-31.785376
-31.845825
-31.815380
-31.859135
-31.975525
-31.971714
-31.854294
-31.895424
-31.986242
-31.796387
-31.841492
-31.902330
-32.027969
-31.963816
-32.012909
-32.024212
-31.952728
-31.989443
-32.119556
-32.022659
-31.989628
-32.025978
-32.099770
-32.122105
-32.094837
-32.063934
-32.030609
-32.095142
-32.103249
-32.106361
-32.233753
-32.102909
-32.140476
-32.017662
-32.163063
-32.231560
-32.141186
-32.174629
-32.318413
-32.197754
-32.167522
-32.312191
-32.356319
-32.333157
-32.261173
-32.507359
-32.353374
-32.398216
-32.494411
-32.512581
-32.662670
-32.389660
-32.552185
-32.742073
-32.686058
-32.581532
-32.694874
-32.771542
-32.798878
-32.701694
-32.771019
-32.722450
-32.673527
-32.751957
-32.812943
-32.812881
-32.748150
-32.718594
-32.832317
-32.875175
-32.825623
-32.860779
-32.837486
-32.932430
-32.867287
-32.863705
-33.001728
-32.861958
-32.826664
-32.772873
-32.935364
-33.073559
-32.895447
-32.966412
-32.868706
-33.033077
-33.213432
-32.966572
-33.121765
-33.081108
-33.133430
-33.053757
-33.146641
-33.188660
-33.198227
-33.034546
-33.137863
-33.340515
-33.227020
-33.353378
-33.210224
-33.386196
-33.523109
-33.460518
-33.477798
-33.504105
-33.687675
-33.346458
-33.596172
-33.465019
-33.413795
-33.500935
-33.461971
-33.589344
-33.440586
-33.577057
-33.406803
-33.588211
-33.693562
-33.505550
-33.834934
-33.548798
-33.827293
-33.589378
-33.830635
-33.775803
-33.554905
-33.651169
-33.743156
-33.695789
-33.738659
-33.764732
-33.768608
-33.865719
-33.634609
-34.008511
-33.821751
-33.866001
-34.014294
-33.985359
-33.895191
-33.883644
-34.089371
-34.106739
-33.956448
-34.173798
-34.075344
-34.018658
-34.169601
-34.307896
-33.874386
-34.145931
-34.389156
-34.158665
-34.201111
-34.283127
-34.302254
-34.282864
-34.196064
-34.336067
-34.395332
-34.450607
-34.478905
-34.497902
-34.557747
-34.545624
-34.542961
-34.742863
-34.718872
-34.944145
-34.900993
-34.919392
-35.026947
-34.990196
-35.177540
-35.136475
-35.305752
-35.298779
-35.517838
-35.298859
-35.368305
-35.846985
-35.668404
-35.637966
-35.939468
-35.867111
-36.166439
-36.242577
-36.330666
-36.228455
-36.604877
-36.739391
-36.733612
-36.885380
-37.082035
-37.075401
-37.213795
-37.426174
-37.714371
-37.876953
-37.811783
-38.139664
-38.207962
-38.475796
-38.613445
-38.865288
-38.966324
-39.140079
-39.404724
-39.406384
-39.791393
-40.021114
-40.134094
-40.301006
-40.476902
-40.879959
-40.943913
-41.172977
-41.323624
-41.518661
-41.886520
-41.953979
-42.213734
-42.382893
-42.590370
-42.822277
-42.972649
-43.277584
-43.457478
-43.637253
-43.623333
-43.929184
-44.313179
-44.382294
-44.486118
-44.637459
-44.862877
-45.112080
-45.219627
-45.442776
-45.681751
-45.675957
-45.743114
-46.084705
-46.367561
-46.151119
-46.507507
-46.578789
-46.878906
-46.854618
-47.015842
-47.150436
-47.207321
-47.388096
-47.477211
-47.594666
-47.773106
-47.938576
-47.952847
-47.975521
-48.173588
-48.246456
-48.390957
-48.317139
-48.481907
-48.701897
-48.515102
-48.694477
-48.939964
-48.921761
-48.791672
-48.944782
-49.168724
-49.182125
-49.091591
-49.280537
-49.365852
-49.737881
-49.439823
-49.435783
-49.573399
-49.763958
-49.720818
-49.810246
-49.953602
-50.021511
-50.108826
-50.153473
-50.184048
-50.271114
-50.360580
-50.370720
-50.494827
-50.673008
-50.773846
-50.820015
-50.812168
-50.889664
-51.104252
-51.209412
-51.206203
-51.242317
-51.344765
-51.563015
-51.694912
-51.671700
-51.685432
-51.839561
-51.886398
-52.017132
-52.119793
-52.252079
-52.172821
-52.531456
-52.647499
-52.531010
-52.533848
-52.683254
-53.036270
-52.919941
-53.188763
-53.193073
-53.415768
-53.288418
-53.672619
-53.874187
-53.592686
-53.864918
-53.898327
-54.101734
-54.163132
-54.274506
-54.348083
-54.436131
-54.706841
-54.708694
-54.827068
-54.887775
-54.981407
-55.245018
-55.278805
-55.338615
-55.560841
-55.684372
-55.637569
-55.731339
-56.038544
-56.011818
-56.046654
-56.303421
-56.405174
-56.550571
-56.614616
-56.726845
-56.769299
-56.778889
-56.989555
-57.160824
-57.296959
-57.287800
-57.373291
-57.570091
-57.640587
-57.586433
-57.834621
-57.866692
-57.889961
-58.074345
-58.344845
-58.246124
-58.431046
-58.345516
-58.459709
-58.726517
-58.771919
-58.743969
-58.812073
-59.157001
-59.186657
-59.037422
-59.250698
-59.344311
-59.523167
-59.450943
-59.717476
-59.752316
-59.781494
-59.834702
-60.034325
-60.105381
-60.170254
-60.327034
-60.314240
-60.410698
-60.674961
-60.636074
-60.821892
-60.832703
-60.970600
-60.968796
-61.125057
-61.365170
-61.264664
-61.472782
-61.460381
-61.798794
-61.708645
-61.667225
-61.912487
-61.952747
-62.076778
-62.174667
-62.284313
-62.227695
-62.357124
-62.478340
-62.609772
-62.555252
-62.796600
-62.867027
-62.792656
-62.928539
-63.026546
-63.169060
-63.116695
-63.141392
-63.178360
-63.325478
-63.383980
-63.514908
-63.482288
-63.577862
-63.566990
-63.674782
-63.586143
-63.746120
-63.688580
-63.839718
-63.645416
-63.969799
-63.966564
-63.798641
-63.831757
-63.990089
-64.016960
-63.879704
-64.009071
-64.005943
-64.093353
-64.054039
-63.924637
-64.159111
-63.959625
-64.099205
-63.875458
-64.144897
-64.019234
-64.010857
-64.021851
-64.068649
-64.070091
-63.784748
-64.017319
-64.009247
-63.978966
-63.925671
-63.996670
-64.028709
-63.932331
-63.892727
-63.918488
-63.995800
-63.941898
-63.876137
-63.907661
-63.939262
-64.018410
-63.683174
-63.850296
-63.928246
-63.843307
-63.889530
-63.757561
-63.739975
-63.853695
-63.796238
-63.816860
-63.758682
-63.882797
-63.757473
-63.699074
-63.717468
-63.890152
-63.869667
-63.640877
-63.750732
-63.708809
-63.944485
-63.680859
-63.694096
-63.719494
-63.701397
-63.891518
-63.708820
-63.767063
-63.732231
-63.800541
-63.864315
-63.650154
-63.671295
-63.653980
-63.763535
-63.854118
-63.717785
-63.814976
-63.784584
-63.746468
-63.847385
-63.787369
-63.896999
-63.832500
-64.012955
-63.731972
-64.100433
-63.955818
-64.024406
-63.833771
-63.974495
-64.122971
-64.004456
-64.050995
-64.041931
-64.195709
-64.214737
-64.129852
-64.161346
-64.271957
-64.257149
-64.416679
-64.327515
-64.409195
-64.396919
-64.548218
-64.529457
-64.427376
-64.773994
-64.527931
-64.669571
-64.721596
-64.836105
-64.828125
-64.779388
-65.018036
-64.805756
-65.044235
-64.913025
-65.178871
-65.076759
-65.039238
-65.201653
-65.152466
-65.244064
-65.234131
-65.317352
-65.295334
-65.441391
-65.506577
-65.370468
-65.445023
-65.461121
-65.571266
-65.513069
-65.638168
-65.732307
-65.537865
-65.535797
-65.587273
-65.672745
-65.709969
-65.592285
-65.619621
-65.637886
-65.849129
-65.603104
-65.679565
-65.723763
-65.736389
-65.767876
-65.654488
-65.806366
-65.677155
-65.621178
-65.602806
-65.720146
-65.772400
-65.614693
-65.730591
-65.521568
-65.552010
-65.639771
-65.661041
-65.464149
-65.463264
-65.451057
-65.593491
-65.483505
-65.560143
-65.305252
-65.391121
-65.415924
-65.458008
-65.322548
-65.324219
-65.392700
-65.296051
-65.356155
-65.262878
-65.244347
-65.369637
-65.174583
-65.183495
-65.309654
-65.248032
-65.219017
-65.176529
-65.170929
-65.111259
-65.126587
-65.150688
-65.206970
-65.155670
-64.935165
-65.171417
-65.118439
-65.099495
-64.965294
-65.075531
-65.216904
-64.966087
-65.303513
-65.029152
-65.114586
-65.070839
-65.106438
-65.089554
-65.061150
-65.177361
-64.963310
-65.109650
-65.093018
-65.014427
-65.196136
-65.207069
-65.047340
-65.068848
-65.161423
-65.242912
-65.067444
-65.169815
-65.313995
-65.166649
-65.218307
-65.102341
-65.250061
-65.026375
-65.294128
-65.344101
-65.256767
-65.183876
-65.151611
-65.426582
-65.115646
-65.267014
-65.164169
-65.272423
-65.379608
-65.229652
-65.350296
-65.345779
-65.441185
-65.205544
-65.309746
-65.432579
-65.401619
-65.301552
-65.421974
-65.445747
-65.385994
-65.327873
-65.501511
-65.404610
-65.336334
-65.359634
-65.412346
-65.423538
-65.317345
-65.449120
-65.574280
-65.590530
-65.392494
-65.274818
-65.459198
-65.641075
-65.481728
-65.381012
-65.399414
-65.634964
-65.431534
-65.535240
-65.443260
-65.439636
-65.438812
-65.345055
-65.700653
-65.514351
-65.438660
-65.449745
-65.511276
-65.660782
-65.418785
-65.416206
-65.399948
-65.564346
-65.592491
-65.416344
-65.539360
-65.443596
-65.531990
-65.268669
-65.616867
-65.440651
-65.375137
-65.579468
-65.527679
-65.650032
-65.372765
-65.458244
-65.464729
-65.464470
-65.613594
-65.495186
-65.599716
-65.354645
-65.614410
-65.551773
-65.484741
-65.560326
-65.413887
-65.568504
-65.458778
-65.521431
-65.630859
-65.533752
-65.504189
-65.466766
-65.548431
-65.457130
-65.521034
-65.695358
-65.524467
-65.598122
-65.527237
-65.562752
-65.618103
-65.505241
-65.656212
-65.487549
-65.672569
-65.505074
-65.659821
-65.593307
-65.454765
-65.619827
-65.584297
-65.623993
-65.471916
-65.631874
-65.571884
-65.614166
-65.522148
-65.544167
-65.557732
-65.577232
-65.569290
-65.520027
-65.558556
-65.624535
-65.617439
-65.499992
-65.630310
-65.630219
-65.601219
-65.508202
-65.652763
-65.714828
-65.489258
-65.699989
-65.413483
-65.693077
-65.559341
-65.740662
-65.491882
-65.477676
-65.617233
-65.678299
-65.731773
-65.458710
-65.576538
-65.744095
-65.573555
-65.714539
-65.720909
-65.617149
-65.493607
-65.705246
-65.838921
-65.618698
-65.616508
-65.561348
-65.849701
-65.709511
-65.632462
-65.660759
-65.717819
-65.784645
-65.560905
-65.669060
-65.737556
-65.740372
-65.593018
-65.649132
-65.805710
-65.724350
-65.766563
-65.530708
-65.664932
-65.855347
-65.716072
-65.762604
-65.752914
-65.706642
-65.744972
-65.774849
-65.771080
-65.731621
-65.917328
-65.526299
-65.987335
-65.803253
-65.878349
-65.455597
-65.925179
-65.957741
-65.729919
-65.786339
-65.913025
-65.963837
-65.647919
-65.695732
-66.067673
-65.923759
-65.810028
-65.798141
-65.914795
-65.895729
-65.858200
-65.921669
-65.868607
-65.787018
-65.885796
-66.024300
-65.843483
-65.846176
-65.937050
-65.917320
-65.895195
-65.912964
-65.954376
-65.939125
-65.761452
-65.872337
-65.926804
-66.072617
-65.775131
-65.898460
-65.889297
-66.067749
-65.956055
-65.858910
-65.863510
-65.986214
-65.995323
-65.829498
-65.931259
-66.102242
-65.861259
-65.991966
-66.060577
-66.163979
-65.859612
-65.884529
-66.138138
-66.129379
-66.028992
-65.956314
-66.173515
-65.922531
-66.091919
-66.171791
-65.982262
-66.099152
-66.123276
-66.089943
-66.086121
-66.134827
-66.230598
-65.977364
-66.224777
-66.140854
-66.177963
-66.048897
-66.282455
-66.171379
-66.087547
-66.262352
-66.112617
-66.276627
-66.158783
-66.134727
-66.249054
-66.199898
-66.286331
-66.115150
-66.330460
-66.228340
-66.181290
-66.381172
-66.179108
-66.337265
-66.215965
-66.308861
-66.294876
-66.404175
-66.339806
-66.158073
-66.336266
-66.275688
-66.213234
-66.286179
-66.298752
-66.337288
-66.223129
-66.261909
-66.366287
-66.252533
-66.189568
-66.343971
-66.451233
-66.235184
-66.135498
-66.371979
-66.374786
-66.256828
-66.149292
-66.417885
-66.298294
-66.150513
-66.332672
-66.348022
-66.390778
-66.205299
-66.179024
-66.322044
-66.447014
-66.336327
-66.115074
-66.331146
-66.376694
-66.208542
-66.260674
-66.310257
-66.474060
-66.221458
-66.285042
-66.222023
-66.455528
-66.457870
-66.177910
-66.340775
-66.366844
-66.307030
-66.247925
-66.440704
-66.401901
-66.230881
-66.415947
-66.569275
-66.385391
-66.372482
-66.285599
-66.678169
-66.579849
-66.501434
-66.502922
-66.423645
-66.642029
-66.555717
-66.656128
-66.559280
-66.608131
-66.566597
-66.553169
-66.714272
-66.574112
-66.584908
-66.636520
-66.740242
-66.662315
-66.599327
-66.646637
-66.579605
-66.638580
-66.670868
-66.770859
-66.609108
-66.510521
-66.608986
-66.683311
-66.761345
-66.679573
-66.735542
-66.678589
-66.617752
-66.725601
-66.805717
-66.653946
-66.593697
-66.740776
-66.800560
-66.665283
-66.577507
-66.712479
-66.719086
-66.705452
-66.622513
-66.719070
-66.623497
-66.711929
-66.765991
-66.680794
-66.740334
-66.609184
-66.678703
-66.747200
-66.840614
-66.773193
-66.788437
-66.860016
-66.862000
-66.845245
-66.766090
-66.928490
-66.993797
-66.741852
-67.026855
-67.052025
-67.105988
-66.861801
-67.007607
-67.077354
-66.955887
-67.067528
-66.973373
-67.154381
-67.083092
-67.029785
-67.192345
-67.222626
-67.007118
-66.957207
-67.187263
-67.349144
-67.252914
-67.260139
-67.093040
-67.258385
-67.370178
-67.207420
-67.296082
-67.206024
-67.389641
-67.240982
-67.386452
-67.396744
-67.333817
-67.297516
-67.291138
-67.451012
-67.341095
-67.279076
-67.417160
-67.313553
-67.516426
-67.230499
-67.531677
-67.395432
-67.382217
-67.298973
-67.446686
-67.536896
-67.287003
-67.469162
-67.475945
-67.542313
-67.431450
-67.423119
-67.559418
-67.294685
-67.415092
-67.628410
-67.547020
-67.499832
-67.281273
-67.639160
-67.544655
-67.463470
-67.456757
-67.468536
-67.501007
-67.347794
-67.657143
-67.493271
-67.445999
-67.309784
-67.443726
-67.572861
-67.408485
-67.390549
-67.435974
-67.415421
-67.427383
-67.355385
-67.429459
-67.307869
-67.336662
-67.188240
-67.274460
-67.411316
-67.026443
-67.207359
-67.135666
-67.333786
-67.112831
-66.944733
-67.061951
-67.063583
-67.132263
-66.953629
-67.139626
-67.111786
-66.966599
-66.954849
-66.990196
-67.070786
-66.801483
-66.943100
-67.022224
-67.092041
-66.812782
-66.762833
-66.932449
-66.862328
-66.807281
-66.837486
-66.761368
-66.796112
-66.733109
-66.859970
-66.616570
-66.718353
-66.786522
-66.573448
-66.754662
-66.593803
-66.700089
-66.627831
-66.630119
-66.654312
-66.610657
-66.584297
-66.418335
-66.583405
-66.633476
-66.472763
-66.419266
-66.385887
-66.543251
-66.409378
-66.393211
-66.374092
-66.302948
-66.373398
-66.328972
-66.422310
-66.319893
-66.246765
-66.213219
-66.220901
-66.335312
-66.167046
-66.219444
-66.150322
-66.231850
-66.283852
-66.104904
-66.128418
-66.160202
-66.296165
-66.159592
-66.128792
-66.323479
-66.075401
-66.177963
-66.250526
-66.368324
-66.114403
-66.087677
-66.288643
-66.325027
-66.287163
-66.125191
-66.244392
-66.312195
-66.236580
-66.229454
-66.211555
-66.286339
-66.276787
-66.307411
-66.120041
-66.386635
-66.176476
-66.118629
-66.153091
-66.149231
-66.392715
-66.092514
-66.230438
-65.976082
-66.444656
-66.297356
-66.161514
-66.227112
-66.476280
-66.479668
-66.302467
-66.405563
-66.537071
-66.632858
-66.728333
-66.680260
-66.653633
-66.675484
-66.935661
-66.884956
-66.832130
-66.952553
-66.883621
-67.116302
-67.103859
-67.138222
-67.010323
-66.978592
-67.070389
-67.033417
-67.288628
-67.117912
-67.211082
-67.127357
-67.423187
-67.245476
-67.237129
-67.318359
-67.284966
-67.264397
-67.138840
-67.505814
-67.175339
-67.161186
-67.251381
-67.123047
-67.224091
-67.185043
-67.179642
-67.080864
-67.288147
-67.202065
-66.998512
-67.195236
-67.156570
-67.171043
-67.112083
-67.119194
-67.204674
-67.078972
-67.120300
-67.191055
-67.290352
-67.073128
-67.121819
-67.235794
-67.025101
-67.356712
-67.333649
-67.194893
-66.971062
-67.262154
-67.281944
-67.528618
-67.448082
-67.342712
-67.244781
-67.312805
-67.478508
-67.518433
-67.409920
-67.388901
-67.625916
-67.463524
-67.404846
-67.423775
-67.575333
-67.378075
-67.471703
-67.473213
-67.287903
-67.338104
-67.602913
-67.454697
-67.339569
-67.257950
-67.432663
-67.441696
-67.507622
-67.428879
-67.365532
-67.275070
-67.339638
-67.577499
-67.338531
-67.340515
-67.343056
-67.297470
-67.389252
-67.456375
-67.555634
-67.367531
-67.533356
-67.669250
-67.756859
-67.576675
-67.355850
-67.533569
-67.598770
-67.639107
-67.596176
-67.518021
-67.573311
-67.481796
-67.677437
-67.561081
-67.591881
-67.628212
-67.690842
-68.037483
-68.000557
-67.953102
-67.821671
-67.979591
-68.239090
-68.165878
-68.265953
-68.174347
-68.309875
-68.265755
-68.289024
-68.228447
-68.174484
-67.964333
-68.119728
-68.266533
-68.295723
-68.127144
-68.143456
-68.086815
-68.162109
-68.058327
-68.141823
-68.232147
-68.161705
-68.121414
-68.153664
-68.147057
-68.046417
-67.904350
-68.090508
-68.052948
-67.840393
-67.729904
-67.939743
-68.000153
-67.855804
-67.728271
-67.691269
-67.764015
-67.748955
-67.706688
-67.907837
-67.746376
-67.602646
-67.578537
-67.619865
-67.687775
-67.544029
-67.593864
-67.507843
-67.623360
-67.594818
-67.742081
-67.554146
-67.562843
-67.656525
-67.611420
-67.687271
-67.720032
-67.747177
-67.862396
-67.648048
-67.690285
-67.445351
-67.620995
-67.710739
-67.702293
-67.687767
-67.580795
-67.722649
-67.608131
-67.897598
-67.676910
-67.797523
-67.745430
-67.986763
-67.955261
-67.906517
-67.768524
-67.762985
-67.990021
-67.805801
-67.840797
-67.898033
-68.028976
-67.796303
-67.748268
-68.025429
-67.898010
-67.875946
-67.861206
-68.061325
-67.829597
-67.913910
-67.974464
-68.059578
-67.791435
-67.753891
-67.882957
-67.786392
-67.839882
-67.606400
-67.548660
-67.734337
-67.735725
-67.687119
-67.575363
-67.602028
-67.641304
-67.628082
-67.620796
-67.551704
-67.449272
-67.495399
-67.661629
-67.275940
-67.231148
-67.326714
-67.513481
-67.141960
-67.027939
-67.263763
-67.243523
-67.098366
-67.091103
-67.187080
-67.068504
-67.024414
-67.155304
-67.102737
-67.165535
-66.985046
-67.104858
-67.137604
-67.204971
-66.995483
-67.115501
-67.362411
-67.036354
-67.123405
-67.106537
-67.322311
-67.115631
-67.049080
-67.171707
-67.054047
-67.057190
-66.975914
-67.128807
-66.984505
-67.046471
-67.095390
-66.951775
-66.927795
-66.938660
-67.024529
-66.903763
-66.887909
-66.822723
-66.873138
-66.867828
-66.755920
-66.776131
-66.763939
-66.697441
-66.682846
-66.679993
-66.656097
-66.616531
-66.528152
-66.440254
-66.645706
-66.545937
-66.351311
-66.465225
-66.454231
-66.410576
-66.112099
-66.376549
-66.385574
-66.330383
-66.140091
-66.174690
-66.332344
-66.288681
-66.362801
-66.283455
-66.339706
-66.496407
-66.519196
-66.664932
-66.703758
-66.825562
-66.640770
-66.943787
-67.061615
-67.048676
-67.139336
-67.065086
-67.313538
-67.160469
-67.317421
-67.256935
-67.504150
-67.391426
-67.489433
-67.777191
-67.683990
-67.832779
-67.586250
-67.856293
-67.898758
-67.917244
-67.949387
-67.955757
-68.078621
-68.044891
-68.118492
-67.936096
-68.127174
-68.186821
-68.157150
-68.281784
-68.256813
-68.516678
-68.271561
-68.340652
-68.223656
-68.285027
-68.354401
-68.180702
-68.276649
-68.057953
-68.195129
-67.944664
-67.966881
-68.073975
-67.987473
-67.972252
-67.762039
-68.041168
-67.762680
-67.848381
-67.738487
-67.826500
-67.926010
-67.764381
-67.614670
-67.431213
-67.726563
-67.579178
-67.395767
-67.427010
-67.445648
-67.376236
-67.277992
-67.347794
-67.274422
-67.125359
-67.119553
-67.052536
-67.188957
-67.115608
-66.984016
-66.792412
-66.899521
-66.835403
-66.745796
-66.697144
-66.628448
-66.655746
-66.448074
-66.526878
-66.501389
-66.421249
-66.154060
-66.308533
-66.370758
-66.178909
-66.178429
-66.300842
-66.124229
-66.142441
-66.124504
-66.269989
-66.050560
-66.186256
-66.244156
-66.042732
-66.321510
-66.219688
-66.284233
-66.216949
-66.396194
-66.291061
-66.202843
-66.344963
-66.381302
-66.319572
-66.137589
-66.277496
-66.157692
-65.987389
-65.924164
-66.119453
-66.101395
-65.918648
-65.903252
-66.051300
-66.128998
-66.102921
-66.046112
-66.187454
-66.298645
-66.148277
-66.151276
-66.151741
-66.281410
-66.008606
-66.014458
-65.877350
-65.912270
-65.924103
-65.717331
-65.675880
-65.787079
-65.693207
-65.602661
-65.613716
-65.686661
-65.545990
-65.513283
-65.610840
-65.530922
-65.502670
-65.393349
-65.350121
-65.352242
-65.432686
-65.229027
-65.195358
-65.231247
-65.263603
-65.259216
-65.379776
-65.281204
-65.244881
-65.283417
-65.373398
-65.343269
-65.506302
-65.377396
-65.363495
-65.427238
-65.515739
-65.447678
-65.258614
-65.285347
-65.292992
-65.306953
-65.306587
-65.260765
-65.173927
-65.190987
-65.064529
-65.123245
-64.973206
-65.174828
-64.871010
-65.033478
-65.082832
-64.981247
-64.843933
-64.850807
-64.952110
-64.798759
-64.776848
-64.696541
-64.679344
-64.674965
-64.819038
-64.755608
-64.753769
-64.791458
-64.772217
-64.834732
-64.695229
-64.968933
-64.930008
-64.900078
-64.898895
-64.917839
-64.923676
-64.969177
-64.962021
-65.005531
-64.945457
-65.035728
-64.908997
-65.085091
-65.012108
-65.035278
-65.063271
-64.880852
-64.978722
-64.988129
-64.938263
-64.859108
-64.921173
-64.870193
-64.766434
-64.814323
-64.804253
-64.638680
-64.585114
-64.586372
-64.540649
-64.398438
-64.422211
-64.340004
-64.398155
-64.169662
-64.057961
-64.054443
-64.101311
-64.063889
-64.016563
-63.923878
-64.041618
-63.960075
-64.144424
-64.159645
-64.141121
-64.201744
-64.037506
-64.169922
-64.222412
-64.240265
-63.943359
-64.144386
-64.173073
-63.942757
-64.018066
-63.970615
-63.750546
-63.780621
-63.908543
-63.786751
-63.734745
-63.663876
-63.559357
-63.562916
-63.456203
-63.226048
-63.342854
-63.334141
-63.217594
-63.168877
-63.114597
-63.057285
-62.837753
-63.039341
-62.971962
-62.946930
-63.099049
-63.118412
-62.942780
-62.916828
-63.017632
-62.977871
-62.910786
-63.054688
-62.835979
-62.537769
-62.625244
-62.671658
-62.582962
-62.487934
-62.394779
-62.433910
-62.496269
-62.251171
-62.215530
-62.112289
-62.072021
-61.797287
-61.818398
-61.872025
-61.504002
-61.383930
-61.305119
-61.155067
-61.047405
-61.227005
-61.200188
-61.232498
-61.243153
-61.401119
-61.403362
-61.472095
-61.608597
-61.768806
-62.052078
-62.128246
-62.153061
-62.254230
-62.323345
-62.394806
-62.277672
-62.438457
-62.432419
-62.266930
-62.192387
-62.267155
-62.185867
-62.049854
-62.026005
-62.014088
-62.009712
-61.979031
-61.961876
-61.863819
-61.887779
-61.936836
-61.786060
-61.937771
-61.881477
-61.810589
-61.737026
-61.783176
-61.737831
-61.666759
-61.631298
-61.727322
-61.676712
-61.713791
-61.704430
-61.812786
-61.874092
-61.925121
-62.022171
-62.195667
-62.213890
-62.197552
-62.412384
-62.540615
-62.696804
-62.599674
-62.661572
-62.769070
-62.848820
-63.000889
-62.945576
-62.960430
-63.001431
-63.056751
-63.208076
-63.213818
-63.252327
-63.268612
-63.471569
-63.313126
-63.382401
-63.372433
-63.335041
-63.353397
-63.426292
-63.342659
-63.165100
-63.328510
-63.268948
-63.025871
-63.027493
-63.152473
-63.140453
-62.921524
-62.927059
-62.987434
-62.922714
-62.737606
-62.528332
-62.605698
-62.524048
-62.441715
-62.354568
-62.289551
-62.057812
-61.888607
-61.908489
-61.878643
-61.742558
-61.626293
-61.545242
-61.600044
-61.500690
-61.530247
-61.428860
-61.356678
-61.213703
-61.310314
-61.326561
-61.128456
-61.123569
-61.232735
-61.089596
-60.902412
-60.820332
-60.938568
-60.819836
-60.736191
-60.670135
-60.676781
-60.533340
-60.567635
-60.494213
-60.335545
-60.264015
-60.332722
-60.412914
-60.192600
-60.026707
-60.129177
-60.310474
-60.170181
-60.211758
-60.144478
-60.281651
-60.284775
-60.213383
-60.229671
-60.369724
-60.350719
-60.204235
-60.195744
-60.438694
-60.405800
-60.196957
-60.260921
-60.504543
-60.399963
-60.351994
-60.502651
-60.606209
-60.553078
-60.590721
-60.603996
-60.829769
-60.787655
-60.734089
-60.848137
-60.964245
-60.819187
-60.778797
-60.934711
-60.897526
-60.851627
-60.791023
-60.775249
-60.838303
-60.799389
-60.776890
-60.764248
-60.877747
-60.907074
-60.539726
-60.659256
-60.851688
-60.809231
-60.563477
-60.484978
-60.527309
-60.471500
-60.411484
-60.328232
-60.290989
-60.280258
-60.289486
-60.202915
-60.158875
-60.340759
-60.136673
-60.193489
-60.246330
-60.365028
-60.345146
-60.399403
-60.379219
-60.441605
-60.393303
-60.361290
-60.378738
-60.441444
-60.564041
-60.417667
-60.400032
-60.472012
-60.500690
-60.488949
-60.506275
-60.579029
-60.702847
-60.698391
-60.757233
-60.944160
-60.819061
-60.786243
-60.874443
-60.917866
-60.750248
-60.803204
-60.878925
-60.901276
-60.731747
-60.797619
-60.730988
-60.856396
-60.845325
-60.849384
-60.961437
-61.130859
-61.046894
-61.087910
-61.108990
-61.266560
-61.141617
-61.231697
-61.136223
-61.178875
-60.863861
-60.885067
-60.882366
-60.908829
-60.760517
-60.744984
-60.805870
-60.771454
-60.612217
-60.680389
-60.723381
-60.739658
-60.617645
-60.617569
-60.506340
-60.379856
-60.203316
-59.933784
-59.866444
-59.755333
-59.434299
-59.082882
-59.101292
-58.857300
-58.655792
-58.468605
-58.327007
-58.236534
-58.199097
-58.086388
-57.993084
-57.866821
-57.814606
-57.649017
-57.593494
-57.405029
-57.179619
-57.075535
-57.055576
-56.877319
-56.678425
-56.536602
-56.375561
-56.286858
-56.178474
-56.012920
-55.827766
-55.801792
-55.731094
-55.477528
-55.307507
-55.131763
-54.913631
-54.685825
-54.551769
-54.351959
-54.183655
-53.878296
-53.810234
-53.613632
-53.593922
-53.223316
-53.099915
-52.941486
-52.840580
-52.649632
-52.399551
-52.300556
-52.152885
-51.965572
-51.626923
-51.505657
-51.279770
-51.112396
-50.934582
-50.733192
-50.474556
-50.259956
-50.134144
-50.020161
-49.763748
-49.432724
-49.306290
-49.103668
-48.922321
-48.529854
-48.348873
-48.139938
-47.744316
-47.455841
-47.318443
-47.169571
-46.700180
-46.543221
-46.190826
-46.092758
-45.770550
-45.424072
-45.333996
-44.986500
-44.756382
-44.535366
-44.251587
-43.874783
-43.598183
-43.304501
-42.944118
-42.728836
-42.448593
-42.081974
-41.715153
-41.327686
-41.204700
-40.969883
-40.563770
-40.101341
-39.797173
-39.619843
-39.362549
-38.998604
-38.518810
-38.230110
-38.011864
-37.498123
-37.330189
-37.006050
-36.550186
-36.135952
-35.858627
-35.451874
-35.070293
-34.697380
-34.259800
-33.996067
-33.710796
-33.337662
-32.846172
-32.458054
-32.252155
-31.877422
-31.471306
-31.092554
-30.682508
-30.312311
-29.953379
-29.735828
-29.301428
-28.874384
-28.489016
-28.074245
-27.802286
-27.556885
-27.119370
-26.702389
-26.338173
-26.012049
-25.608671
-25.358339
-25.013102
-24.667221
-24.237591
-24.020910
-23.740614
-23.525446
-23.100651
-22.872299
-22.380827
-22.273880
-21.820852
-21.645798
-21.389143
-20.990431
-20.651896
-20.369326
-20.147930
-19.831974
-19.420124
-19.102089
-18.912884
-18.637810
-18.413988
-18.111212
-17.832415
-17.606089
-17.197266
-17.018091
-16.849564
-16.623915
-16.332254
-16.030687
-15.860312
-15.637656
-15.381247
-15.133751
-14.830037
-14.623069
-14.385727
-14.187538
-14.006057
-13.775829
-13.614552
-13.230372
-13.137517
-12.924680
-12.726239
-12.576018
-12.389858
-12.195877
-12.001239
-11.884034
-11.693664
-11.515051
-11.409813
-11.255501
-11.062702
-10.927219
-10.749949
-10.601768
-10.409338
-10.320018
-10.131794
-9.992149
-9.774470
-9.673622
-9.527946
-9.464478
-9.404377
-9.143369
-9.091269
-8.918657
-8.978893
-8.752892
-8.730835
-8.589633
-8.433580
-8.411872
-8.278685
-8.357627
-8.001767
-8.033539
-7.807487
-7.846958
-7.693960
-7.585470
-7.506262
-7.389403
-7.273597
-7.085458
-7.065345
-6.916909
-6.811409
-6.645194
-6.519312
-6.380895
-6.306970
-6.219482
-6.098451
-6.069320
-6.012983
-5.963992
-5.939907
-5.941080
-5.899796
-5.861363
-5.907405
-5.896254
-5.965801
-5.928857
-5.936807
-6.023137
-5.990445
-6.050676
-6.001683
-6.095394
-6.092500
-6.166860
-6.192797
-6.133446
-6.310207
-6.312309
-6.343359
-6.334595
-6.210942
-6.331651
-6.326256
-6.314321
-6.228389
-6.265417
-6.082661
-6.107640
-6.009493
-6.017239
-6.150608
-6.117710
-6.146821
-6.069118
-6.222680
-6.133073
-6.087046
-6.169960
-6.163651
-6.165989
-6.042943
-6.044758
-5.922156
-5.866608
-5.675624
-5.730672
-5.674486
-5.598017
-5.544278
-5.486972
-5.426500
-5.386865
-5.377918
-5.390273
-5.372762
-5.245524
-5.132176
-4.992319
-5.078061
-5.005699
-4.727444
-4.649380
-4.628511
-4.524920
-4.372572
-4.333206
-4.273320
-4.148848
-4.125609
-4.088220
-4.129656
-4.028556
-3.876140
-3.817667
-3.803175
-3.789043
-3.707075
-3.486320
-3.397060
-3.219596
-3.159497
-3.073174
-2.969314
-2.841056
-2.750772
-2.668659
-2.672474
-2.591679
-2.455737
-2.390443
-2.290551
-2.276204
-2.262690
-2.351655
-2.133773
-1.961408
-1.874848
-1.950633
-1.925832
-1.768565
-1.781367
-1.721191
-1.711828
-1.597731
-1.624649
-1.542228
-1.584252
-1.478475
-1.411789
-1.471263
-1.403760
-1.304179
-1.184671
-1.178165
-1.106060
-1.011102
-1.075908
-1.035635
-0.783877
-0.811880
-0.826433
-0.944141
-0.957202
-1.209543
-1.123380
-1.173688
-1.086926
-1.288644
-1.389064
-1.379935
-1.402353
-1.405583
-1.324498
-1.201058
-1.286301
-1.326339
-1.236863
-1.355329
-1.422792
-1.451100
-1.572379
-1.642368
-1.515709
-1.551580
-1.781111
-2.098712
-2.248095
-2.344994
-2.291759
-2.374139
-2.514419
-2.585918
-2.544454
-2.574903
-2.536235
-2.224220
-2.128896
-2.081187
-1.946037
-1.661704
-1.760669
-1.654013
-1.610251
-1.542293
-1.519006
-1.553100
-1.619801
-1.595242
-1.655566
-1.698115
-1.828808
-1.927206
-2.018468
-1.852444
-1.756063
-1.659894
-1.791003
-1.785372
-1.785669
-1.636709
-1.618022
-1.687628
-1.762438
-1.755239
-1.721577
-1.707209
-1.682433
-1.775832
-1.756444
-1.739684
-1.572142
-1.501047
-1.518967
-1.476109
-1.427502
-1.297094
-1.284168
-1.213023
-1.192009
-1.036839
-1.100346
-1.049782
-1.024706
-1.150778
-1.065578
-1.010422
-0.843297
-0.954021
-0.904104
-0.918796
-0.920952
-0.815519
-0.670671
-0.716038
-0.732346
-0.632973
-0.538798
-0.346233
-0.350337
-0.503866
-0.492520
-0.429411
-0.473077
-0.481624
-0.432627
-0.552473
-0.500554
-0.516099
-0.434486
-0.509990
-0.459569
-0.480618
-0.525881
-0.516213
-0.474255
-0.438416
-0.445449
-0.503664
-0.588526
-0.549067
-0.593609
-0.563448
-0.542155
-0.423983
-0.425093
-0.423230
-0.374574
-0.337923
-0.228358
-0.345479
-0.209354
-0.100534
-0.079255
-0.116030
-0.059818
-0.100104
-0.155437
-0.132952
0.009683
0.021847
0.021210
-0.042099
0.045779
0.009383
-0.007859
0.087845
0.174309
0.241648
0.166103
0.280060
0.278401
0.355716
0.263164
0.277103
0.334777
0.400121
0.501045
0.374341
0.430997
0.404394
0.438690
0.436779
0.604381
0.543212
0.558260
0.639486
0.577028
0.550170
0.534868
0.670321
0.751114
0.658685
0.556450
0.677702
0.803193
0.593236
0.589319
0.505538
0.597153
0.586910
0.540468
0.493610
0.402567
0.496216
0.550933
0.531352
0.504543
0.432135
0.421078
0.463079
0.430523
0.399314
0.369434
0.377713
0.295053
0.291850
0.295968
0.267343
0.273931
0.213662
0.246174
0.293336
0.324180
0.331179
0.407912
0.341899
0.359911
0.334863
0.435372
0.448180
0.330287
0.325528
0.405503
0.485285
0.270928
0.342941
0.336612
0.410998
0.343282
0.511838
0.531008
0.292571
0.435043
0.317214
0.393625
0.280995
0.392724
0.381203
0.307119
0.203055
0.072841
0.127723
0.145155
0.208776
0.157825
0.231151
0.277984
0.259640
0.222142
0.196949
0.385428
0.386395
0.388045
0.361977
0.348907
0.147945
0.109984
0.138822
0.086287
0.171015
0.196380
0.039391
0.104876
0.102512
-0.084944
-0.187854
-0.055222
0.081674
0.143994
0.092264
0.087827
0.206526
0.143736
0.120166
0.408136
0.508056
0.431791
0.501333
0.691164
0.701209
0.765827
0.727542
0.814867
0.787375
0.761840
0.715371
0.731293
0.723212
0.688203
0.632923
0.558595
0.536743
0.503805
0.328621
0.364146
0.374252
0.376463
0.211902
0.272252
0.188041
0.030314
0.060361
-0.054098
-0.175652
-0.354260
-0.361013
-0.341199
-0.341895
-0.425524
-0.513356
-0.550815
-0.604833
-0.479269
-0.545010
-0.544077
-0.545528
-0.455355
-0.437682
-0.417497
-0.468446
-0.676081
-0.770891
-0.772163
-0.620868
-0.751039
-0.799070
-0.863407
-0.993350
-1.139852
-1.151261
-1.107774
-1.171425
-1.255341
-1.163461
-1.143510
-1.203673
-1.235663
-1.344969
-1.344086
-1.412226
-1.257630
-1.162360
-1.176702
-1.178430
-1.158053
-1.128726
-1.156059
-1.114738
-1.110672
-1.074228
-1.163915
-1.145817
-1.070958
-1.037181
-1.113656
-1.157053
-1.102287
-1.005769
-0.943371
-1.024276
-0.958458
-0.932496
-0.823727
-0.829459
-0.748143
-0.782692
-0.722707
-0.699566
-0.538442
-0.524642
-0.487369
-0.589816
-0.473840
-0.404189
-0.426465
-0.402437
-0.423207
-0.451960
-0.369150
-0.298179
-0.254611
-0.347175
-0.334941
-0.284169
-0.235839
-0.191239
-0.158603
-0.199151
-0.312406
-0.120183
-0.100045
-0.057632
-0.198584
-0.152114
-0.085143
0.039265
0.009803
-0.108876
-0.025051
-0.101706
0.045126
-0.003145
0.036453
-0.079655
-0.037558
-0.053024
0.048000
-0.051972
-0.195740
-0.148345
-0.052466
-0.029508
0.017577
-0.074263
-0.086375
-0.008196
-0.008462
0.019988
0.048723
0.085292
0.033082
0.063086
0.142610
0.176012
0.091223
0.004031
0.132182
0.166789
0.134590
0.070280
0.238704
0.232782
0.160149
0.332050
0.239777
0.298253
0.163369
0.256877
0.308373
0.328063
0.232146
0.197006
0.238683
0.203431
0.147860
0.099051
0.178882
0.260815
0.178765
0.232946
0.291171
0.342097
0.290855
0.289220
0.322182
0.276525
0.214874
0.154009
0.102289
0.002470
0.081697
-0.085608
-0.106096
-0.134566
-0.208366
-0.093361
-0.132103
-0.003802
-0.099934
-0.077336
-0.058371
-0.053695
-0.137857
-0.102542
-0.155830
-0.219799
-0.217277
-0.223013
-0.270293
-0.315416
-0.345894
-0.344616
-0.422393
-0.265299
-0.226497
-0.235593
-0.323173
-0.156590
-0.057606
-0.147841
-0.200897
-0.260020
-0.077185
0.073480
-0.030817
-0.096092
-0.233848
-0.184201
-0.043729
0.104646
0.060863
-0.017884
-0.014439
0.039548
0.053603
0.045342
0.009611
-0.053833
-0.003637
-0.052947
-0.038817
-0.023654
-0.116754
-0.021923
-0.044239
0.100730
0.055189
0.091602
0.126553
0.212183
0.193231
0.383417
0.470295
0.332747
0.337914
0.209286
0.280906
0.229289
0.310389
0.211057
0.288803
0.196629
0.168444
0.113851
0.209456
0.292402
0.444336
0.411981
0.355542
0.408747
0.457440
0.312064
0.352618
0.327069
0.333209
0.253818
0.236184
0.067229
0.132122
-0.015635
-0.115752
-0.128305
0.044837
0.069061
0.225634
0.258472
0.195618
0.200208
0.290926
0.233948
0.146726
0.126031
0.193741
0.146522
-0.102980
-0.294963
-0.370866
-0.332359
-0.397257
-0.367868
-0.219214
-0.200694
-0.263078
-0.287728
-0.098148
-0.096308
-0.047978
-0.086185
-0.122319
-0.061691
-0.072779
-0.374274
-0.447794
-0.467935
-0.528875
-0.513757
-0.469135
-0.539772
-0.500883
-0.510274
-0.601016
-0.698792
-0.526077
-0.443083
-0.337885
-0.455743
-0.472101
-0.334706
-0.255309
-0.366127
-0.505051
-0.254863
-0.162249
-0.197960
-0.371358
-0.353646
-0.325810
-0.336165
-0.430448
-0.518143
-0.488678
-0.617440
-0.616229
-0.581924
-0.566459
-0.571689
-0.828183
-0.895158
-0.751450
-0.553324
-0.746310
-0.799699
-0.652740
-0.595897
-0.647074
-0.615103
-0.726201
-0.747999
-0.733629
-0.790106
-0.720729
-0.774990
-0.850156
-0.914937
-0.896017
-0.782185
-0.793144
-0.766464
-0.862250
-0.852307
-0.757137
-0.793074
-0.908233
-1.037786
-1.044422
-1.068380
-1.092650
-1.264931
-1.374382
-1.369065
-1.209445
-1.213643
-1.147480
-0.985722
-1.163065
-1.095659
-0.838838
-0.617928
-0.686158
-0.712882
-0.621705
-0.519736
-0.562890
-0.734530
-0.732695
-0.776597
-0.846802
-0.977647
-0.869362
-0.934260
-0.826228
-0.921208
-0.850957
-0.799484
-0.678087
-0.824774
-0.723400
-0.630314
-0.484850
-0.601205
-0.622406
-0.708576
-0.624429
-0.672305
-0.741573
-0.795313
-0.696238
-0.847230
-0.988732
-0.886946
-0.802474
-0.748857
-0.760241
-0.880775
-0.793414
-0.670370
-0.709918
-0.826150
-0.735702
-0.900806
-0.947561
-1.047914
-0.958977
-0.974343
-1.173879
-1.280268
-1.160431
-1.112082
-1.299234
-1.203738
-1.085344
-1.011501
-0.965641
-1.001189
-1.053994
-0.987131
-0.959047
-0.960092
-0.854436
-0.972489
-1.074656
-1.173672
-1.100062
-1.035152
-1.015188
-1.117644
-1.097166
-0.938656
-0.827707
-0.842093
-0.803071
-0.711755
-0.681492
-0.620184
-0.606798
-0.530765
-0.471372
-0.690195
-0.699163
-0.649823
-0.563799
-0.672505
-0.737374
-0.753873
-0.569265
-0.453767
-0.481051
-0.472972
-0.443862
-0.424564
-0.435621
-0.396384
-0.307968
-0.467292
-0.595402
-0.570638
-0.558264
-0.462812
-0.681500
-0.822146
-0.698281
-0.613955
-0.610533
-0.524855
-0.525356
-0.527039
-0.554720
-0.496624
-0.455570
-0.437429
-0.548801
-0.536183
-0.513443
-0.663082
-0.785324
-0.750481
-0.773342
-0.868985
-0.806152
-0.728618
-0.691473
-0.745665
-0.612384
-0.500899
-0.401859
-0.325596
-0.296865
-0.367385
-0.286524
-0.217823
-0.217437
-0.335393
-0.381781
-0.397208
-0.448907
-0.533426
-0.364381
-0.352852
-0.402362
-0.398840
-0.205459
-0.100247
-0.124638
-0.223772
-0.147846
-0.106834
-0.002112
-0.147099
-0.170843
-0.157071
-0.187522
-0.295939
-0.288928
-0.239488
-0.294662
-0.319729
-0.371332
-0.144143
-0.131337
-0.147116
-0.139665
0.012520
0.037480
-0.073064
-0.074005
0.002655
-0.006440
-0.090407
-0.061979
-0.069546
-0.091920
-0.132429
-0.164859
-0.168475
-0.135893
-0.104238
-0.112718
-0.031472
-0.005343
-0.068199
-0.098831
-0.141416
-0.083963
-0.163864
-0.253756
-0.196127
-0.230224
-0.156513
-0.250724
-0.257401
-0.322867
-0.238722
-0.308248
-0.233242
-0.249027
-0.136258
-0.232870
-0.242753
-0.169766
-0.130510
-0.288248
-0.326543
-0.150017
-0.130948
-0.204149
-0.128619
-0.106976
-0.146328
-0.290700
-0.161993
0.000364
0.070597
-0.013585
-0.056822
0.076997
0.207462
0.056404
0.059582
0.176683
0.184161
-0.028601
-0.071993
0.019448
0.038744
-0.035753
-0.091830
-0.114011
-0.060565
-0.160875
-0.173349
-0.144500
-0.099572
-0.233975
-0.233501
-0.131596
-0.057370
-0.202530
-0.234417
-0.165996
-0.062749
-0.143511
-0.300506
-0.264177
-0.202618
-0.141312
-0.221872
-0.234699
-0.312263
-0.375477
-0.382293
-0.328669
-0.295642
-0.411233
-0.426492
-0.383757
-0.383861
-0.417420
-0.457255
-0.529832
-0.494573
-0.403864
-0.474311
-0.525689
-0.660130
-0.580249
-0.584745
-0.560019
-0.469512
-0.500338
-0.339239
-0.422512
-0.349713
-0.318639
-0.297684
-0.366662
-0.247734
-0.156084
-0.302103
-0.317186
-0.304328
-0.291832
-0.284909
-0.359094
-0.411874
-0.355485
-0.434281
-0.391416
-0.385964
-0.361152
-0.644691
-0.777961
-0.704928
-0.541756
-0.577990
-0.896850
-0.928679
-0.901477
-0.774536
-0.890415
-0.870752
-0.901589
-0.868146
-0.805515
-0.614166
-0.455627
-0.528080
-0.646227
-0.628877
-0.370389
-0.291076
-0.396086
-0.470506
-0.389859
-0.386298
-0.286588
-0.213555
-0.223361
-0.394909
-0.430886
-0.382417
-0.268922
-0.263295
-0.348799
-0.386781
-0.307756
-0.278654
-0.241966
-0.289333
-0.343861
-0.329425
-0.380276
-0.329723
-0.256974
-0.439726
-0.524096
-0.569769
-0.398007
-0.457811
-0.531938
-0.553935
-0.464901
-0.469743
-0.473399
-0.501592
-0.495608
-0.400454
-0.500466
-0.613356
-0.526932
-0.424580
-0.535060
-0.698398
-0.615970
-0.571153
-0.689150
-0.749297
-0.657027
-0.507992
-0.609103
-0.633712
-0.547015
-0.418450
-0.442264
-0.391056
-0.332325
-0.109019
-0.256714
-0.362381
-0.385255
-0.308868
-0.306551
-0.390382
-0.292757
-0.372623
-0.385230
-0.433064
-0.234842
-0.286156
-0.212523
-0.190421
-0.052173
0.050304
-0.069270
-0.119577
-0.201459
-0.168013
-0.395494
-0.408447
-0.438622
-0.468573
-0.506851
-0.533763
-0.545108
-0.501840
-0.487304
-0.522387
-0.397632
-0.318878
-0.281015
-0.358238
-0.268414
-0.206876
-0.197025
-0.336523
-0.356291
-0.274645
-0.336464
-0.333832
-0.286588
-0.315118
-0.313885
-0.322918
-0.370234
-0.327989
-0.332224
-0.318506
-0.276076
-0.156534
-0.286655
-0.470956
-0.484023
-0.409429
-0.572895
-0.678918
-0.632196
-0.589947
-0.689935
-0.602571
-0.677401
-0.602633
-0.633691
-0.415895
-0.438545
-0.282025
-0.460942
-0.331106
-0.283291
-0.311508
-0.459984
-0.550581
-0.576025
-0.537006
-0.450634
-0.502188
-0.530841
-0.618776
-0.647831
-0.460123
-0.242699
-0.250099
-0.320002
-0.345617
-0.216570
-0.148366
-0.126788
-0.188959
-0.239153
-0.337173
-0.347834
-0.334352
-0.251048
-0.275133
-0.326855
-0.354521
-0.314800
-0.225306
-0.269530
-0.300942
-0.195505
-0.059539
0.000551
-0.045314
0.018981
-0.021588
0.007007
0.039624
0.101089
0.025781
0.065992
0.125113
0.215593
0.143917
0.152456
0.190775
0.288503
0.199819
0.250544
0.346114
0.349815
0.365092
0.320411
0.364725
0.307304
0.290524
0.308768
0.351207
0.387059
0.393443
0.371040
0.383568
0.375044
0.445370
0.526561
0.534106
0.542393
0.515017
0.551088
0.455528
0.531227
0.496420
0.451103
0.433747
0.492700
0.494779
0.481214
0.456293
0.467070
0.445316
0.396647
0.527815
0.630626
0.538512
0.553838
0.561656
0.583800
0.536617
0.467518
0.531363
0.599416
0.564252
0.360652
0.470356
0.299076
0.293593
0.377312
0.538202
0.451341
0.331045
0.353504
0.472553
0.611578
0.561758
0.499494
0.538725
0.394283
0.447008
0.546197
0.447748
0.308449
0.208686
0.315721
0.296534
0.273324
0.058519
0.179820
0.182287
0.149962
0.141783
0.145278
0.169930
0.021412
0.175948
0.186149
0.169139
0.047179
-0.004369
-0.013646
0.091959
0.043876
-0.099669
-0.039388
-0.061661
-0.035831
0.022809
0.112887
0.048249
-0.027387
0.137031
0.225229
0.133015
0.131600
0.154209
0.229055
0.113919
0.212937
0.151829
0.130709
0.010800
0.073496
0.219812
0.081231
0.011508
0.042943
0.117910
0.098207
0.102486
0.075878
0.209622
0.129391
0.085476
0.065164
0.143309
0.018220
-0.063355
0.049371
0.137850
0.061544
-0.021007
-0.034044
-0.005448
0.007697
-0.004999
0.024263
0.095201
0.065442
0.093157
0.135092
0.132830
0.122567
0.078542
0.122340
0.158450
0.175789
0.099323
0.141798
0.221484
0.128481
0.087252
0.175437
0.219260
0.072236
0.139606
0.269957
0.166252
0.082188
0.155762
0.149001
0.353199
0.278660
0.212284
0.224336
0.292322
0.187735
0.213361
0.198622
0.245642
0.123800
0.122083
0.266367
0.272195
0.150670
0.026422
0.168900
0.137084
0.179439
0.132311
0.268401
0.118858
0.151372
0.182390
0.243768
0.142097
0.086987
0.229745
0.243326
0.210904
0.098828
0.118797
0.207991
0.153026
0.181678
0.125131
0.230252
0.206323
0.242264
0.219899
0.329868
0.203240
0.167873
0.290970
0.228308
0.198245
0.109573
0.179903
0.138133
0.168531
0.131280
0.160736
0.095138
0.094135
0.117940
0.141444
0.190298
0.015015
0.077695
0.165230
0.071469
-0.027821
0.050239
0.042946
0.067636
-0.007194
0.017327
0.068675
0.064954
-0.000927
0.119598
0.157227
0.038799
-0.053576
0.027779
0.060245
0.022051
-0.055959
0.013579
0.011692
-0.049169
-0.079363
0.038730
0.019104
-0.040199
-0.120854
0.032340
0.002769
-0.055469
-0.148656
-0.055116
-0.040841
-0.120935
-0.164592
-0.107711
-0.187260
-0.324952
-0.254433
-0.166667
-0.146898
-0.257063
-0.301823
-0.237816
-0.179724
-0.092456
-0.103828
-0.030622
-0.038549
0.091412
0.034219
0.159911
-0.019181
-0.026999
0.001993
0.067324
-0.000505
-0.040833
0.012322
0.033632
-0.030887
-0.007576
0.014479
0.039053
0.045515
0.129509
0.218101
0.347981
0.118766
0.081804
0.159472
0.210039
0.120536
0.058019
0.118576
0.061209
-0.030335
0.030041
0.144815
0.114550
0.055964
0.129649
0.342881
0.304675
0.187020
0.323837
0.408002
0.409009
0.369221
0.457905
0.452883
0.310417
0.191320
0.374916
0.403578
0.314282
0.232988
0.384094
0.402908
0.311589
0.353149
0.503731
0.419223
0.389420
0.453650
0.617753
0.509872
0.482582
0.490987
0.550186
0.509930
0.436678
0.413435
0.558951
0.518659
0.517743
0.434752
0.569343
0.610242
0.533954
0.516579
0.656457
0.756395
0.629513
0.645231
0.690451
0.779586
0.643215
0.707587
0.790742
0.669911
0.631653
0.697731
0.817920
0.696987
0.573010
0.634719
0.695348
0.701937
0.652014
0.755517
0.730004
0.714111
0.712629
0.671238
0.736193
0.712600
0.700222
0.695983
0.758072
0.743622
0.627162
0.611655
0.711695
0.655088
0.691303
0.538424
0.711312
0.739702
0.718567
0.677269
0.722460
0.725539
0.649856
0.697402
0.736227
0.795678
0.722266
0.661877
0.646378
0.614255
0.623186
0.657065
0.622929
0.706323
0.698588
0.672056
0.576480
0.563610
0.666751
0.648064
0.600933
0.701713
0.660474
0.666025
0.536255
0.505355
0.599510
0.625196
0.536315
0.476621
0.579401
0.496396
0.498499
0.461261
0.486880
0.455874
0.543747
0.481831
0.505074
0.482509
0.453480
0.435878
0.504994
0.396318
0.434842
0.428357
0.484158
0.512761
0.509268
0.514560
0.532806
0.493163
0.543926
0.619444
0.708211
0.603070
0.588983
0.467363
0.533838
0.575736
0.583728
0.436954
0.513214
0.510014
0.469166
0.479207
0.477978
0.439184
0.410659
0.426056
0.443951
0.350341
0.480155
0.398317
0.380278
0.344207
0.345798
0.311293
0.430163
0.409351
0.325858
0.281919
0.271372
0.366641
0.382031
0.349585
0.370974
0.293494
0.394058
0.444008
0.440839
0.353004
0.333365
0.371121
0.410458
0.385300
0.394642
0.409390
0.331968
0.437579
0.465804
0.378077
0.419223
0.384177
0.387607
0.382418
0.455227
0.372730
0.298401
0.393641
0.339712
0.315491
0.355718
0.323899
0.232900
0.276164
0.265824
0.229876
0.233403
0.193586
0.143922
0.146575
0.092728
0.023697
0.044384
0.076980
0.063091
0.114943
0.121701
0.027351
0.049824
0.068079
0.043735
0.092578
0.160718
0.196637
0.111378
0.093596
0.086083
0.055555
0.039680
-0.026750
0.048717
0.106492
0.064652
0.058976
0.053893
-0.031008
-0.036637
0.076172
0.042003
0.108776
0.044417
0.052375
-0.020374
-0.004767
-0.054886
-0.090437
-0.114724
-0.115719
-0.105051
-0.110623
-0.119651
-0.100359
-0.242442
-0.240098
-0.136230
-0.004312
-0.031971
-0.056220
0.026433
-0.016177
-0.000364
0.131720
0.090695
0.095733
0.017462
0.088594
0.016540
0.019826
-0.196056
-0.145885
-0.230787
-0.142663
-0.189706
-0.189002
-0.141245
-0.161215
-0.040936
-0.066505
-0.003022
-0.105571
-0.081568
-0.036774
-0.197836
-0.172550
-0.277455
-0.291688
-0.332058
-0.318638
-0.347589
-0.563161
-0.563020
-0.584338
-0.481174
-0.467302
-0.538298
-0.607394
-0.623424
-0.509539
-0.587685
-0.576889
-0.618385
-0.685792
-0.807104
-0.790360
-0.822044
-0.783902
-0.915987
-1.108635
-1.082750
-1.094005
-1.108250
-1.146288
-1.259240
-1.386304
-1.383541
-1.353672
-1.476796
-1.549712
-1.678528
-1.729861
-1.832548
-1.816994
-1.931467
-2.026617
-2.182606
-2.220477
-2.276703
-2.271890
-2.360538
-2.464985
-2.500732
-2.556986
-2.687361
-2.848408
-2.890018
-2.924658
-2.990229
-3.069834
-3.190853
-3.372425
-3.447986
-3.522513
-3.472687
-3.646993
-3.893051
-4.014679
-4.078530
-4.033037
-4.222929
-4.282208
-4.418779
-4.459953
-4.688952
-4.676174
-4.545832
-4.829276
-4.835045
-4.902350
-4.918686
-5.049953
-5.128887
-5.286459
-5.527448
-5.521846
-5.665138
-5.621581
-5.957033
-6.040589
-6.136343
-6.162365
-6.270205
-6.470571
-6.547848
-6.520983
-6.651769
-6.845142
-6.827115
-6.930665
-7.126450
-7.277026
-7.336893
-7.341577
-7.584305
-7.681515
-7.674440
-7.823366
-7.860735
-8.049648
-8.057701
-8.207374
-8.270794
-8.359882
-8.451088
-8.582679
-8.658424
-8.670687
-9.015368
-9.160557
-9.159887
-9.120191
-9.423126
-9.630065
-9.663880
-9.548976
-9.796939
-10.021510
-10.069804
-9.946212
-10.117042
-10.441824
-10.553700
-10.376451
-10.545316
-10.864651
-10.940766
-10.960319
-11.094527
-11.343787
-11.446511
-11.519255
-11.718116
-11.951828
-11.996202
-12.059110
-12.192551
-12.422869
-12.533672
-12.711493
-12.782248
-12.930024
-13.061126
-13.198754
-13.389037
-13.568506
-13.607695
-13.671456
-13.839898
-14.070201
-14.022670
-14.072527
-14.127671
-14.305539
-14.344034
-14.387011
-14.502863
-14.509973
-14.691171
-14.750462
-14.888741
-14.915948
-15.101486
-15.190437
-15.282801
-15.359159
-15.443652
-15.499266
-15.572308
-15.697609
-15.729374
-15.817793
-15.927092
-16.114979
-16.114521
-16.063158
-16.136862
-16.289490
-16.340820
-16.316475
-16.508904
-16.435486
-16.549408
-16.609329
-16.715221
-16.779299
-16.854944
-16.960754
-16.944710
-17.178478
-17.230787
-17.128431
-17.183367
-17.459606
-17.483585
-17.424013
-17.514206
-17.715122
-17.818762
-17.823509
-17.906006
-18.062162
-18.248447
-18.275200
-18.343742
-18.472643
-18.562143
-18.637594
-18.750927
-18.886360
-19.104544
-19.046131
-19.248775
-19.427872
-19.460470
-19.563959
-19.784973
-19.926737
-20.087927
-20.253370
-20.387478
-20.573357
-20.642462
-20.731865
-20.868269
-21.171581
-21.314621
-21.213520
-21.454115
-21.599035
-21.840584
-21.955929
-22.213446
-22.369247
-22.467489
-22.649330
-22.996393
-23.228340
-23.474182
-23.496742
-23.668354
-23.922396
-24.150928
-24.264898
-24.497025
-24.760403
-24.900969
-25.164736
-25.211300
-25.551374
-25.474514
-25.782799
-25.968891
-26.290163
-26.443216
-26.604464
-26.839371
-27.156464
-27.290825
-27.476254
-27.658722
-27.926035
-28.109125
-28.303637
-28.521410
-28.690825
-28.798502
-28.959547
-29.114677
-29.245327
-29.383989
-29.586840
-29.774176
-30.032955
-30.145592
-30.233864
-30.487963
-30.654911
-30.889996
-31.121063
-31.258320
-31.510071
-31.567989
-31.736300
-31.927769
-32.143150
-32.215687
-32.329098
-32.548267
-32.623852
-32.798332
-32.954857
-33.200459
-33.405743
-33.481533
-33.708298
-34.053249
-34.096134
-34.236275
-34.508999
-34.724129
-34.784760
-34.854210
-35.019592
-35.126072
-35.311367
-35.356403
-35.506634
-35.621239
-35.702488
-35.803356
-35.988087
-36.116013
-36.416882
-36.529881
-36.570690
-36.720783
-36.783905
-36.915695
-37.068142
-37.214550
-37.307152
-37.328346
-37.563992
-37.649895
-37.730038
-37.843822
-37.874359
-38.076302
-38.152187
-38.223537
-38.328018
-38.365913
-38.428329
-38.453442
-38.568375
-38.654060
-38.703087
-38.630657
-38.608547
-38.833477
-38.992100
-38.905930
-38.877254
-38.896687
-39.099201
-39.268768
-39.361851
-39.393478
-39.530800
-39.612232
-39.634686
-39.789902
-39.900360
-39.786793
-39.816063
-39.971188
-40.063534
-40.108898
-40.166393
-40.244408
-40.303059
-40.316570
-40.468296
-40.566769
-40.687843
-40.773880
-40.903511
-41.070385
-41.239227
-41.144619
-41.190937
-41.310863
-41.424057
-41.455757
-41.531635
-41.573292
-41.674374
-41.834625
-41.805878
-41.789516
-41.864437
-42.124004
-42.154560
-42.155231
-42.315987
-42.291035
-42.289246
-42.362019
-42.491505
-42.475288
-42.528782
-42.684887
-42.731556
-42.807323
-42.828224
-42.946079
-42.935013
-43.119862
-43.212536
-43.320431
-43.305428
-43.436222
-43.587753
-43.551128
-43.596977
-43.623627
-43.724667
-43.712482
-43.925362
-44.089958
-44.088627
-44.105247
-44.008957
-44.245628
-44.198822
-44.456787
-44.494213
-44.560284
-44.598042
-44.530125
-44.765724
-44.844784
-44.954765
-45.038536
-45.094070
-45.217510
-45.392254
-45.442162
-45.397388
-45.471954
-45.552856
-45.699261
-45.764359
-45.857876
-46.034065
-45.972157
-46.081104
-46.234303
-46.306705
-46.313530
-46.437511
-46.609596
-46.656002
-46.910492
-46.875610
-47.000401
-47.149117
-47.212612
-47.239120
-47.359501
-47.614277
-47.627026
-47.804863
-47.959549
-48.140533
-48.212948
-48.307930
-48.433258
-48.600254
-48.733734
-48.973953
-49.099857
-49.217197
-49.276325
-49.340183
-49.540653
-49.613281
-49.587212
-49.694439
-49.937904
-49.948338
-49.902557
-49.956341
-50.100800
-50.125763
-50.240520
-50.379517
-50.452106
-50.470959
-50.623444
-50.702843
-50.640663
-50.779152
-50.821869
-50.796844
-50.710602
-50.922794
-50.923756
-50.818878
-50.941521
-51.035419
-50.913322
-51.025253
-51.078865
-51.325191
-51.430485
-51.401131
-51.495266
-51.742271
-51.761440
-52.019779
-52.166420
-52.046051
-51.837795
-52.149773
-52.273159
-52.128975
-51.958981
-52.014782
-52.001083
-51.991810
-52.126045
-52.384933
-52.351059
-52.421257
-52.444584
-52.560894
-52.431049
-52.414852
-52.597828
-52.792725
-52.621742
-52.419140
-52.406757
-52.502300
-52.660229
-52.627502
-52.484875
-52.435429
-52.528107
-52.328049
-52.542137
-52.728176
-52.636978
-52.387718
-52.443008
-52.719429
-52.827873
-52.978157
-52.963993
-53.052700
-53.281063
-53.298908
-53.104794
-53.073257
-53.202141
-53.089497
-53.112522
-53.015636
-52.873188
-52.804569
-53.036869
-53.129425
-52.942638
-52.746006
-52.862457
-53.104797
-53.291080
-53.240532
-53.308311
-53.209309
-53.194607
-53.242542
-53.411514
-53.343449
-53.481285
-53.476757
-53.414417
-53.237785
-53.418125
-53.375488
-53.359665
-53.293293
-53.425198
-53.461342
-53.597347
-53.559666
-53.619411
-53.667892
-53.744301
-53.609436
-53.592270
-53.717655
-53.877697
-53.898781
-53.802814
-53.793751
-53.718182
-53.799484
-53.847515
-53.948853
-54.002220
-53.909466
-54.078217
-54.240208
-54.241493
-54.182602
-54.369835
-54.528492
-54.486225
-54.684715
-54.678604
-54.715710
-54.782852
-54.884354
-54.747086
-54.710640
-54.873402
-54.872837
-55.014366
-55.023582
-55.127174
-55.227524
-55.202595
-55.365196
-55.463123
-55.749722
-55.682041
-55.782295
-55.918896
-55.884861
-55.986317
-55.918484
-56.085506
-56.081226
-56.072353
-56.098392
-56.274673
-56.354954
-56.193436
-56.329689
-56.425625
-56.624802
-56.501083
-56.599987
-56.745815
-56.740799
-56.841187
-56.814224
-56.875637
-56.898441
-56.958794
-56.996376
-57.105888
-57.135494
-57.139183
-57.226276
-57.290516
-57.324959
-57.300522
-57.349960
-57.423077
-57.537487
-57.471897
-57.489960
-57.583858
-57.514233
-57.579540
-57.671688
-57.783775
-57.658314
-57.732758
-57.757530
-57.786140
-57.853340
-57.872055
-57.899380
-57.851360
-57.884823
-57.941132
-57.983788
-57.997906
-57.871655
-57.912151
-57.974541
-58.002090
-58.021400
-58.158649
-58.021656
-58.127182
-58.131123
-58.117580
-58.094193
-58.202545
-58.257050
-57.997883
-57.974728
-58.167240
-58.075821
-57.818310
-57.829906
-57.923176
-57.866844
-57.773148
-57.762318
-57.722820
-57.732609
-57.620750
-57.649647
-57.616028
-57.552402
-57.501686
-57.579182
-57.535965
-57.393303
-57.405212
-57.429401
-57.242329
-57.274414
-57.212967
-57.265800
-57.117043
-57.112453
-57.068851
-57.105724
-57.037846
-57.005283
-57.028255
-56.926712
-57.028873
-56.904716
-56.842518
-56.900524
-56.840328
-56.786850
-56.785980
-56.869202
-56.633915
-56.770260
-56.778786
-56.577934
-56.682812
-56.712791
-56.594311
-56.665775
-56.690819
-56.638519
-56.534184
-56.705956
-56.632599
-56.624229
-56.526913
-56.630852
-56.668755
-56.720299
-56.662453
-56.613068
-56.589542
-56.661949
-56.683773
-56.751869
-56.598015
-56.690075
-56.747765
-56.795525
-56.649647
-56.787258
-56.738121
-56.672447
-56.721962
-56.836308
-56.820885
-56.678596
-56.856415
-56.817116
-56.797337
-56.801483
-56.807396
-56.823738
-56.882233
-56.793625
-56.864025
-56.832909
-56.917133
-56.928673
-56.895252
-56.934273
-56.947849
-56.903763
-56.984047
-56.900669
-56.994480
-57.025780
-56.923676
-56.970257
-56.987881
-56.998192
-57.071907
-56.948730
-56.963673
-57.064751
-56.973465
-57.022015
-56.992798
-57.050484
-57.116470
-57.017769
-56.995041
-57.011116
-57.052254
-56.983685
-57.007072
-57.165401
-57.060532
-56.953899
-57.040489
-57.106358
-56.933399
-57.007816
-57.002064
-57.097507
-56.984234
-56.920727
-57.013729
-56.974319
-56.905437
-56.838791
-56.842728
-56.838554
-56.866665
-56.901016
-56.696594
-56.741879
-56.699535
-56.670849
-56.556366
-56.617767
-56.517765
-56.464447
-56.571804
-56.493515
-56.374966
-56.258781
-56.224934
-56.308331
-56.176762
-56.059830
-56.053226
-56.141399
-56.013592
-55.906231
-55.935032
-55.844620
-55.749615
-55.814621
-55.740231
-55.674252
-55.583508
-55.645084
-55.514797
-55.535240
-55.413296
-55.352516
-55.326683
-55.309635
-55.359436
-55.187294
-55.216511
-55.151455
-55.052773
-55.093666
-55.098396
-54.987419
-54.850399
-54.883278
-54.963654
-54.841644
-54.817913
-54.771568
-54.813766
-54.655430
-54.740707
-54.674095
-54.642925
-54.556408
-54.569729
-54.616093
-54.602947
-54.473000
-54.461128
-54.528290
-54.477108
-54.350769
-54.449913
-54.388111
-54.396065
-54.348877
-54.429234
-54.435452
-54.257244
-54.306705
-54.380550
-54.350452
-54.338680
-54.286739
-54.341259
-54.269512
-54.383957
-54.285084
-54.218075
-54.251957
-54.374176
-54.290184
-54.198673
-54.347820
-54.260609
-54.246628
-54.249462
-54.256748
-54.389698
-54.249470
-54.249096
-54.300022
-54.432610
-54.153770
-54.243793
-54.433159
-54.431290
-54.260014
-54.281639
-54.452461
-54.302998
-54.217590
-54.368176
-54.307865
-54.353367
-54.241356
-54.351566
-54.339993
-54.319523
-54.173149
-54.324715
-54.351688
-54.276176
-54.172134
-54.272835
-54.384174
-54.194370
-54.143253
-54.178631
-54.147289
-54.098675
-54.189808
-54.140022
-54.040707
-54.025940
-54.042194
-54.107189
-53.945683
-53.894405
-53.914474
-54.051048
-53.826954
-53.807064
-53.848026
-53.785500
-53.645035
-53.665447
-53.658634
-53.565796
-53.472843
-53.476345
-53.437042
-53.395622
-53.300522
-53.326740
-53.282402
-53.273323
-53.239941
-53.158638
-53.230953
-53.189259
-53.111183
-53.166637
-52.934029
-53.004734
-52.870480
-52.927643
-52.733025
-52.790070
-52.638371
-52.632885
-52.613152
-52.615612
-52.596985
-52.561317
-52.496014
-52.486561
-52.425789
-52.357651
-52.365940
-52.442734
-52.366280
-52.201878
-52.213634
-52.107868
-52.120258
-52.034554
-52.121189
-52.034515
-52.065182
-51.949631
-51.912766
-52.041916
-51.937954
-51.916248
-51.832012
-52.040302
-51.979301
-51.870514
-51.844288
-51.889366
-51.916100
-51.762939
-51.733021
-51.749992
-51.735470
-51.758698
-51.742558
-51.808617
-51.738644
-51.690735
-51.688869
-51.712154
-51.724575
-51.664532
-51.721844
-51.752625
-51.660641
-51.718056
-51.688126
-51.568851
-51.597984
-51.522934
-51.590584
-51.586864
-51.608955
-51.529732
-51.588314
-51.563465
-51.507702
-51.447720
-51.475719
-51.618660
-51.463135
-51.439476
-51.428196
-51.522694
-51.381126
-51.443783
-51.446033
-51.329090
-51.397144
-51.351059
-51.432652
-51.326939
-51.438744
-51.282875
-51.411072
-51.382866
-51.310387
-51.264977
-51.315384
-51.438114
-51.303265
-51.378830
-51.269173
-51.317997
-51.419537
-51.354961
-51.374744
-51.243900
-51.283161
-51.327789
-51.451103
-51.399525
-51.323402
-51.334606
-51.495956
-51.380833
-51.338341
-51.440384
-51.533047
-51.412006
-51.428982
-51.583420
-51.529526
-51.441044
-51.508553
-51.557594
-51.579849
-51.578453
-51.608776
-51.589916
-51.562290
-51.642220
-51.669109
-51.605255
-51.595276
-51.575356
-51.764595
-51.727417
-51.607029
-51.656700
-51.745026
-51.662205
-51.570381
-51.807175
-51.774906
-51.604088
-51.655563
-51.732929
-51.641472
-51.624409
-51.737823
-51.726780
-51.640430
-51.693714
-51.660053
-51.635796
-51.518124
-51.612480
-51.670006
-51.572060
-51.571892
-51.436245
-51.590023
-51.440292
-51.528473
-51.378407
-51.394924
-51.329044
-51.376873
-51.226700
-51.169052
-51.262753
-51.111496
-51.059490
-51.025204
-51.129906
-50.900955
-50.930561
-50.848568
-50.760071
-50.711601
-50.737141
-50.701138
-50.568199
-50.470318
-50.456650
-50.319248
-50.322872
-50.241722
-50.128105
-50.015102
-50.003757
-49.954269
-49.861084
-49.761776
-49.619781
-49.595100
-49.446053
-49.383434
-49.341301
-49.217087
-49.183533
-49.111984
-48.916771
-48.752674
-48.813633
-48.675438
-48.512058
-48.389423
-48.462784
-48.305035
-48.140186
-48.035667
-47.960556
-47.850780
-47.820023
-47.712658
-47.598564
-47.602444
-47.395119
-47.347046
-47.277264
-47.125332
-47.093327
-47.050003
-46.893829
-46.771786
-46.751316
-46.768261
-46.518696
-46.487774
-46.516407
-46.410324
-46.390724
-46.333298
-46.291042
-46.102562
-46.097900
-46.103848
-46.121948
-46.075603
-45.890633
-45.843464
-45.896824
-45.796616
-45.782452
-45.735039
-45.685883
-45.631401
-45.793182
-45.658447
-45.533173
-45.512157
-45.580647
-45.611851
-45.588058
-45.544472
-45.456802
-45.527729
-45.451649
-45.406139
-45.450016
-45.573082
-45.400078
-45.325500
-45.497868
-45.438847
-45.431923
-45.352818
-45.303089
-45.430214
-45.435444
-45.247864
-45.258232
-45.339699
-45.321171
-45.268932
-45.234108
-45.233940
-45.272366
-45.156548
-45.210152
-45.314838
-45.340542
-45.209217
-45.326305
-45.487968
-45.350708
-45.353317
-45.461140
-45.550381
-45.505894
-45.499790
-45.586010
-45.547787
-45.544373
-45.488079
-45.528412
-45.521976
-45.563061
-45.485378
-45.523186
-45.595600
-45.468212
-45.461327
-45.490955
-45.541271
-45.417324
-45.476814
-45.415115
-45.344299
-45.350613
-45.341415
-45.296127
-45.209389
-45.174843
-45.086334
-45.147377
-45.054348
-44.944576
-44.968731
-44.900883
-44.812538
-44.732323
-44.761944
-44.817978
-44.639339
-44.529747
-44.400322
-44.393372
-44.353199
-44.286785
-44.208847
-44.047436
-44.019428
-43.898190
-43.982265
-43.750343
-43.620724
-43.605446
-43.659615
-43.524475
-43.335392
-43.410389
-43.237953
-43.240833
-43.032284
-42.994408
-42.917366
-42.837536
-42.787079
-42.637184
-42.630062
-42.601357
-42.503128
-42.377552
-42.334309
-42.258369
-42.236851
-42.244167
-42.079006
-42.025475
-41.928108
-41.961033
-41.828396
-41.697903
-41.718990
-41.586769
-41.653728
-41.487309
-41.381046
-41.248581
-41.262367
-41.103466
-41.124889
-41.169388
-40.896378
-40.922348
-40.877937
-40.883785
-40.639561
-40.772934
-40.633171
-40.688873
-40.520176
-40.438450
-40.475784
-40.512123
-40.362331
-40.209721
-40.298786
-40.183044
-40.114563
-40.101974
-40.102623
-40.006104
-39.920364
-39.938457
-39.840050
-39.819660
-39.725708
-39.820187
-39.678112
-39.766182
-39.596756
-39.604301
-39.622448
-39.671783
-39.498619
-39.472656
-39.416763
-39.453125
-39.407738
-39.433067
-39.287415
-39.341240
-39.402332
-39.216457
-39.098866
-39.176014
-39.304562
-39.049126
-39.145016
-39.073452
-39.137123
-38.999844
-39.046555
-38.899509
-38.859844
-38.985519
-38.948647
-38.756393
-38.790539
-38.884792
-38.818371
-38.731583
-38.649529
-38.707943
-38.756203
-38.653358
-38.618744
-38.728462
-38.631374
-38.586525
-38.542435
-38.674393
-38.522427
-38.476471
-38.504654
-38.533764
-38.582684
-38.411915
-38.503376
-38.433636
-38.294415
-38.394829
-38.420971
-38.202286
-38.283218
-38.361549
-38.310020
-38.322929
-38.241360
-38.152012
-38.172989
-38.251446
-38.140743
-38.137608
-38.146996
-38.099434
-38.178715
-38.139450
-38.036289
-37.907413
-38.109253
-38.012726
-37.989841
-37.952278
-37.853672
-37.794968
-37.959160
-37.970230
-37.796028
-37.702312
-37.777985
-37.798897
-37.769985
-37.666718
-37.636818
-37.688969
-37.629784
-37.551540
-37.524467
-37.642254
-37.411449
-37.385155
-37.443657
-37.472500
-37.362663
-37.200031
-37.285427
-37.375423
-37.158192
-37.167965
-37.174236
-37.044899
-37.122410
-37.021156
-37.070011
-37.051319
-36.951832
-36.891712
-36.837158
-36.886497
-36.865051
-36.811653
-36.672489
-36.811489
-36.830761
-36.667397
-36.568115
-36.580086
-36.702061
-36.558659
-36.542286
-36.526764
-36.565830
-36.534077
-36.477245
-36.407791
-36.398094
-36.418316
-36.348038
-36.349651
-36.418964
-36.406979
-36.198761
-36.356544
-36.317738
-36.264660
-36.162170
-36.220894
-36.250126
-36.247852
-36.132923
-36.098206
-36.215527
-36.253639
-36.001503
-36.025372
-36.183266
-36.134899
-35.964794
-35.954853
-36.137280
-36.112350
-35.909042
-35.931618
-36.047771
-35.997246
-35.891026
-35.878613
-35.923225
-35.936878
-35.848904
-35.797817
-35.824291
-35.819412
-35.726013
-35.774109
-35.870487
-35.764805
-35.608593
-35.654102
-35.777153
-35.674774
-35.671165
-35.599213
-35.668266
-35.660854
-35.481010
-35.536991
-35.565273
-35.576752
-35.455025
-35.536419
-35.471142
-35.416248
-35.468506
-35.414349
-35.472958
-35.380848
-35.341064
-35.311260
-35.401150
-35.319096
-35.278271
-35.279179
-35.282780
-35.182220
-35.007561
-35.229179
-35.110836
-34.979618
-34.858837
-35.048107
-34.908588
-34.933594
-34.891453
-34.738129
-34.679230
-34.729179
-34.685749
-34.605003
-34.612339
-34.563229
-34.510551
-34.431683
-34.433960
-34.453304
-34.361404
-34.314278
-34.329514
-34.261185
-34.043125
-34.301273
-34.199451
-34.042278
-34.065872
-33.953396
-33.950901
-33.768433
-33.834007
-33.755886
-33.782646
-33.641907
-33.548309
-33.542980
-33.536320
-33.384686
-33.376049
-33.371265
-33.358849
-33.336929
-33.251526
-33.148716
-33.269230
-33.056438
-33.053654
-32.976688
-33.108055
-32.940506
-32.809517
-32.930092
-32.854122
-32.668064
-32.712788
-32.684330
-32.707409
-32.617859
-32.613297
-32.653374
-32.505329
-32.562443
-32.458046
-32.481564
-32.351738
-32.403095
-32.219620
-32.232670
-32.399830
-32.185257
-32.187126
-32.217258
-32.131187
-32.030525
-32.100201
-32.228710
-32.018913
-31.942032
-32.092918
-32.096470
-31.999044
-31.961161
-32.047962
-31.892506
-31.995016
-31.951696
-32.055386
-31.862135
-31.916285
-31.886559
-31.842871
-31.999632
-31.848661
-31.860058
-31.868031
-31.827057
-31.875189
-31.794596
-31.827015
-31.719658
-31.811697
-31.720373
-31.738396
-31.691933
-31.669016
-31.782040
-31.731413
-31.653986
-31.576929
-31.660339
-31.646133
-31.674191
-31.628792
-31.627617
-31.599148
-31.544094
-31.516451
-31.644894
-31.643049
-31.550358
-31.538980
-31.664570
-31.563337
-31.597206
-31.568359
-31.586552
-31.590406
-31.517208
-31.616749
-31.637543
-31.524963
-31.524302
-31.617411
-31.682632
-31.554501
-31.525843
-31.707214
-31.635836
-31.642876
-31.545906
-31.799131
-31.670284
-31.522264
-31.727854
-31.712404
-31.666622
-31.565641
-31.671339
-31.733164
-31.749012
-31.659885
-31.563105
-31.648651
-31.641619
-31.688696
-31.623343
-31.735672
-31.675819
-31.562956
-31.614363
-31.643585
-31.700211
-31.613338
-31.503191
-31.713140
-31.703991
-31.615475
-31.399427
-31.626074
-31.733990
-31.623852
-31.538481
-31.618513
-31.702665
-31.512255
-31.559294
-31.644289
-31.622456
-31.510946
-31.591595
-31.605831
-31.644533
-31.510778
-31.507727
-31.523561
-31.632618
-31.601608
-31.502760
-31.478872
-31.522505
-31.633469
-31.493853
-31.457491
-31.559790
-31.470234
-31.484674
-31.607725
-31.568876
-31.448925
-31.373560
-31.610941
-31.422813
-31.535164
-31.326630
-31.397230
-31.403267
-31.353247
-31.384699
-31.313963
-31.416862
-31.296356
-31.304081
-31.231646
-31.261023
-31.382757
-31.454079
-31.282856
-31.235184
-31.332960
-31.294731
-31.386501
-31.298536
-31.268812
-31.314310
-31.429132
-31.215288
-31.343828
-31.275812
-31.205132
-30.970276
-31.222477
-31.212612
-31.107384
-31.152273
-30.973949
-31.099459
-31.070471
-30.977791
-30.944773
-31.019714
-31.054373
-30.908123
-31.116957
-30.973175
-30.901712
-30.842979
-30.964487
-30.830418
-30.785606
-30.900837
-30.857862
-30.829620
-30.718000
-30.868622
-30.860853
-30.807522
-30.712643
-30.761353
-30.806028
-30.766645
-30.779449
-30.752041
-30.856060
-30.723589
-30.697914
-30.813929
-30.787807
-30.745493
-30.676498
-30.814905
-30.839445
-30.798422
-30.826687
-30.921469
-30.834850
-30.675797
-30.845423
-30.832056
-30.950907
-30.849482
-30.880043
-30.839661
-30.958710
-30.855700
-30.873011
-30.991011
-30.919176
-30.781567
-31.066027
-31.093700
-31.009476
-30.895853
-30.945801
-31.117495
-31.052774
-31.008852
-31.009117
-31.131809
-31.068943
-31.034660
-31.135038
-31.197405
-31.042368
-31.066959
-31.260994
-31.165806
-31.111132
-31.253782
-31.238300
-31.171482
-31.221682
-31.235777
-31.305792
-31.174513
-31.256918
-31.302805
-31.404119
-31.242029
-31.331230
-31.388691
-31.356810
-31.354845
-31.374422
-31.505276
-31.376814
-31.377216
-31.377739
-31.488911
-31.495813
-31.364584
-31.466970
-31.397690
-31.482288
-31.445391
-31.461653
-31.467169
-31.452795
-31.408680
-31.388094
-31.392923
-31.429739
-31.473532
-31.258963
-31.395325
-31.378082
-31.439421
-31.318918
-31.155069
-31.364466
-31.340805
-31.316639
-31.134766
-31.238617
-31.202402
-31.288202
-31.041998
-31.117058
-31.105791
-31.090187
-31.136084
-31.042408
-31.048326
-31.102549
-30.872965
-30.973413
-31.054573
-30.970579
-30.720699
-30.829172
-30.888971
-30.831623
-30.769110
-30.612469
-30.645912
-30.631460
-30.594671
-30.468021
-30.615484
-30.451450
-30.415195
-30.346930
-30.416943
-30.317560
-30.250854
-30.202620
-30.255390
-30.200373
-30.246378
-30.008678
-30.063385
-30.136763
-30.131254
-29.953861
-29.962198
-30.007692
-29.972103
-29.819227
-29.799631
-29.933727
-29.827436
-29.681107
-29.799782
-29.830763
-29.633669
-29.773048
-29.738274
-29.768129
-29.709623
-29.797028
-29.663074
-29.771439
-29.784300
-29.785593
-29.685795
-29.602898
-29.915003
-29.749344
-29.747694
-29.756186
-29.856459
-29.791740
-29.725733
-29.790485
-29.881786
-29.916054
-29.754440
-29.823748
-29.918146
-29.927452
-29.873701
-29.869680
-29.815636
-29.939447
-29.834917
-30.050468
-29.885910
-29.837362
-29.967760
-29.984913
-29.898693
-29.960009
-29.948009
-29.896694
-29.994755
-29.995235
-30.017672
-29.957273
-29.886669
-29.820814
-29.951286
-29.969009
-29.831860
-29.789101
-29.701498
-29.809126
-29.932417
-29.812380
-29.767811
-29.763739
-30.009371
-29.750370
-29.898083
-29.990606
-29.811874
-29.618399
-29.753103
-29.875036
-29.640764
-29.561056
-29.572512
-29.544588
-29.653646
-29.616650
-29.654606
-29.549475
-29.676655
-29.660688
-29.619019
-29.720150
-29.614195
-29.537611
-29.491255
-29.626425
-29.529015
-29.451710
-29.282871
-29.384533
-29.325628
-29.243254
-29.378511
-29.378225
-29.260830
-29.164455
-29.332273
-29.258434
-29.121729
-29.063793
-29.261902
-29.221384
-29.108345
-29.092556
-29.118389
-29.065746
-28.957054
-28.990799
-29.017448
-28.973164
-28.898281
-28.885162
-28.885750
-28.942427
-28.905981
-28.792383
-28.814404
-28.652151
-28.663017
-28.737236
-28.686232
-28.515806
-28.436153
-28.421490
-28.347612
-28.370235
-28.322113
-28.276070
-28.271843
-28.187496
-28.142601
-28.213907
-28.215790
-28.141888
-28.124109
-28.083593
-28.091747
-28.116081
-28.010614
-28.068157
-27.821697
-28.101377
-27.951969
-27.810965
-27.687143
-27.867435
-27.800825
-27.636730
-27.654312
-27.655676
-27.705210
-27.524109
-27.520525
-27.538721
-27.471615
-27.385300
-27.397230
-27.582571
-27.384130
-27.336292
-27.319103
-27.460236
-27.294149
-27.221216
-27.305561
-27.289799
-27.328947
-27.170092
-27.287943
-27.321808
-27.280926
-27.013531
-27.127220
-27.330278
-27.258398
-27.147083
-27.187502
-27.304750
-27.237280
-27.097258
-27.250492
-27.270267
-27.159777
-27.181652
-27.243044
-27.293024
-27.152397
-27.228794
-27.257360
-27.312582
-27.219810
-27.174921
-27.356756
-27.390999
-27.185640
-27.144989
-27.461548
-27.342539
-27.390936
-27.227482
-27.347944
-27.337631
-27.491514
-27.270866
-27.370695
-27.421890
-27.304554
-27.453028
-27.375572
-27.480532
-27.496677
-27.377995
-27.293253
-27.521553
-27.570709
-27.345490
-27.330360
-27.479105
-27.563198
-27.440798
-27.452150
-27.437847
-27.450441
-27.472517
-27.550585
-27.478485
-27.572098
-27.559917
-27.458340
-27.502792
-27.684313
-27.465996
-27.484610
-27.443636
-27.662743
-27.570251
-27.543631
-27.423882
-27.471132
