Az       (ft/s^2)
-29.379833
-29.378138
-29.379019
-29.605783
-29.324059
-29.621731
-29.607115
-29.704187
-29.421783
-29.490576
-29.417385
-29.146915
-29.513136
-29.548090
-29.598959
-29.485413
-29.435051
-29.461861
-29.506170
-29.791452
-29.600405
-29.518076
-29.538204
-29.513773
-29.565571
-29.526440
-29.555029
-29.459192
-29.530386
-29.334684
-29.657278
-29.444187
-29.456404
-29.437784
-29.378042
-29.606436
-29.581110
-29.745876
-29.209400
-29.245399
-29.522058
-29.696669
-29.532509
-29.469526
-29.574255
-29.618389
-29.884996
-29.808205
-29.801039
-29.625731
-29.766520
-29.672743
-30.128967
-29.997549
-29.956388
-30.008850
-29.814455
-29.736052
-29.891167
-30.125109
-29.886732
-29.947960
-29.933430
-30.036325
-30.015327
-30.059271
-29.899916
-30.036644
-30.260944
-30.310783
-30.041752
-29.994759
-30.066668
-30.021444
-30.027613
-30.018427
-29.898836
-29.865086
-30.040922
-29.818054
-29.891323
-30.028008
-29.960091
-29.902063
-30.133947
-30.335522
-30.147171
-30.338467
-30.239044
-30.002934
-30.076628
-30.043812
-30.174950
-30.039545
-30.129200
-29.987852
-30.032518
-29.906687
-29.708696
-29.871944
-29.958254
-29.910378
-29.710596
-30.171736
-29.874189
-29.986464
-29.803135
-30.061687
-30.309116
-30.041721
-30.061552
-29.975298
-30.154306
-30.136074
-29.919367
-29.742891
-30.090899
-30.024414
-29.861931
-29.853806
-29.895704
-29.893631
-29.926138
-30.241842
-30.507067
-30.540213
-30.093079
-30.202633
-30.407082
-30.426769
-30.735634
-30.990194
-30.961088
-30.649673
-30.359171
-30.260435
-30.391222
-30.184317
-30.289993
-30.289244
-30.233845
-30.090712
-30.030256
-29.916952
-30.195599
-30.560127
-30.847937
-30.905991
-30.808256
-31.047253
-31.138222
-31.245684
-31.217808
-30.877632
-30.794979
-30.942240
-31.027447
-31.042162
-31.094362
-30.600399
-30.426893
-30.605509
-30.984800
-30.758469
-30.960575
-31.119778
-31.095711
-31.143932
-31.141113
-30.991520
-30.825802
-30.979916
-31.081459
-31.084492
-30.926298
-30.640427
-30.534727
-30.580853
-30.771593
-30.645655
-30.920187
-30.810318
-30.643576
-30.934158
-31.315718
-31.007608
-30.865995
-31.114180
-31.131792
-31.257242
-31.386715
-31.350615
-31.109917
-31.299345
-31.523415
-31.629896
-31.700340
-31.547787
-31.602568
-31.392937
-31.501686
-31.574450
-31.616068
-31.582268
-31.243671
-31.554447
-31.436480
-31.464169
-31.394503
-31.369278
-31.573542
-31.738401
-31.964952
-31.789892
-31.723602
-31.756926
-31.779070
-31.944183
-31.924141
-31.867958
-31.765188
-31.936283
-31.882788
-32.023354
-31.903694
-31.906002
-31.803654
-32.045452
-32.130505
-32.121510
-32.150211
-32.223755
-32.139122
-32.207500
-32.187603
-32.210850
-32.405441
-32.149784
-32.359409
-32.408180
-32.292545
-32.205105
-32.423161
-32.423550
-32.373657
-32.390659
-32.440735
-32.341263
-32.381920
-32.443398
-32.507824
-32.393013
-32.347420
-32.392315
-32.329597
-32.376633
-32.555637
-32.152081
-32.599239
-32.399223
-32.430599
-32.320271
-32.556149
-32.456997
-32.453815
-32.478256
-32.453835
-32.623695
-32.464439
-32.528168
-32.383186
-32.636929
-32.479755
-32.480751
-32.469959
-32.291321
-32.501698
-32.419937
-32.621250
-32.283363
-32.472157
-32.383842
-32.555466
-32.503586
-32.487797
-32.423531
-32.414902
-32.513592
-32.351715
-32.689789
-32.304703
-32.381222
-32.394798
-32.476849
-32.495773
-32.427032
-32.537468
-32.415730
-32.471870
-32.396255
-32.529636
-32.384132
-32.477638
-32.510555
-32.485130
-32.617699
-32.400219
-32.574230
-32.368309
-32.686089
-32.378487
-32.561226
-32.532139
-32.482121
-32.555752
-32.307976
-32.676582
-32.448360
-32.486217
-32.583626
-32.460690
-32.554016
-32.415653
-32.680443
-32.413765
-32.579250
-32.680672
-32.405354
-32.591255
-32.541119
-32.579117
-32.465294
-32.610176
-32.622356
-32.711113
-32.342213
-32.614079
-32.541016
-32.735527
-32.556690
-32.552376
-32.706894
-32.578594
-32.637650
-32.675121
-32.585876
-32.777718
-32.497959
-32.681293
-32.677052
-32.714943
-32.740280
-32.473053
-32.629509
-32.805054
-32.724510
-32.764191
-32.603889
-32.813614
-32.762394
-32.733994
-32.748329
-32.823414
-32.730816
-32.831181
-32.772144
-33.027218
-32.602440
-32.786880
-32.748692
-32.823620
-32.909237
-32.767773
-32.710938
-32.738113
-32.937981
-32.701447
-32.727039
-33.005192
-32.777672
-32.662121
-32.825256
-32.918072
-32.829041
-32.767406
-32.836689
-33.023491
-32.632900
-32.982407
-32.932533
-32.881920
-33.035034
-32.995319
-32.879807
-33.069996
-33.055607
-33.088150
-32.998787
-33.193890
-33.081257
-33.111130
-33.376629
-33.034485
-33.458542
-33.161278
-33.446217
-33.210018
-33.409119
-33.572330
-33.342373
-33.557541
-33.748837
-33.658207
-33.450752
-33.701534
-33.678108
-33.922604
-33.830559
-33.984192
-34.071083
-33.947376
-34.227585
-34.331573
-34.363178
-34.340607
-34.673897
-34.686176
-34.505451
-35.094757
-34.937492
-35.009117
-35.135025
-35.378666
-35.435299
-35.396191
-35.818665
-35.776360
-35.941811
-36.065990
-36.205395
-36.199463
-36.465588
-36.513653
-36.770664
-36.709850
-36.893307
-36.987648
-37.423622
-37.419319
-37.492718
-37.683609
-37.807465
-37.754860
-38.194576
-38.188046
-38.470604
-38.283772
-38.494698
-38.958584
-38.848759
-39.043285
-39.012333
-39.083035
-39.424591
-39.486210
-39.684227
-39.660282
-39.710468
-39.732254
-40.040157
-40.059055
-40.049114
-40.336479
-40.319927
-40.577682
-40.586491
-40.636192
-40.918465
-40.930714
-40.932930
-41.230244
-41.374336
-41.347134
-41.212051
-41.680191
-41.686874
-41.633255
-41.861816
-41.862991
-41.965370
-42.129280
-42.195942
-42.314735
-42.412262
-42.570122
-42.461929
-42.801655
-42.917679
-42.831497
-43.087894
-43.165741
-43.353241
-43.275600
-43.676266
-43.584904
-43.601326
-43.823818
-43.956627
-44.070961
-44.216198
-44.203041
-44.388588
-44.419495
-44.729950
-44.712376
-44.922352
-44.739540
-45.093838
-45.382736
-45.265709
-45.356499
-45.326973
-45.595501
-45.716980
-45.907246
-46.061745
-45.866993
-46.087860
-46.430862
-46.394646
-46.570263
-46.593548
-46.704903
-46.799751
-46.942841
-47.297760
-47.303539
-47.443420
-47.376110
-47.649323
-47.831856
-47.917831
-47.927715
-47.913307
-48.314960
-48.381348
-48.393955
-48.515717
-48.687218
-48.780937
-48.917801
-48.939869
-49.285213
-49.001350
-49.401814
-49.427174
-49.658421
-49.526577
-49.725594
-50.006172
-49.848885
-50.024410
-50.004410
-50.394936
-50.175491
-50.298782
-50.596191
-50.689960
-50.845387
-50.827560
-51.026268
-51.245758
-51.208057
-51.137676
-51.471264
-51.896164
-51.641888
-51.647915
-51.750534
-51.795963
-51.744244
-52.058617
-52.160797
-52.342854
-52.301842
-52.323776
-52.494347
-52.541786
-52.837589
-52.606037
-52.784637
-52.940117
-53.297615
-53.298355
-53.056629
-53.256916
-53.408627
-53.549347
-53.541737
-53.706650
-53.818558
-53.676300
-53.921928
-54.032261
-54.108555
-54.207687
-54.098545
-54.380741
-54.457462
-54.641705
-54.699806
-54.740929
-54.800777
-54.718384
-54.990723
-54.849644
-55.114418
-55.202377
-55.127140
-55.304588
-55.352055
-55.577950
-55.405720
-55.704288
-55.731598
-55.693108
-55.909405
-56.026852
-56.089375
-56.121510
-56.339928
-56.415695
-56.232536
-56.566681
-56.805393
-56.829475
-56.870533
-56.879791
-57.326660
-57.349712
-57.452190
-57.608658
-57.734505
-58.002968
-57.913151
-58.289001
-58.263397
-58.459530
-58.671711
-58.833614
-59.006580
-58.975182
-59.253925
-59.387474
-59.645756
-59.718197
-59.795361
-60.211216
-60.176857
-60.359772
-60.548660
-60.760784
-60.808796
-60.918697
-61.225296
-61.286026
-61.360435
-61.584648
-61.787922
-61.815327
-61.993484
-62.147221
-62.213917
-62.370430
-62.485130
-62.603939
-62.815578
-62.849617
-63.037148
-63.052277
-63.222210
-63.423836
-63.300880
-63.641430
-63.654495
-63.827023
-63.916225
-63.854218
-64.096054
-64.107811
-64.257309
-64.171989
-64.413193
-64.334366
-64.511932
-64.617943
-64.577721
-64.666214
-64.582573
-64.847145
-64.695251
-64.905762
-64.923447
-64.843468
-64.897812
-64.900818
-65.154968
-65.096001
-64.907463
-64.926163
-65.155998
-65.144547
-64.887085
-65.267029
-65.175606
-65.114372
-64.917870
-65.156326
-65.146133
-64.998390
-65.252014
-64.889626
-65.200340
-65.109673
-65.065392
-64.931190
-65.107101
-65.198555
-64.974503
-65.083389
-65.093559
-65.165138
-64.932274
-65.146080
-65.036354
-64.923752
-64.999260
-64.966583
-65.050018
-64.891922
-64.869293
-64.885521
-64.866341
-64.909813
-64.830902
-64.774483
-64.738388
-64.801422
-64.867455
-64.717293
-64.817253
-64.590385
-64.827072
-64.794518
-64.497833
-64.579361
-64.475281
-64.660530
-64.433426
-64.565956
-64.449112
-64.336693
-64.392838
-64.379654
-64.362427
-64.221603
-64.388947
-64.331551
-64.366989
-64.417023
-64.238281
-64.381401
-64.341461
-64.276917
-64.338516
-64.329895
-64.414330
-64.265388
-64.328255
-64.210548
-64.344223
-64.269325
-64.248833
-64.204445
-64.163239
-64.363213
-64.220337
-64.338661
-64.149796
-64.272522
-64.232086
-64.402809
-64.320587
-64.281639
-64.456642
-64.311775
-64.402153
-64.356926
-64.453476
-64.367111
-64.202347
-64.500336
-64.346313
-64.506813
-64.407593
-64.400528
-64.598053
-64.418442
-64.507500
-64.502403
-64.695953
-64.570305
-64.567764
-64.886177
-64.779541
-64.780746
-64.583344
-64.926216
-64.870094
-64.775475
-64.761513
-64.754486
-64.992844
-64.886032
-64.931442
-64.681198
-64.966583
-64.996002
-64.849327
-64.861687
-65.065201
-64.934853
-64.958069
-65.041367
-65.088928
-65.141335
-65.103424
-64.961578
-65.074097
-65.268127
-65.199699
-65.119362
-65.079773
-65.233711
-65.196495
-65.139496
-65.276711
-65.247940
-65.319344
-65.313301
-65.314720
-65.325943
-65.242355
-65.492294
-65.223114
-65.415268
-65.459053
-65.388557
-65.462440
-65.366005
-65.549782
-65.453339
-65.590782
-65.328949
-65.560509
-65.821457
-65.585663
-65.542931
-65.631714
-65.640076
-65.673187
-65.682449
-65.688004
-65.631676
-65.537697
-65.949821
-65.659218
-65.768097
-65.696426
-65.717224
-65.717972
-65.818260
-66.030304
-65.734810
-65.936142
-66.063126
-65.837677
-65.882416
-65.774620
-66.128242
-65.878517
-65.898911
-65.954536
-65.954254
-65.932335
-65.713242
-66.006134
-66.009460
-65.872971
-65.985947
-65.954277
-66.008423
-65.925133
-66.114761
-66.066399
-65.920128
-66.074554
-66.009438
-65.950821
-65.921188
-66.059914
-65.963661
-65.916794
-66.106163
-66.159920
-66.020088
-66.036201
-66.031387
-66.157257
-66.065811
-66.092606
-65.983612
-65.994568
-66.195061
-65.984375
-65.860832
-65.903084
-65.902954
-65.972618
-65.810043
-66.001442
-65.889999
-65.877426
-66.058716
-65.880905
-66.079132
-66.088844
-65.946014
-66.156189
-66.022820
-66.306572
-66.006149
-66.066063
-65.996704
-66.107544
-66.083443
-66.043587
-66.277420
-66.085693
-65.882370
-65.915421
-66.018364
-66.075348
-66.028275
-65.921288
-66.077507
-65.962074
-65.988075
-65.763855
-66.016808
-66.195549
-65.938293
-65.867439
-65.874825
-66.247795
-65.861832
-65.628784
-65.987816
-65.911919
-66.062721
-65.750786
-66.099663
-65.841103
-65.825851
-65.812698
-65.693855
-66.000053
-65.739449
-65.718460
-65.711166
-65.676155
-65.575348
-65.430107
-65.538589
-65.594604
-65.717018
-65.692078
-65.570114
-65.743050
-65.852707
-65.631508
-65.781830
-65.960884
-65.860008
-65.837029
-65.982635
-65.885857
-65.880119
-65.955376
-65.768127
-65.798561
-66.142937
-65.984550
-66.113091
-65.865158
-66.236198
-66.023315
-66.065414
-66.261879
-66.063248
-66.153358
-66.186440
-66.261185
-66.201530
-66.134956
-66.296265
-66.314880
-66.249107
-66.308365
-66.380905
-66.453987
-66.288345
-66.448326
-66.364220
-66.545288
-66.458527
-66.360329
-66.626678
-66.402046
-66.434250
-66.447220
-66.429634
-66.425468
-66.368652
-66.508644
-66.488747
-66.346565
-66.284355
-66.281937
-66.370758
-66.366341
-66.163887
-66.259491
-66.329842
-66.569321
-66.168579
-66.244682
-66.258224
-66.098755
-66.306595
-66.177078
-66.375076
-66.125824
-66.327332
-66.170097
-66.123428
-66.236542
-66.066010
-66.276558
-66.303574
-66.097839
-66.228493
-66.235229
-66.354271
-66.048103
-66.219177
-66.266800
-66.128052
-66.352158
-66.222351
-66.237282
-66.268478
-66.223732
-66.261299
-66.173042
-66.256683
-66.270554
-66.206955
-66.388481
-66.182472
-66.248512
-66.249908
-66.377609
-66.339622
-66.225380
-66.377235
-66.126846
-66.310585
-66.244926
-66.295715
-66.330559
-66.256218
-66.425789
-66.198174
-66.259460
-66.331627
-66.292183
-66.205704
-66.289726
-66.316727
-66.282822
-66.393997
-66.331512
-66.174873
-66.173203
-66.487015
-66.194855
-66.313881
-66.258461
-66.217117
-66.396881
-66.213943
-66.292793
-66.080765
-66.271309
-66.252708
-66.263573
-66.337891
-66.106079
-66.133255
-66.123550
-66.291687
-66.211945
-66.032715
-66.099609
-66.246666
-66.059517
-66.212654
-66.218063
-66.102982
-65.985016
-66.085060
-66.089493
-66.110306
-66.126732
-66.087524
-66.022469
-66.122765
-66.155495
-66.023376
-66.028076
-66.125702
-66.224510
-65.889565
-66.017929
-66.108910
-66.093918
-66.034172
-65.937416
-66.220192
-65.989182
-65.921677
-66.082161
-66.041672
-66.075508
-65.828728
-65.974655
-66.037216
-65.958008
-66.015388
-65.951881
-66.010643
-65.875015
-65.863319
-66.129967
-65.898331
-65.936653
-65.861755
-65.986397
-66.086983
-65.907936
-65.839546
-65.942932
-65.990959
-66.169479
-65.853905
-65.905670
-66.041603
-65.982597
-65.981384
-65.882927
-66.055130
-66.008209
-65.985504
-66.058846
-66.006027
-65.993675
-66.004974
-66.002274
-66.100914
-66.036186
-65.973289
-66.050606
-66.026199
-66.131577
-66.031769
-66.088226
-66.065628
-66.035446
-66.151283
-65.897469
-66.160889
-66.038269
-66.284134
-65.986984
-65.908005
-66.354317
-66.054802
-66.005119
-66.134956
-66.160507
-66.170219
-65.918411
-66.372330
-65.995911
-66.123283
-65.947777
-66.038994
-66.180130
-66.176643
-66.136459
-65.950577
-66.217407
-66.079819
-66.145134
-66.162994
-66.096413
-66.015770
-66.084908
-66.112343
-66.124718
-66.073013
-65.885963
-65.907936
-65.893166
-65.968864
-65.792488
-66.007088
-65.844009
-65.804420
-66.018112
-65.777016
-66.000496
-65.722107
-65.950180
-65.984268
-65.931007
-66.006218
-65.759132
-65.917160
-65.962082
-65.918167
-65.907318
-65.725479
-65.964821
-65.887756
-66.044945
-65.940742
-65.923759
-66.042259
-65.930023
-66.005791
-65.965042
-66.051392
-66.106033
-66.039314
-66.239014
-65.978027
-66.022278
-65.987671
-66.043236
-66.042007
-66.075615
-66.144257
-66.179710
-66.201210
-66.295189
-66.128967
-66.132690
-66.265587
-66.356972
-66.396217
-66.413246
-66.450645
-66.233192
-66.365158
-66.481148
-66.311485
-66.431679
-66.385994
-66.423294
-66.398788
-66.295158
-66.425323
-66.255363
-66.420059
-66.411797
-66.459381
-66.447495
-66.454491
-66.500641
-66.384537
-66.366394
-66.435631
-66.358284
-66.525536
-66.504662
-66.432205
-66.472221
-66.327003
-66.491966
-66.198318
-66.455727
-66.229126
-66.456268
-66.526550
-66.234871
-66.266808
-66.289726
-66.513306
-66.377014
-66.317436
-66.366280
-66.452278
-66.372421
-66.364868
-66.359802
-66.439354
-66.279266
-66.390038
-66.338303
-66.433235
-66.442879
-66.289337
-66.299400
-66.251549
-66.418991
-66.295090
-66.306900
-66.367172
-66.319206
-66.329727
-66.364777
-66.233849
-66.483780
-66.461304
-66.473541
-66.432526
-66.408607
-66.445267
-66.412170
-66.690109
-66.419983
-66.481056
-66.470703
-66.431389
-66.659454
-66.552551
-66.449860
-66.539963
-66.686592
-66.721153
-66.600433
-66.718239
-66.797745
-66.787842
-66.843842
-66.694412
-66.911018
-66.918831
-66.924202
-66.968185
-66.844925
-66.914749
-66.878777
-66.945374
-66.932426
-66.927910
-66.947449
-66.981995
-66.797920
-67.133141
-66.957886
-67.081306
-66.993874
-66.988831
-66.969437
-67.022217
-67.040207
-67.016426
-66.877998
-66.836914
-66.920418
-66.978630
-66.892746
-66.813896
-66.797630
-66.781334
-66.802399
-66.875328
-66.730957
-66.749115
-66.650917
-66.668442
-66.686409
-66.534660
-66.686157
-66.578751
-66.521393
-66.410774
-66.480255
-66.482162
-66.467567
-66.419563
-66.289406
-66.267776
-66.209198
-66.154579
-66.248680
-66.300346
-66.151794
-66.084038
-66.099518
-65.958626
-65.952759
-66.033997
-66.103493
-65.767700
-65.979942
-66.002571
-65.855286
-65.897491
-65.847168
-65.823837
-65.892754
-65.901817
-65.844315
-65.989876
-65.851303
-65.709511
-65.944489
-65.902527
-65.810066
-65.864838
-65.872406
-65.635063
-65.623634
-65.608459
-65.654991
-65.487114
-65.562614
-65.435852
-65.577354
-65.439972
-65.344391
-65.404236
-65.505096
-65.472466
-65.549561
-65.607315
-65.410561
-65.557167
-65.564842
-65.576851
-65.360901
-65.572304
-65.428230
-65.382607
-65.420479
-65.411552
-65.405945
-65.376282
-65.410881
-65.264305
-65.382378
-65.400551
-65.448723
-65.311874
-65.527283
-65.444321
-65.410110
-65.340996
-65.418625
-65.485619
-65.339561
-65.339439
-65.473358
-65.438652
-65.427238
-65.285393
-65.409081
-65.347275
-65.435562
-65.397423
-65.400757
-65.498589
-65.519508
-65.407051
-65.337852
-65.457199
-65.400909
-65.513428
-65.513435
-65.489014
-65.594620
-65.571404
-65.515419
-65.406097
-65.444122
-65.667084
-65.684380
-65.584435
-65.606827
-65.624329
-65.477386
-65.423409
-65.509857
-65.583214
-65.419067
-65.453278
-65.385513
-65.487564
-65.327034
-65.243599
-65.312897
-65.324463
-65.250359
-65.327217
-65.341911
-65.340591
-65.322052
-65.245728
-65.228401
-65.211136
-65.236893
-65.136551
-65.109467
-65.075623
-65.027061
-64.996574
-64.868073
-64.728569
-64.811798
-64.885437
-64.827713
-64.787544
-64.695152
-64.630692
-64.632423
-64.656670
-64.669853
-64.478600
-64.400215
-64.471527
-64.447693
-64.508682
-64.329178
-64.279594
-64.262077
-64.184822
-64.255005
-64.297729
-64.314003
-64.389404
-64.205803
-64.327759
-64.368156
-64.395462
-64.242569
-64.315926
-64.454941
-64.415581
-64.279884
-64.348152
-64.438393
-64.364334
-64.311752
-64.350365
-64.363976
-64.380234
-64.473419
-64.448807
-64.541748
-64.502380
-64.390228
-64.692711
-64.728821
-64.531822
-64.456543
-64.563263
-64.585266
-64.523056
-64.552277
-64.540169
-64.436279
-64.442253
-64.546143
-64.421440
-64.624649
-64.328880
-64.470596
-64.543114
-64.663734
-64.714798
-64.716675
-64.736061
-64.596725
-64.670181
-64.636948
-64.623245
-64.576721
-64.632080
-64.543831
-64.581635
-64.540337
-64.457436
-64.558693
-64.687790
-64.633347
-64.694534
-64.494469
-64.743988
-64.755150
-64.589714
-64.717979
-64.893143
-64.961304
-64.604500
-64.644943
-64.886742
-64.834938
-64.862770
-64.697609
-64.979073
-64.959061
-64.808769
-64.755333
-64.931633
-64.777832
-64.889488
-65.089165
-65.029510
-64.895470
-64.834229
-65.079628
-65.209595
-65.195885
-65.040131
-65.064522
-65.073639
-65.090797
-65.013344
-65.003845
-64.942329
-64.961159
-64.776062
-64.800125
-64.925598
-64.784027
-64.983498
-64.847687
-64.850052
-64.794960
-65.072067
-64.773613
-64.875793
-64.935127
-65.036743
-64.980988
-65.050972
-64.921715
-64.879822
-64.956924
-65.035332
-65.210251
-65.053856
-65.125473
-65.284241
-65.343361
-65.343384
-65.250351
-65.271072
-65.526253
-65.563881
-65.240082
-65.207718
-65.264481
-65.362389
-65.464737
-65.390816
-65.399803
-65.565498
-65.584236
-65.340073
-65.565025
-65.556610
-65.683372
-65.637627
-65.901718
-66.006660
-65.870117
-65.822601
-65.794662
-66.007759
-65.942169
-65.849129
-66.076843
-66.239861
-66.079704
-66.102264
-66.153290
-66.095390
-66.096146
-66.098434
-66.241112
-66.304863
-66.210381
-66.059753
-65.963531
-66.246269
-66.183701
-65.891457
-66.130623
-66.175735
-66.037918
-65.849098
-65.973961
-65.964401
-65.831764
-65.798233
-66.076981
-66.131859
-65.993042
-65.941956
-66.023682
-66.207153
-66.054741
-66.150383
-66.372246
-66.477066
-66.336266
-66.381424
-66.498993
-66.496719
-66.347229
-66.454651
-66.545647
-66.559570
-66.382225
-66.574509
-66.544472
-66.472473
-66.359528
-66.383263
-66.421761
-66.362518
-66.467575
-66.388596
-66.347710
-66.285339
-66.202423
-66.243057
-66.245224
-66.176125
-66.180161
-66.255760
-66.234795
-66.071938
-66.250793
-66.132713
-66.025604
-66.112137
-66.128708
-66.065002
-66.098358
-66.271988
-66.161316
-66.026337
-66.087982
-66.207565
-66.083496
-66.123802
-66.215660
-66.284256
-66.196884
-66.376183
-66.327957
-66.258957
-66.181770
-66.263687
-66.308876
-66.179413
-66.260872
-66.424751
-66.360931
-66.293251
-66.121170
-66.275665
-66.291275
-66.133476
-66.122711
-66.156769
-66.279411
-66.116913
-66.129555
-66.215942
-66.052818
-65.812149
-66.039864
-66.082626
-66.102959
-65.990265
-65.964981
-66.060638
-66.100365
-65.936806
-65.990631
-66.040314
-66.058685
-65.887466
-65.883995
-66.029556
-65.886925
-65.805367
-65.752632
-65.790977
-65.687675
-65.662117
-65.763672
-65.548668
-65.722183
-65.682549
-65.746902
-65.622215
-65.746582
-65.821785
-65.801704
-65.824852
-65.831688
-65.810616
-65.862434
-66.018112
-65.979027
-65.943443
-65.962852
-65.881599
-65.929359
-66.034950
-65.959724
-65.987236
-66.014786
-66.087067
-65.971741
-66.066185
-66.027573
-65.941238
-65.991837
-65.995193
-65.933189
-65.890648
-65.833771
-65.790024
-65.857048
-65.754417
-65.745316
-65.595879
-65.503807
-65.367920
-65.699150
-65.492638
-65.373802
-65.165771
-65.378792
-65.310692
-65.202492
-65.380104
-65.317024
-65.277344
-65.264526
-65.336586
-65.365837
-65.492210
-65.353310
-65.348328
-65.402565
-65.373558
-65.479126
-65.394165
-65.308418
-65.357841
-65.395416
-65.369209
-65.191689
-65.267494
-65.268723
-65.215645
-65.219254
-65.342201
-65.184341
-65.169960
-65.290192
-65.320976
-65.343712
-65.271332
-65.253418
-65.273376
-65.460396
-65.365211
-65.174438
-65.127098
-65.152748
-65.171722
-65.186470
-65.128975
-65.177681
-65.076759
-65.076462
-65.068428
-65.073151
-64.977722
-65.061356
-65.045410
-65.093300
-65.030540
-65.111130
-64.887489
-65.005684
-64.966301
-64.896744
-64.791061
-64.925621
-65.072205
-64.823051
-64.814476
-64.832222
-64.871223
-64.851128
-64.847992
-64.883842
-64.822350
-64.838364
-64.728699
-64.757339
-64.797882
-64.695778
-64.629128
-64.553391
-64.595039
-64.488159
-64.583000
-64.445709
-64.456879
-64.413368
-64.580757
-64.607346
-64.454773
-64.511719
-64.602325
-64.649803
-64.774452
-64.676834
-64.799934
-64.791649
-65.002556
-64.816673
-65.019539
-64.934135
-64.972984
-65.000954
-65.021645
-65.143700
-65.040932
-65.171738
-65.171547
-65.255341
-65.219711
-65.207153
-65.286552
-65.314644
-65.302895
-65.430542
-65.590851
-65.344788
-65.327095
-65.602722
-65.637253
-65.735771
-65.693008
-65.722153
-65.531075
-65.765205
-65.845337
-65.699112
-65.722252
-65.709549
-65.718597
-65.671959
-65.735352
-65.774940
-65.599876
-65.657028
-65.484253
-65.422676
-65.438011
-65.646484
-65.471046
-65.483917
-65.403961
-65.363762
-65.313110
-65.323090
-65.412270
-65.484413
-65.309486
-65.224304
-65.244926
-65.339539
-65.397095
-65.223396
-65.009933
-65.072533
-65.212021
-65.060753
-64.924454
-64.853241
-64.844086
-64.638939
-64.689232
-64.877968
-64.642311
-64.412529
-64.541481
-64.631294
-64.474831
-64.436668
-64.678612
-64.568375
-64.517136
-64.539368
-64.662117
-64.616463
-64.682220
-64.722626
-64.787643
-64.826920
-64.907463
-64.782005
-64.563995
-64.716087
-64.802162
-64.773560
-64.649948
-64.737633
-64.764809
-64.798729
-64.829712
-64.806038
-64.804184
-64.793289
-64.952644
-64.827164
-64.857330
-64.892509
-64.856026
-64.841164
-64.684349
-64.810120
-64.740387
-64.570053
-64.558258
-64.781487
-64.785400
-64.681122
-64.691734
-64.828148
-64.768478
-64.817284
-64.826469
-64.782715
-64.660469
-64.505890
-64.703300
-64.729500
-64.671555
-64.366379
-64.396309
-64.496201
-64.486038
-64.447586
-64.502251
-64.537842
-64.550392
-64.583900
-64.546410
-64.776184
-64.660988
-64.542343
-64.751900
-64.937607
-64.787666
-64.816803
-65.144714
-64.996330
-64.865646
-65.156387
-65.061943
-64.815674
-65.025818
-65.178001
-64.967628
-64.971771
-64.803246
-64.810326
-64.871330
-64.787514
-64.897194
-64.777916
-64.758034
-64.916306
-64.840874
-64.824524
-64.971802
-65.026497
-65.073021
-64.974815
-65.009567
-65.027252
-64.993240
-64.965118
-64.995743
-64.875595
-64.816055
-64.717827
-64.914085
-64.854973
-64.729919
-64.610313
-64.673454
-64.727051
-64.737061
-64.613831
-64.572304
-64.659218
-64.562531
-64.396721
-64.515884
-64.494362
-64.342323
-64.391281
-64.448479
-64.425430
-64.336205
-64.354019
-64.408646
-64.506012
-64.504982
-64.428154
-64.487236
-64.568695
-64.573990
-64.633156
-64.593491
-64.467789
-64.407272
-64.622780
-64.549370
-64.540497
-64.548004
-64.573608
-64.538116
-64.592735
-64.761345
-64.590263
-64.642151
-64.682831
-64.733307
-64.757820
-64.757668
-64.709549
-64.688171
-64.806183
-64.739319
-64.686852
-64.711800
-64.693810
-64.687195
-64.671555
-64.709000
-64.622772
-64.627716
-64.545593
-64.613533
-64.632095
-64.521805
-64.504257
-64.454056
-64.488899
-64.555649
-64.502625
-64.381340
-64.419250
-64.401772
-64.439697
-64.457115
-64.399513
-64.334633
-64.389229
-64.359673
-64.355263
-64.269875
-64.204941
-64.198647
-64.327568
-64.269417
-64.222763
-64.058258
-64.204567
-64.132484
-64.219704
-64.141434
-64.152679
-64.090385
-64.039963
-63.960022
-64.080414
-63.986153
-63.858826
-63.740940
-63.798992
-63.725090
-63.793430
-63.686481
-63.651054
-63.553574
-63.598351
-63.536827
-63.450859
-63.453407
-63.491337
-63.514366
-63.423023
-63.370178
-63.282883
-63.416862
-63.295532
-63.214252
-63.259640
-63.246895
-63.203156
-63.169106
-63.130756
-63.072517
-63.005302
-62.975128
-62.962013
-62.858414
-62.778366
-62.737400
-62.741905
-62.595203
-62.514820
-62.629055
-62.579460
-62.588753
-62.452000
-62.530609
-62.456573
-62.421177
-62.318996
-62.360489
-62.453026
-62.351383
-62.231922
-62.169773
-62.262016
-62.157276
-62.067314
-62.140804
-62.120316
-62.001045
-62.051300
-62.028980
-62.028671
-61.988335
-61.950153
-61.952824
-61.928604
-61.988834
-61.865509
-61.898476
-61.944489
-61.860092
-61.793507
-61.726017
-61.864273
-61.824635
-61.811279
-61.705002
-61.848167
-61.878307
-61.752014
-61.696930
-61.805149
-61.886192
-61.834805
-61.757679
-61.869282
-61.908100
-61.739670
-61.799297
-61.843990
-61.698990
-61.679794
-61.677406
-61.713249
-61.631985
-61.519917
-61.429829
-61.448235
-61.573090
-61.452473
-61.587784
-61.669346
-61.568066
-61.570663
-61.680744
-61.588554
-61.569859
-61.506672
-61.551029
-61.426689
-61.316772
-61.338028
-61.330009
-61.269043
-61.145126
-61.122704
-61.263786
-61.209911
-61.054241
-61.175583
-61.233215
-61.181915
-61.084667
-61.036392
-61.112331
-61.080772
-61.062035
-61.040516
-61.006252
-61.028919
-60.950603
-60.985508
-60.900349
-60.855186
-60.862206
-60.846542
-60.817165
-61.019337
-60.950016
-60.869564
-60.912941
-60.912823
-60.827499
-60.883038
-60.827248
-60.748447
-60.716026
-60.763916
-60.717190
-60.631382
-60.461750
-60.538139
-60.532032
-60.566666
-60.406078
-60.389973
-60.446537
-60.364594
-60.418262
-60.254402
-60.199066
-60.269489
-60.156345
-59.973637
-60.023987
-60.120518
-59.885872
-59.803413
-60.034515
-59.932426
-59.674324
-59.667450
-59.792442
-59.761150
-59.724796
-59.578423
-59.604080
-59.638954
-59.449268
-59.430386
-59.234589
-59.204395
-58.991817
-58.870262
-58.721054
-58.639263
-58.445080
-58.129608
-57.989246
-57.973366
-57.701115
-57.438774
-57.212589
-57.072186
-56.742012
-56.525333
-56.263767
-55.893139
-55.534695
-55.283245
-54.855049
-54.490509
-54.176048
-53.707760
-53.348930
-52.996235
-52.547558
-52.174908
-51.763527
-51.460155
-50.767216
-50.414593
-49.991009
-49.546494
-48.924343
-48.542534
-48.076782
-47.388599
-46.988396
-46.455326
-45.890347
-45.131840
-44.604401
-44.099049
-43.643368
-43.012325
-42.492893
-41.918949
-41.333908
-40.938366
-40.396168
-39.831959
-39.298210
-38.795120
-38.155914
-37.543095
-37.088341
-36.564884
-35.928749
-35.419716
-34.868900
-34.342506
-33.698566
-33.186218
-32.720123
-32.363811
-31.840868
-31.264368
-30.840166
-30.420618
-29.971039
-29.582499
-29.048010
-28.634548
-28.116249
-27.752342
-27.296234
-26.907959
-26.477205
-26.166391
-25.717453
-25.311962
-25.051260
-24.601372
-24.400419
-24.046400
-23.727087
-23.373793
-23.128252
-22.766441
-22.457584
-22.148527
-21.791126
-21.588226
-21.387480
-20.976025
-20.722551
-20.582949
-20.287762
-20.063583
-19.801750
-19.697596
-19.450680
-19.292482
-18.975668
-18.832193
-18.663118
-18.445711
-18.273476
-18.016426
-17.839825
-17.563025
-17.359430
-17.173754
-17.065865
-16.919718
-16.771423
-16.542135
-16.519627
-16.380793
-16.255098
-16.111029
-15.962719
-15.799896
-15.693121
-15.527357
-15.328604
-15.141687
-14.983240
-14.903167
-14.724518
-14.468539
-14.315326
-14.291069
-14.260674
-14.012264
-13.916946
-13.721146
-13.679523
-13.399190
-13.286524
-13.162561
-13.092912
-12.887253
-12.670722
-12.499790
-12.388952
-12.190715
-11.885506
-11.803286
-11.677815
-11.435728
-11.276884
-11.205809
-11.056181
-10.993343
-10.744878
-10.674151
-10.516749
-10.415892
-10.296919
-10.142037
-10.129543
-9.978720
-9.822136
-9.645964
-9.488063
-9.422082
-9.238564
-9.162674
-8.977435
-8.807295
-8.734675
-8.592297
-8.314394
-8.206460
-8.060387
-7.935548
-7.686491
-7.644524
-7.480668
-7.316709
-7.234190
-7.005072
-6.816952
-6.688398
-6.577727
-6.425783
-6.387706
-6.184523
-6.065805
-5.871013
-5.815805
-5.746161
-5.577136
-5.432506
-5.236130
-5.215422
-5.187364
-4.992887
-4.960247
-4.810600
-4.751237
-4.717753
-4.553721
-4.401513
-4.525980
-4.307410
-4.131547
-4.194688
-4.041458
-4.026938
-3.798187
-3.819235
-3.739871
-3.663349
-3.477968
-3.523918
-3.477209
-3.339414
-3.185279
-3.192209
-3.048126
-2.997105
-3.014058
-2.959224
-2.856761
-2.851715
-2.760207
-2.623801
-2.515381
-2.547705
-2.489909
-2.464150
-2.525672
-2.257513
-2.261430
-2.154205
-2.190279
-2.044377
-2.078180
-1.905757
-1.904921
-1.793898
-1.682453
-1.666079
-1.580498
-1.492448
-1.425731
-1.443350
-1.263028
-1.474822
-1.270409
-1.217561
-1.242166
-1.247664
-1.100599
-1.270641
-1.300214
-1.028084
-1.216071
-1.294799
-1.184847
-1.063820
-1.293498
-1.115482
-1.066867
-1.155803
-1.223983
-1.010440
-1.115181
-1.111192
-1.100864
-1.240276
-1.096416
-1.085601
-1.114501
-1.163253
-1.152179
-1.200005
-1.128323
-1.236882
-1.073145
-1.080663
-1.204415
-1.291092
-1.164300
-1.142813
-1.286629
-1.180276
-1.214447
-1.292733
-1.427892
-1.363866
-1.277980
-1.342638
-1.305321
-1.325516
-1.268686
-1.320527
-1.130143
-1.259481
-1.105913
-1.202658
-1.056245
-1.208399
-1.142272
-1.187398
-1.263054
-1.212609
-1.345758
-1.401751
-1.414583
-1.349439
-1.576323
-1.554028
-1.430334
-1.421367
-1.569646
-1.458683
-1.419963
-1.415477
-1.415188
-1.389500
-1.259878
-1.458625
-1.502651
-1.281089
-1.334279
-1.482104
-1.386844
-1.390625
-1.456841
-1.517065
-1.284182
-1.363007
-1.327119
-1.222628
-1.079744
-1.162422
-1.123569
-1.064981
-0.863125
-0.786673
-0.886209
-0.753457
-0.737372
-0.797818
-0.616724
-0.541481
-0.586053
-0.568611
-0.491232
-0.443640
-0.297475
-0.192101
-0.320956
-0.248887
-0.090894
-0.063308
-0.151227
0.087879
0.015119
-0.012043
0.021059
0.132027
0.153537
0.166320
0.146604
0.232848
0.360255
0.433199
0.468318
0.524708
0.527976
0.578524
0.751650
0.801743
0.781129
0.834805
0.862249
0.852250
1.161687
1.091362
0.997576
1.099790
1.271845
1.365608
1.288606
1.670263
1.518052
1.747448
1.588978
1.857684
1.843851
1.966288
1.911304
1.992698
2.021955
1.960809
1.976987
1.951967
2.016339
1.887224
1.898347
1.947173
1.905306
1.914361
1.876522
1.849135
1.738160
1.749413
1.757430
1.819797
1.804551
1.775227
1.689512
1.484160
1.539613
1.484965
1.359944
1.392390
1.317824
1.146448
0.995120
1.046366
0.939120
0.947221
0.780858
0.899030
0.781834
0.845328
0.771390
0.829503
0.643050
0.622282
0.714421
0.547565
0.586584
0.597209
0.504830
0.377694
0.322484
0.300686
0.066393
0.190430
0.053939
-0.040071
-0.164931
0.074665
-0.063885
-0.184514
-0.125641
-0.102072
-0.232458
-0.263961
-0.092490
-0.013608
-0.144209
-0.259650
-0.193686
-0.203151
-0.142107
-0.365491
-0.223315
-0.233191
-0.277471
-0.372105
-0.258074
-0.298059
-0.324653
-0.362906
-0.299639
-0.188883
-0.327749
-0.280582
-0.231296
-0.231035
-0.289463
-0.240090
-0.312133
-0.353249
-0.316000
-0.307609
-0.325089
-0.444071
-0.372618
-0.322401
-0.330143
-0.459297
-0.401913
-0.387804
-0.295042
-0.403052
-0.297508
-0.289238
-0.346211
-0.298963
-0.353891
-0.229337
-0.334864
-0.146390
-0.156628
-0.230563
-0.300918
-0.214131
-0.063016
-0.148005
-0.095965
-0.156746
-0.094769
-0.082686
-0.115188
0.060477
-0.172639
-0.039303
0.009391
0.217829
0.090702
0.066196
0.106120
0.341691
0.314461
0.312751
0.384416
0.372645
0.311180
0.427631
0.474787
0.480317
0.378075
0.428854
0.293644
0.378587
0.436475
0.373262
0.265632
0.410955
0.470899
0.358663
0.446848
0.546342
0.423541
0.424870
0.501219
0.513816
0.519905
0.417046
0.363104
0.371629
0.473459
0.462763
0.390213
0.457451
0.458112
0.529640
0.607875
0.641439
0.602216
0.642023
0.643511
0.626202
0.801093
0.692575
0.740841
0.718277
0.734640
0.722726
0.729184
0.720972
0.695288
0.746806
0.832470
0.859527
0.845804
0.803267
0.794517
0.873118
0.890052
0.788447
0.893719
0.859159
0.786677
0.898211
0.849395
0.828061
0.744645
0.796502
0.763366
0.811860
0.804455
0.726056
0.676928
0.724761
0.656168
0.694261
0.714432
0.673220
0.584120
0.520115
0.684741
0.722531
0.517152
0.491413
0.473146
0.400506
0.458083
0.671607
0.634337
0.506656
0.380694
0.623572
0.624693
0.598881
0.488290
0.583172
0.558731
0.529899
0.467592
0.453698
0.444698
0.361585
0.299270
0.327170
0.343883
0.241333
0.243782
0.221576
0.255540
0.119580
0.048955
0.117922
0.158009
0.106776
0.073668
0.076641
-0.006756
-0.069425
-0.121817
-0.096442
-0.165406
-0.172692
-0.170296
-0.191429
-0.158313
-0.229526
-0.345990
-0.313413
-0.322499
-0.372186
-0.338087
-0.345551
-0.317939
-0.475279
-0.453832
-0.491864
-0.438218
-0.589336
-0.597269
-0.571879
-0.599483
-0.592995
-0.631109
-0.661165
-0.720959
-0.687886
-0.709404
-0.702715
-0.693613
-0.704513
-0.665896
-0.868156
-0.733332
-0.782983
-0.894229
-0.806349
-0.780279
-0.838948
-0.914828
-0.964443
-0.943998
-0.877378
-0.877711
-0.976137
-0.947296
-0.994948
-0.885899
-1.089680
-0.989534
-1.048308
-0.961266
-0.931165
-0.879315
-1.006543
-0.985575
-1.002394
-1.026104
-1.001816
-0.965907
-0.976999
-1.034123
-0.977515
-0.989919
-1.070744
-1.068675
-0.960059
-1.030400
-1.036498
-0.948443
-0.946734
-1.102794
-1.072030
-1.005131
-0.963934
-1.010616
-0.917795
-0.908365
-0.932171
-0.908876
-0.857123
-0.819433
-0.799594
-0.781693
-0.786898
-0.671281
-0.741434
-0.685007
-0.590619
-0.641181
-0.561898
-0.598515
-0.547681
-0.524391
-0.521876
-0.569638
-0.481339
-0.460217
-0.425611
-0.475626
-0.372620
-0.404711
-0.372958
-0.307752
-0.318494
-0.272801
-0.345774
-0.275038
-0.268951
-0.178366
-0.286189
-0.169787
-0.148929
-0.225299
-0.168962
-0.147160
-0.031088
-0.095974
-0.080931
-0.048735
0.018610
-0.059228
-0.061480
0.070521
-0.022506
-0.046665
-0.023852
0.042397
-0.004916
0.020658
-0.025911
0.020867
0.061740
0.118450
0.020293
0.134462
0.161485
0.158468
0.129364
0.125320
0.126247
0.109808
0.096623
0.207369
0.133789
0.005583
-0.004414
0.109077
0.123387
0.002820
0.029652
0.053158
0.017823
0.059791
0.116263
0.034029
0.015716
-0.000861
0.014649
-0.010852
0.013657
-0.049328
-0.170088
-0.067050
-0.164668
-0.112770
-0.081821
-0.162279
-0.124427
-0.276788
-0.119450
-0.195353
-0.108892
-0.228016
-0.176959
-0.271939
-0.213931
-0.317934
-0.278161
-0.348460
-0.454819
-0.450832
-0.376359
-0.335039
-0.459482
-0.452095
-0.413738
-0.318392
-0.386476
-0.364365
-0.368037
-0.358153
-0.389244
-0.324145
-0.364072
-0.361131
-0.445133
-0.406017
-0.455456
-0.404983
-0.544759
-0.546804
-0.508351
-0.444008
-0.479603
-0.559540
-0.577413
-0.477374
-0.547588
-0.509477
-0.551209
-0.554555
-0.565882
-0.515716
-0.580440
-0.605291
-0.600387
-0.583738
-0.687809
-0.624190
-0.600395
-0.667506
-0.659725
-0.563870
-0.699789
-0.760715
-0.680746
-0.571547
-0.716251
-0.726210
-0.750280
-0.663159
-0.699992
-0.691855
-0.668797
-0.791942
-0.714869
-0.720727
-0.701786
-0.702216
-0.721587
-0.769107
-0.732028
-0.725740
-0.758022
-0.747812
-0.684211
-0.740817
-0.691994
-0.787539
-0.691873
-0.771336
-0.725109
-0.738199
-0.612509
-0.759972
-0.766886
-0.682797
-0.727721
-0.752036
-0.768172
-0.660176
-0.683766
-0.788279
-0.662669
-0.692808
-0.665080
-0.785440
-0.663476
-0.618508
-0.698183
-0.679422
-0.694023
-0.720397
-0.669840
-0.643881
-0.681539
-0.670057
-0.700034
-0.620674
-0.652896
-0.616216
-0.676849
-0.576068
-0.639751
-0.660866
-0.608935
-0.573113
-0.605618
-0.613108
-0.514443
-0.577083
-0.561317
-0.575451
-0.531345
-0.591220
-0.571161
-0.468534
-0.520426
-0.559946
-0.475606
-0.506962
-0.551351
-0.557899
-0.467151
-0.538569
-0.507437
-0.446411
-0.480159
-0.523942
-0.442410
-0.501478
-0.439336
-0.490259
-0.456628
-0.439102
-0.419297
-0.376834
-0.440623
-0.468601
-0.441900
-0.386060
-0.448799
-0.436004
-0.382364
-0.441779
-0.474799
-0.368965
-0.404750
-0.409958
-0.441169
-0.484059
-0.364725
-0.404843
-0.346025
-0.435133
-0.372519
-0.400576
-0.458590
-0.403271
-0.361478
-0.348102
-0.511072
-0.520038
-0.431609
-0.338088
-0.441033
-0.473347
-0.398676
-0.426779
-0.424523
-0.483262
-0.385148
-0.418873
-0.497277
-0.446587
-0.398889
-0.368893
-0.510231
-0.480370
-0.447426
-0.410586
-0.530519
-0.480773
-0.409854
-0.473107
-0.553814
-0.545695
-0.450455
-0.515279
-0.504093
-0.458203
-0.450700
-0.530049
-0.569047
-0.468316
-0.517787
-0.493098
-0.550329
-0.479834
-0.448510
-0.541907
-0.580592
-0.598154
-0.466612
-0.521985
-0.599637
-0.591781
-0.501831
-0.519827
-0.608756
-0.661968
-0.546784
-0.554364
-0.674663
-0.583995
-0.619851
-0.635604
-0.678705
-0.630246
-0.635764
-0.627932
-0.652401
-0.692613
-0.669165
-0.633515
-0.678188
-0.692620
-0.635908
-0.732804
-0.741813
-0.616559
-0.701825
-0.802801
-0.776013
-0.691866
-0.708642
-0.768818
-0.845244
-0.734595
-0.644597
-0.769648
-0.780055
-0.714502
-0.750989
-0.811401
-0.730914
-0.697169
-0.733047
-0.807246
-0.784368
-0.749546
-0.790613
-0.799190
-0.741323
-0.706633
-0.759530
-0.748222
-0.745385
-0.745570
-0.764503
-0.797017
-0.813367
-0.763955
-0.704928
-0.788247
-0.859488
-0.815569
-0.824976
-0.844536
-0.802669
-0.832701
-0.853968
-0.920852
-0.894208
-0.845162
-0.889474
-0.907234
-0.886750
-0.852424
-0.832501
-0.951591
-0.861188
-0.868849
-0.886266
-0.915670
-0.961033
-0.891078
-0.942540
-0.968914
-0.967425
-0.893183
-0.935486
-0.987494
-1.015216
-0.980185
-0.891283
-0.915258
-0.959531
-0.939930
-0.933726
-0.954516
-0.901777
-0.955239
-0.958491
-0.962732
-0.982292
-0.922388
-0.889907
-0.852693
-0.951340
-0.950983
-0.965430
-0.864125
-0.903210
-0.937017
-0.927024
-0.836803
-0.882668
-0.971210
-0.796685
-0.899893
-0.853772
-0.884204
-0.830115
-0.914756
-0.926049
-0.863301
-0.843829
-0.810117
-0.865019
-0.882969
-0.892863
-0.883564
-0.837488
-0.874885
-0.767049
-0.871514
-0.797712
-0.870447
-0.784661
-0.812897
-0.720512
-0.875007
-0.796083
-0.786309
-0.722815
-0.809656
-0.806030
-0.806784
-0.725302
-0.720872
-0.750262
-0.795725
-0.754062
-0.809115
-0.737084
-0.731198
-0.706045
-0.787057
-0.739277
-0.604874
-0.683134
-0.748056
-0.732795
-0.649887
-0.695441
-0.728253
-0.684740
-0.655115
-0.697483
-0.732304
-0.597975
-0.691463
-0.637538
-0.712472
-0.710171
-0.639061
-0.639194
-0.644029
-0.675529
-0.684983
-0.676203
-0.615957
-0.623839
-0.650811
-0.688833
-0.613140
-0.626111
-0.607034
-0.643410
-0.594277
-0.633866
-0.600695
-0.617191
-0.609318
-0.601977
-0.596622
-0.577045
-0.551045
-0.513048
-0.599987
-0.636782
-0.579287
-0.509188
-0.557398
-0.591854
-0.643866
-0.576434
-0.523274
-0.585538
-0.577705
-0.551911
-0.588939
-0.562102
-0.609524
-0.537761
-0.487466
-0.568483
-0.586738
-0.583386
-0.501436
-0.525537
-0.562327
-0.546128
-0.608211
-0.577849
-0.535285
-0.540877
-0.592931
-0.607739
-0.555523
-0.577281
-0.594528
-0.563363
-0.545878
-0.540449
-0.608383
-0.527683
-0.617456
-0.521576
-0.524485
-0.592400
-0.635957
-0.574907
-0.508271
-0.588774
-0.545502
-0.610920
-0.600796
-0.601036
-0.545010
-0.548057
-0.534816
-0.531880
-0.506529
-0.509405
-0.550443
-0.555159
-0.490390
-0.531270
-0.524187
-0.591443
-0.567067
-0.477995
-0.513027
-0.572047
-0.644894
-0.483837
-0.562128
-0.499512
-0.572178
-0.640703
-0.595483
-0.491424
-0.548968
-0.620422
-0.498954
-0.575819
-0.558985
-0.559173
-0.510098
-0.575991
-0.634648
-0.546593
-0.611848
-0.562367
-0.570881
-0.521809
-0.627417
-0.526645
-0.603243
-0.598512
-0.518307
-0.547853
-0.595931
-0.562586
-0.534193
-0.543747
-0.670497
-0.527740
-0.573423
-0.609013
-0.606530
-0.534403
-0.572091
-0.604864
-0.618404
-0.550436
-0.623194
-0.596684
-0.578699
-0.586006
-0.567935
-0.544042
-0.605339
-0.603244
-0.557868
-0.560033
-0.648062
-0.610976
-0.624229
-0.614637
-0.559539
-0.663841
-0.631299
-0.661573
-0.529460
-0.646332
-0.623077
-0.573399
-0.636672
-0.610024
-0.605723
-0.596897
-0.639449
-0.604672
-0.616116
-0.590191
-0.581351
-0.591475
-0.568012
-0.538080
-0.611562
-0.541184
-0.585883
-0.581351
-0.659884
-0.640636
-0.501339
-0.628016
-0.668223
-0.680065
-0.631112
-0.645140
-0.607697
-0.606076
-0.619221
-0.647622
-0.578666
-0.576769
-0.573179
-0.580337
-0.650113
-0.644030
-0.587340
-0.606124
-0.611858
-0.642631
-0.569338
-0.644624
-0.609013
-0.583223
-0.658953
-0.608788
-0.626751
-0.601367
-0.705310
-0.583753
-0.641791
-0.591981
-0.640566
-0.672201
-0.628530
-0.661291
-0.603381
-0.697172
-0.608149
-0.641972
-0.621584
-0.658930
-0.621286
-0.652033
-0.644261
-0.598854
-0.631291
-0.651174
-0.617420
-0.625155
-0.593871
-0.620250
-0.622106
-0.583847
-0.693965
-0.617004
-0.603027
-0.614482
-0.621001
-0.661589
-0.569384
-0.673212
-0.669348
-0.572694
-0.583315
-0.650137
-0.621101
-0.581206
-0.593128
-0.642910
-0.622762
-0.679539
-0.533846
-0.607468
-0.523985
-0.652733
-0.608442
-0.616265
-0.490504
-0.569357
-0.642046
-0.567720
-0.553327
-0.574708
-0.603109
-0.561991
-0.591294
-0.546379
-0.601432
-0.611240
-0.528432
-0.476714
-0.597728
-0.582969
-0.607876
-0.535299
-0.525076
-0.524410
-0.617603
-0.567165
-0.535282
-0.517223
-0.512780
-0.539045
-0.629065
-0.481876
-0.524982
-0.518470
-0.579954
-0.526298
-0.501830
-0.482172
-0.492842
-0.568621
-0.510458
-0.465235
-0.480903
-0.480547
-0.506498
-0.493573
-0.531754
-0.488148
-0.434917
-0.443787
-0.550505
-0.455845
-0.426822
-0.488934
-0.473600
-0.390337
-0.489074
-0.521724
-0.444189
-0.448749
-0.463083
-0.458657
-0.464312
-0.511726
-0.423265
-0.439959
-0.405625
-0.462871
-0.424115
-0.415682
-0.451213
-0.446365
-0.436609
-0.416215
-0.442357
-0.401111
-0.417818
-0.358118
-0.405096
-0.500158
-0.308435
-0.442482
-0.451845
-0.387423
-0.318282
-0.460951
-0.385688
-0.380830
-0.337039
-0.364901
-0.444895
-0.309893
-0.364472
-0.352178
-0.381166
-0.376003
-0.357780
-0.376712
-0.405130
-0.339430
-0.339655
-0.357461
-0.421219
-0.365308
-0.380372
-0.353635
-0.412164
-0.364969
-0.415645
-0.371895
-0.324661
-0.394749
-0.444066
-0.357012
-0.341768
-0.403950
-0.314646
-0.285455
-0.404194
-0.402285
-0.397924
-0.333545
-0.349490
-0.389927
-0.416377
-0.381089
-0.354209
-0.447494
-0.349969
-0.377579
-0.372618
-0.442763
-0.354070
-0.311155
-0.398508
-0.366702
-0.470992
-0.375107
-0.419526
-0.362036
-0.413498
-0.367357
-0.451537
-0.424262
-0.336931
-0.452992
-0.425663
-0.447490
-0.338622
-0.484930
-0.437362
-0.349110
-0.457395
-0.410838
-0.494067
-0.359072
-0.415957
-0.427747
-0.425907
-0.428886
-0.473459
-0.473642
-0.372281
-0.505180
-0.402834
-0.497840
-0.392915
-0.439701
-0.491159
-0.475734
-0.440017
-0.467482
-0.448950
-0.427455
-0.420714
-0.439175
-0.529297
-0.417439
-0.477319
-0.474641
-0.432249
-0.484894
-0.479348
-0.421234
-0.438318
-0.473669
-0.481503
-0.459574
-0.452979
-0.416718
-0.457104
-0.393899
-0.440089
-0.483514
-0.506400
-0.424929
-0.421184
-0.492663
-0.460907
-0.451866
-0.462252
-0.465820
-0.505501
-0.444196
-0.470115
-0.480594
-0.448455
-0.431699
-0.489404
-0.440288
-0.409780
-0.436078
-0.495834
-0.428398
-0.445115
-0.490626
-0.409861
-0.479775
-0.469421
-0.466120
-0.420454
-0.473302
-0.452461
-0.409438
-0.468272
-0.510516
-0.403869
-0.411355
-0.477988
-0.488293
-0.416214
-0.466269
-0.448817
-0.434115
-0.464368
-0.498380
-0.467602
-0.523525
-0.446670
-0.410301
-0.491657
-0.523012
-0.413543
-0.481561
-0.538896
-0.442362
-0.422409
-0.418194
-0.530252
-0.458376
-0.477725
-0.406888
-0.506057
-0.482470
-0.464098
-0.467466
-0.437451
-0.467844
-0.436496
-0.445357
-0.408200
-0.414302
-0.437667
-0.441907
-0.447052
-0.461282
-0.355353
-0.399048
-0.426894
-0.480289
-0.450106
-0.429509
-0.369066
-0.439012
-0.430824
-0.414106
-0.454363
-0.437956
-0.386793
-0.357906
-0.441548
-0.470071
-0.427159
-0.432916
-0.407529
-0.427328
-0.394231
-0.425319
-0.461745
-0.438618
-0.385930
-0.379129
-0.452246
-0.472325
-0.320034
-0.386877
-0.405110
-0.400609
-0.457684
-0.377924
-0.399710
-0.377237
-0.432296
-0.354622
-0.445286
-0.463039
-0.432275
-0.353326
-0.435613
-0.363208
-0.406123
-0.406342
-0.465896
-0.375692
-0.377431
-0.334380
-0.418509
-0.493636
-0.422495
-0.348092
-0.393906
-0.464377
-0.416653
-0.388476
-0.430200
-0.424713
-0.416047
-0.451220
-0.531335
-0.391221
-0.398033
-0.448727
-0.464970
-0.515696
-0.459990
-0.415170
-0.522914
-0.569673
-0.470552
-0.475174
-0.516490
-0.443978
-0.476207
-0.511254
-0.575803
-0.497376
-0.511950
-0.453909
-0.524159
-0.595084
-0.505403
-0.553691
-0.486238
-0.556611
-0.574500
-0.505784
-0.563749
-0.599761
-0.531937
-0.465904
-0.655244
-0.575681
-0.543849
-0.506911
-0.622678
-0.601033
-0.602474
-0.541333
-0.596914
-0.588546
-0.561052
-0.553398
-0.603097
-0.625022
-0.551182
-0.608877
-0.580888
-0.597620
-0.525744
-0.613817
-0.559346
-0.573435
-0.650172
-0.627596
-0.602432
-0.620439
-0.564143
-0.534427
-0.630658
-0.624351
-0.641790
-0.536708
-0.620661
-0.572552
-0.610452
-0.669326
-0.567659
-0.713626
-0.708652
-0.724047
-0.697536
-0.701828
-0.731807
-0.690757
-0.746010
-0.753102
-0.673140
-0.644480
-0.633848
-0.681011
-0.631894
-0.599870
-0.598058
-0.667413
-0.631720
-0.607758
-0.647709
-0.661802
-0.650080
-0.739953
-0.717907
-0.683159
-0.772756
-0.807399
-0.757073
-0.636394
-0.711366
-0.611732
-0.765021
-0.657789
-0.716779
-0.624448
-0.703511
-0.664639
-0.610445
-0.666378
-0.752356
-0.730434
-0.695407
-0.736390
-0.771268
-0.715371
-0.708484
-0.776092
-0.741794
-0.726800
-0.732640
-0.746993
-0.697333
-0.677873
-0.734850
-0.799914
-0.675197
-0.721308
-0.750230
-0.892074
-0.811567
-0.758462
-0.846486
-0.800975
-0.816686
-0.832596
-0.822323
-0.782807
-0.723913
-0.822939
-0.777143
-0.831284
-0.766631
-0.772019
-0.757622
-0.856490
-0.860155
-0.900183
-0.863505
-0.818717
-0.883168
-0.798702
-0.914023
-0.881640
-0.883077
-0.729551
-0.809284
-0.823398
-0.734940
-0.842699
-0.733654
-0.789313
-0.803049
-0.837716
-0.798948
-0.802047
-0.817457
-0.843703
-0.880832
-0.819102
-0.847387
-0.889040
-0.932911
-0.856377
-0.732374
-0.776993
-0.807007
-0.867582
-0.762375
-0.848244
-0.878561
-0.842264
-0.842247
-0.767945
-0.746930
-0.787981
-0.920826
-0.913698
-0.923452
-0.737594
-0.763864
-0.826473
-0.875803
-0.874943
-0.892690
-0.939007
-0.934932
-0.919039
-0.884288
-0.901905
-0.826195
-0.953637
-0.882565
-0.932971
-0.870144
-0.924905
-0.854493
-0.770382
-0.773388
-0.779068
-0.685345
-0.654987
-0.802401
-0.919015
-0.888858
-0.691810
-0.764028
-0.863317
-0.866910
-0.894365
-0.922131
-0.995052
-0.906880
-0.907296
-0.855740
-0.892920
-0.848919
-0.827922
-0.896032
-0.893803
-1.023439
-0.829758
-0.892385
-0.892509
-0.916506
-0.880538
-0.833349
-0.973148
-0.766791
-0.867098
-0.795616
-0.870449
-0.802431
-0.706858
-0.731399
-0.738661
-0.791985
-0.722871
-0.772892
-0.677302
-0.738546
-0.733425
-0.643907
-0.800928
-0.729560
-0.686273
-0.707282
-0.773623
-0.749688
-0.683291
-0.748794
-0.744870
-0.659242
-0.723749
-0.760816
-0.667961
-0.657558
-0.660253
-0.723021
-0.713083
-0.633674
-0.704275
-0.650314
-0.701042
-0.693915
-0.648943
-0.639526
-0.653391
-0.708411
-0.702727
-0.701746
-0.621816
-0.673569
-0.675902
-0.625669
-0.612555
-0.514532
-0.610132
-0.588712
-0.564210
-0.557691
-0.607121
-0.518650
-0.505118
-0.588685
-0.550131
-0.519911
-0.490418
-0.506110
-0.510036
-0.491023
-0.523481
-0.509992
-0.490514
-0.497537
-0.445055
-0.566892
-0.506142
-0.565619
-0.377870
-0.608129
-0.553677
-0.609560
-0.441572
-0.583567
-0.534549
-0.641618
-0.642756
-0.531332
-0.630568
-0.593907
-0.668349
-0.558190
-0.740969
-0.616517
-0.562262
-0.685869
-0.714844
-0.691265
-0.639119
-0.668124
-0.646452
-0.658288
-0.643332
-0.724804
-0.666589
-0.724107
-0.674471
-0.663418
-0.727644
-0.764360
-0.688427
-0.730172
-0.734393
-0.879707
-0.732786
-0.888401
-0.813994
-0.779247
-0.818518
-0.917769
-0.910862
-0.945538
-0.836853
-0.923310
-0.922654
-0.975998
-0.921515
-0.950048
-0.957346
-1.040529
-0.955210
-1.046701
-1.024867
-1.005926
-1.027778
-1.128968
-1.094016
-1.153108
-1.189360
-1.021935
-1.150355
-1.202434
-1.220337
-1.180765
-1.103937
-1.211952
-1.115925
-1.128906
-1.159630
-1.221598
-1.077413
-1.043699
-1.164665
-1.248019
-1.143418
-1.152437
-1.158573
-1.062337
-1.223844
-1.136448
-1.171033
-1.176015
-1.115978
-1.037468
-1.117466
-1.189118
-1.106317
-0.996321
-1.126336
-1.091447
-1.107800
-0.985548
-1.045844
-0.987735
-0.992062
-1.032458
-0.925044
-1.011315
-0.913528
-1.006385
-0.864122
-1.017011
-0.932484
-0.926293
-0.898376
-0.930605
-0.935619
-0.918879
-0.941809
-0.940360
-0.965533
-0.951220
-0.859558
-0.990559
-1.063385
-0.898153
-0.899924
-1.011809
-1.055118
-0.958244
-0.849262
-0.931200
-1.039768
-0.923203
-0.945304
-0.819692
-0.903627
-0.956074
-0.910955
-0.861096
-0.882597
-0.935208
-0.815976
-0.827942
-0.942989
-0.831745
-0.856642
-0.857804
-0.934557
-0.861493
-0.913236
-0.896195
-0.979382
-0.947319
-0.806973
-1.001671
-1.106469
-1.030263
-0.880636
-0.962486
-1.062945
-1.048496
-1.078185
-1.068625
-1.155724
-1.126744
-1.210474
-1.243338
-1.301679
-1.258725
-1.420229
-1.469400
-1.461441
-1.473853
-1.538159
-1.572287
-1.590700
-1.541022
-1.663240
-1.592221
-1.523943
-1.566618
-1.574796
-1.634768
-1.665482
-1.674728
-1.559028
-1.616427
-1.650997
-1.760632
-1.680711
-1.763325
-1.730508
-1.751771
-1.775541
-1.801905
-1.800711
-1.797772
-1.733320
-1.740772
-1.859062
-1.784059
-1.765423
-1.783874
-1.796000
-1.775917
-1.806859
-1.776238
-1.844760
-1.778062
-1.878859
-1.792780
-1.871750
-1.899258
-1.879645
-1.841825
-1.822137
-1.901339
-1.863543
-1.867998
-1.884406
-1.883495
-1.806547
-1.856749
-1.819559
-1.737685
-1.830213
-1.740724
-1.773619
-1.861782
-1.763345
-1.634079
-1.768441
-1.751544
-1.636559
-1.617413
-1.739012
-1.565428
-1.592497
-1.564705
-1.676756
-1.576345
-1.489278
-1.535962
-1.594577
-1.636993
-1.581264
-1.539967
-1.578529
-1.614511
-1.617356
-1.652136
-1.583681
-1.636818
-1.610594
-1.701573
-1.688834
-1.691240
-1.621567
-1.680589
-1.573073
-1.624387
-1.679356
-1.673296
-1.693546
-1.701882
-1.643390
-1.756225
-1.734617
-1.888660
-1.726308
-1.827444
-1.786002
-1.839452
-1.890714
-1.884970
-1.800514
-1.801520
-1.871331
-1.806510
-1.823450
-1.787474
-1.831220
-1.815422
-1.919222
-1.856367
-1.841264
-1.924049
-1.975612
-1.916112
-1.933608
-2.086551
-1.990011
-2.038929
-1.997504
-2.090037
-2.052126
-2.029348
-2.084412
-2.039650
-2.082251
-2.124182
-2.182153
-2.121385
-2.189115
-2.100011
-2.242284
-2.239780
-2.325346
-2.264840
-2.187591
-2.150476
-2.282748
-2.218960
-2.221911
-2.129156
-2.110821
-2.082177
-2.105947
-1.985472
-1.973311
-1.966134
-2.079125
-2.013291
-2.022477
-2.060644
-2.134070
-2.128689
-2.155738
-2.257027
-2.212898
-2.206003
-2.161191
-2.403686
-2.333905
-2.404672
-2.271877
-2.342093
-2.339841
-2.352328
-2.357449
-2.448183
-2.324474
-2.315193
-2.432439
-2.417119
-2.371468
-2.284854
-2.394113
-2.428098
-2.461557
-2.392202
-2.443896
-2.376638
-2.270604
-2.357040
-2.358236
-2.318488
-2.149628
-2.238125
-2.161378
-2.189454
-2.192359
-2.151215
-2.102383
-1.984509
-2.031612
-1.929951
-2.049884
-1.948206
-1.918746
-1.815091
-2.033061
-1.837760
-1.799076
-1.764340
-1.817561
-1.802779
-1.759641
-1.881727
-1.809660
-1.757352
-1.725876
-1.812937
-1.887864
-1.824181
-1.654306
-1.897425
-1.976974
-1.923793
-1.906925
-2.019739
-2.045313
-1.991754
-2.167522
-2.230021
-2.370405
-2.444492
-2.564841
-2.648219
-2.786599
-2.940671
-3.060454
-3.225658
-3.380110
-3.439273
-3.586454
-3.770938
-3.941019
-4.138302
-4.146008
-4.344514
-4.472205
-4.737614
-4.769909
-4.940010
-5.176976
-5.388209
-5.530971
-5.694446
-5.958406
-6.166447
-6.342669
-6.438595
-6.845395
-7.067129
-7.157670
-7.386787
-7.772412
-7.946954
-8.049112
-8.294643
-8.692907
-8.877953
-9.037385
-9.328255
-9.591261
-9.789699
-10.004194
-10.249189
-10.525838
-10.755839
-10.939167
-11.133626
-11.502179
-11.722795
-11.886985
-12.218595
-12.450582
-12.805032
-13.004393
-13.348838
-13.587083
-13.819078
-14.115359
-14.446439
-14.626386
-14.970211
-15.211372
-15.396821
-15.714116
-15.951577
-16.227882
-16.422512
-16.635740
-16.909624
-17.165674
-17.428129
-17.709093
-17.897211
-18.144428
-18.432669
-18.760218
-18.970642
-19.092600
-19.405489
-19.702454
-19.902761
-20.040215
-20.400927
-20.513288
-20.701139
-21.109879
-21.222683
-21.422167
-21.662266
-21.984619
-22.193668
-22.451113
-22.671679
-22.855961
-23.134987
-23.387449
-23.600275
-23.709259
-23.999067
-24.056326
-24.343994
-24.595932
-24.620934
-24.854744
-25.075613
-25.283394
-25.503750
-25.649612
-25.938612
-26.207861
-26.400955
-26.630789
-26.911827
-26.994179
-27.151663
-27.437864
-27.657866
-27.872801
-28.019068
-28.141972
-28.314352
-28.606268
-28.774101
-28.856224
-29.142239
-29.318752
-29.498697
-29.888380
-30.051020
-30.324974
-30.516115
-30.822052
-31.054813
-31.252462
-31.530058
-31.789635
-31.889605
-32.079445
-32.442787
-32.669388
-32.842922
-33.094078
-33.240360
-33.551609
-33.882130
-34.171688
-34.361198
-34.611206
-34.874012
-35.154243
-35.395634
-35.793724
-36.059387
-36.149971
-36.390324
-36.742157
-37.069073
-37.075432
-37.377491
-37.694443
-37.973476
-38.069893
-38.329159
-38.579273
-38.817539
-39.133335
-39.336639
-39.576439
-39.711880
-39.980896
-40.173336
-40.433613
-40.730881
-40.814686
-41.030163
-41.182869
-41.491089
-41.618134
-41.849083
-42.087318
-42.116089
-42.411922
-42.692459
-42.871983
-42.996326
-43.202862
-43.440220
-43.451019
-43.780300
-43.972321
-44.118187
-44.182926
-44.415150
-44.635571
-44.667072
-44.898308
-45.065571
-45.203327
-45.366241
-45.546333
-45.616531
-45.847519
-45.988136
-46.116650
-46.360958
-46.505600
-46.499493
-46.482986
-46.941513
-46.978611
-47.053055
-47.091557
-47.369026
-47.385841
-47.626163
-47.710968
-47.783913
-48.041134
-48.061180
-48.185028
-48.326744
-48.517849
-48.594360
-48.610676
-48.787933
-48.764561
-49.039700
-48.994946
-49.183933
-49.203922
-49.343925
-49.452759
-49.465904
-49.553627
-49.627441
-49.755737
-49.704037
-49.829533
-49.921856
-50.013672
-49.993099
-50.077183
-50.223019
-50.309776
-50.303158
-50.408215
-50.602589
-50.650002
-50.736660
-50.843719
-50.983295
-51.041382
-51.081150
-51.243824
-51.326660
-51.355141
-51.405014
-51.554565
-51.740116
-51.808331
-51.938236
-51.975010
-52.090294
-52.166508
-52.362614
-52.438690
-52.555931
-52.662601
-52.678577
-52.846817
-52.872322
-53.113396
-53.102554
-53.145008
-53.295059
-53.466789
-53.692577
-53.619987
-53.696411
-53.679482
-53.862003
-54.010715
-54.142315
-54.097958
-54.307217
-54.421249
-54.489044
-54.647030
-54.714947
-54.805954
-54.953957
-55.059338
-55.372883
-55.467766
-55.511772
-55.532505
-55.779736
-55.737415
-55.874298
-56.054688
-56.233791
-56.299614
-56.372364
-56.599323
-56.732388
-56.711246
-56.820763
-56.971920
-57.239628
-57.269634
-57.416725
-57.435284
-57.716763
-57.704021
-57.799793
-57.978661
-58.093452
-58.111191
-58.185638
-58.419441
-58.487606
-58.473003
-58.507980
-58.823410
-58.787994
-58.836594
-58.842091
-59.150265
-59.100464
-59.099159
-59.223221
-59.320763
-59.412018
-59.303322
-59.491245
-59.586063
-59.577679
-59.517056
-59.723476
-59.766945
-59.687077
-59.770027
-59.821686
-59.921124
-59.921734
-59.892921
-59.997124
-60.001366
-60.097031
-60.089012
-60.145969
-60.208916
-60.209095
-60.194496
-60.250469
-60.277920
-60.251720
-60.386520
-60.326721
-60.343040
-60.236797
-60.280540
-60.411747
-60.303112
-60.282181
-60.358688
-60.339180
-60.373810
-60.337456
-60.425167
-60.300613
-60.353333
-60.411545
-60.339169
-60.382561
-60.319294
-60.365837
-60.302902
-60.357708
-60.355434
-60.305290
-60.261223
-60.347424
-60.286461
-60.240494
-60.428226
-60.343704
-60.306736
-60.357868
-60.341228
-60.276108
-60.381691
-60.412380
-60.425472
-60.447166
-60.477978
-60.417824
-60.380806
-60.555428
-60.596947
-60.449959
-60.519829
-60.867725
-60.756245
-60.671352
-60.844650
-60.846012
-60.746151
-60.829018
-60.897266
-60.846710
-60.856724
-60.831718
-60.750160
-60.774349
-60.910606
-61.064671
-61.046787
-61.120716
-61.105259
-61.178661
-61.226479
-61.203465
-61.310688
-61.397682
-61.374001
-61.367432
-61.428188
-61.422630
-61.421082
-61.372311
-61.435020
-61.539959
-61.571789
-61.570473
-61.592228
-61.639641
-61.705173
-61.727245
-61.850132
-61.976875
-61.904915
-61.861923
-61.942139
-62.030132
-62.086475
-62.027065
-62.047325
-62.264526
-62.146500
-62.072933
-62.124249
-62.327522
-62.263954
-62.293133
-62.394661
-62.524590
-62.604950
-62.385387
-62.568329
-62.683361
-62.705906
-62.526211
-62.698311
-62.756054
-62.739601
-62.752926
-62.829727
-62.896473
-62.840637
-62.798180
-62.852554
-63.120262
-63.023182
-62.958874
-63.110519
-63.265499
-63.206615
-63.070667
-63.310791
-63.286957
-63.141171
-63.218540
-63.349163
-63.376080
-63.288300
-63.395107
-63.276329
-63.252918
-63.372349
-63.399189
-63.419304
-63.371590
-63.502403
-63.448570
-63.488350
-63.503040
-63.534496
-63.555786
-63.526768
-63.489006
-63.655819
-63.746902
-63.652119
-63.637852
-63.583260
-63.781384
-63.711121
-63.668007
-63.807697
-63.750340
-63.843990
-63.702209
-63.867405
-63.821098
-63.816185
-63.705750
-63.873760
-64.066956
-63.810829
-63.789757
-63.787025
-63.856812
-63.780865
-63.707535
-63.932331
-63.748032
-63.818188
-63.773914
-63.794197
-63.714607
-63.630939
-63.688541
-63.537167
-63.728695
-63.609169
-63.505547
-63.570831
-63.690235
-63.557064
-63.479797
-63.494736
-63.490284
-63.394863
-63.501530
-63.530174
-63.472931
-63.347252
-63.435619
-63.482185
-63.440411
-63.340813
-63.305645
-63.407616
-63.466358
-63.345325
-63.295391
-63.447105
-63.375301
-63.376289
-63.195843
-63.210365
-63.255726
-63.295872
-63.241302
-63.237850
-63.160397
-63.065773
-62.981167
-63.138222
-63.134918
-63.051403
-63.015396
-62.920750
-62.897949
-63.130402
-63.071758
-62.871956
-62.913219
-63.012756
-63.057812
-62.910992
-62.948071
-62.859295
-63.081203
-63.016346
-63.061584
-62.973358
-63.193562
-63.074955
-62.914352
-63.081299
-63.143894
-63.183960
-63.003918
-63.115959
-63.107376
-63.077168
-63.070381
-62.885113
-62.997025
-63.058178
-62.966217
-62.862324
-63.042892
-62.987484
-62.839401
-62.805126
-62.835964
-62.954933
-62.917908
-63.037739
-62.857716
-62.915558
-62.944504
-62.915257
-62.902420
-62.840008
-62.912766
-62.853642
-62.959801
-63.052013
-62.988106
-62.911976
-62.996113
-63.059807
-63.003815
-63.066334
-63.029083
-63.119358
-63.233940
-63.166058
-63.192825
-63.026054
-63.152481
-63.274246
-63.328606
-63.163944
-63.281872
-63.370739
-63.312595
-63.361404
-63.318245
-63.424053
-63.429886
-63.449303
-63.447437
-63.492050
-63.464130
-63.483589
-63.471680
-63.572014
-63.597057
-63.559467
-63.536667
-63.577808
-63.660549
-63.461258
-63.509041
-63.624142
-63.665977
-63.448719
-63.595966
-63.712009
-63.543343
-63.435883
-63.479698
-63.657661
-63.691849
-63.472683
-63.513912
-63.747898
-63.784565
-63.627728
-63.603111
-63.857498
-63.811527
-63.792408
-63.817818
-63.990009
-63.811825
-63.769478
-63.977661
-63.949795
-63.986603
-63.904999
-63.930027
-63.982964
-63.951939
-63.984035
-63.911572
-64.028862
-63.999043
-64.047203
-63.923111
-64.034424
-64.074234
-63.825268
-64.012749
-63.963535
-64.036667
-63.861568
-63.865765
-64.006683
-63.966232
-63.893665
-63.854736
-63.980984
-63.888092
-63.888229
-63.934174
-63.803520
-63.957729
-63.895153
-63.947071
-64.039246
-64.064690
-63.875767
-63.797131
-63.891380
-64.010696
-63.926338
-63.995396
-63.936279
-63.858982
-63.802963
-63.895416
-63.959717
-63.910412
-63.933132
-63.924088
-63.980263
-63.970402
-63.875027
-63.867893
-63.997948
-64.082909
-63.897167
-63.741940
-63.859669
-64.260231
-63.939625
-63.787354
-63.842747
-64.076561
-63.808517
-63.703773
-63.878143
-63.890694
-63.848190
-63.782085
-63.822384
-63.716419
-63.548195
-63.667923
-63.767857
-63.697685
-63.548901
-63.567909
-63.697292
-63.695122
-63.628674
-63.614433
-63.740524
-63.751125
-63.674644
-63.639587
-63.794865
-63.868534
-63.711582
-63.683559
-63.650780
-63.790821
-63.550682
-63.514149
-63.719017
-63.670067
-63.531662
-63.520885
-63.631134
-63.615910
-63.583199
-63.586327
-63.632408
-63.585602
-63.597198
-63.697468
-63.671169
-63.696617
-63.560959
-63.602837
-63.581474
-63.736393
-63.502666
-63.651318
-63.564919
-63.654934
-63.551426
-63.469761
-63.674110
-63.614281
-63.470745
-63.445057
-63.603977
-63.630116
-63.487064
-63.328236
-63.406822
-63.460155
-63.382599
-63.345795
-63.398052
-63.489838
-63.357292
-63.255001
-63.293873
-63.393188
-63.295090
-63.192345
-63.243538
-63.249088
-63.118065
-63.189598
-63.057808
-63.053326
-62.893463
-63.032776
-63.045708
-62.869961
-62.846073
-62.872707
-62.747849
-62.719368
-62.877033
-62.603119
-62.589996
-62.666237
-62.672157
-62.320805
-62.367134
-62.379715
-62.353088
-62.071575
-62.217129
-62.046310
-61.922543
-61.883839
-61.904629
-61.757954
-61.667694
-61.621643
-61.351902
-61.376667
-61.316799
-61.302547
-60.947399
-60.858829
-60.736912
-60.652763
-60.439754
-60.578983
-60.210781
-59.994946
-60.011681
-60.080570
-59.863071
-59.574459
-59.750668
-59.570461
-59.499401
-59.391945
-59.288467
-59.161594
-59.089272
-59.008396
-58.860432
-58.606861
-58.647381
-58.485851
-58.453602
-58.229977
-58.222061
-58.214691
-58.181950
-58.051704
-57.983490
-57.827457
-57.954060
-57.854698
-57.744057
-57.641476
-57.676662
-57.700356
-57.533821
-57.550346
-57.435699
-57.453674
-57.391823
-57.498772
-57.378716
-57.407070
-57.368191
-57.465321
-57.424545
-57.379879
-57.487583
-57.427410
-57.447491
-57.437374
-57.635120
-57.513332
-57.535465
-57.514786
-57.743935
-57.733154
-57.627636
-57.678051
-57.899994
-57.902885
-57.924004
-57.938477
-58.114117
-58.082027
-58.067940
-58.243885
-58.217464
-58.336628
-58.292137
-58.435055
-58.410397
-58.621799
-58.627399
-58.585373
-58.658661
-58.739208
-58.849834
-58.743931
-58.994442
-58.998211
-58.878998
-58.985775
-59.197510
-59.130493
-58.988682
-59.223202
-59.410549
-59.203693
-59.119560
-59.327541
-59.479809
-59.223076
-59.304047
-59.405476
-59.392456
-59.237682
-59.191200
-59.526241
-59.378387
-59.389248
-59.166557
-59.348301
-59.154877
-59.238251
-59.204708
-59.242882
-59.116028
-58.978912
-59.073795
-58.960464
-58.860840
-58.812206
-58.763367
-58.746220
-58.545734
-58.615627
-58.474438
-58.389450
-58.239819
-58.311275
-58.114502
-57.919991
-57.942932
-57.866035
-57.755829
-57.685539
-57.543327
-57.408752
-57.369541
-57.300438
-57.136189
-57.041592
-57.002148
-56.976624
-56.751919
-56.744236
-56.596664
-56.535778
-56.264858
-56.384892
-56.319588
-56.097744
-56.021893
-55.868195
-55.930344
-55.681301
-55.673580
-55.580883
-55.508453
-55.456501
-55.138977
-55.218658
-55.206856
-55.118458
-54.920525
-54.913296
-54.980450
-54.696301
-54.613972
-54.675838
-54.691856
-54.502522
-54.343998
-54.489986
-54.483391
-54.238251
-54.163177
-54.195473
-54.304260
-54.135227
-53.929291
-54.041439
-53.999504
-54.015476
-53.845181
-53.851547
-53.769882
-53.831959
-53.745644
-53.770077
-53.771484
-53.759102
-53.693150
-53.621906
-53.769169
-53.658684
-53.676701
-53.628342
-53.774475
-53.647339
-53.741020
-53.694649
-53.698334
-53.624947
-53.743252
-53.690575
-53.864986
-53.841621
-53.850994
-53.829910
-53.880501
-53.859150
-53.846287
-53.847622
-53.945847
-54.040844
-54.036499
-54.042660
-54.034702
-53.939434
-54.076218
-54.060726
-54.258278
-54.204712
-54.095341
-54.216122
-54.278103
-54.288204
-54.112049
-54.266586
-54.325249
-54.213249
-54.349823
-54.475742
-54.424599
-54.358681
-54.492207
-54.428448
-54.459305
-54.586105
-54.535805
-54.550125
-54.458244
-54.728123
-54.587029
-54.546642
-54.535084
-54.564285
-54.640743
-54.499825
-54.466114
-54.543087
-54.569633
-54.533398
-54.430614
-54.604488
-54.703087
-54.400417
-54.386860
-54.546127
-54.605907
-54.395569
-54.485371
-54.435810
-54.381649
-54.296837
-54.334923
-54.181450
-54.235649
-54.243595
-54.012207
-54.048550
-54.038929
-53.908596
-53.905964
-53.772266
-53.762745
-53.594547
-53.568542
-53.464001
-53.457642
-53.241531
-53.067566
-53.032627
-53.007446
-52.897781
-52.616776
-52.545746
-52.565586
-52.457451
-52.134121
-51.975056
-52.106628
-51.921013
-51.797710
-51.558285
-51.594093
-51.390354
-51.158443
-51.024002
-51.009304
-50.905396
-50.632706
-50.586597
-50.408810
-50.304203
-50.087822
-50.106136
-49.951283
-49.718117
-49.650024
-49.619255
-49.480988
-49.463940
-49.257233
-49.194458
-49.103252
-49.121853
-48.980145
-48.922955
-48.969326
-48.895416
-48.785301
-48.800091
-48.772442
-48.681011
-48.604076
-48.586384
-48.664410
-48.581657
-48.645115
-48.569839
-48.526546
-48.462147
-48.478573
-48.602913
-48.451473
-48.403767
-48.493599
-48.578667
-48.536640
-48.516968
-48.554375
-48.641346
-48.652901
-48.732750
-48.684460
-48.812786
-48.775429
-48.915806
-48.912411
-48.974972
-48.923195
-48.799038
-49.038540
-49.205833
-48.938301
-49.030827
-49.166805
-49.287239
-49.158958
-49.310169
-49.219353
-49.348835
-49.309246
-49.251907
-49.338081
-49.477310
-49.357403
-49.241829
-49.571480
-49.487312
-49.364151
-49.311409
-49.256954
-49.345249
-49.327908
-49.385342
-49.290665
-49.265713
-49.366955
-49.213604
-49.289474
-49.291832
-49.099442
-48.879139
-49.021889
-49.022919
-48.882885
-48.772488
-48.703682
-48.558006
-48.431625
-48.422745
-48.434925
-48.310513
-48.172565
-47.966480
-47.991917
-48.185417
-47.955723
-47.651688
-47.462860
-47.801895
-47.731178
-47.594456
-47.680813
-47.674686
-47.485939
-47.103840
-47.254589
-47.490517
-47.334625
-47.166340
-47.207001
-47.368595
-47.149475
-47.035378
-46.536674
-46.721394
-46.969612
-46.956009
-46.676811
-46.539314
-46.614712
-46.292290
-46.331936
-46.473038
-46.603935
-46.721611
-46.372639
-46.297039
-46.226265
-46.387440
-46.062168
-46.512310
-46.454712
-46.198437
-46.216930
-46.110977
-46.291897
-46.241669
-46.031456
-45.852100
-45.866863
-46.148151
-46.273331
-46.483818
-46.303780
-46.119965
-45.902954
-45.856075
-46.084759
-46.629608
-46.552761
-46.066975
-45.909733
-45.979675
-45.958286
-45.757740
-45.707829
-45.934456
-45.503841
-45.282230
-45.330261
-45.395287
-44.755463
-44.712147
-44.924252
-45.114502
-44.998428
-44.876404
-45.201729
-45.559406
-45.448689
-45.391510
-45.615250
-45.794407
-45.549446
-45.455070
-45.570580
-45.528492
-45.275097
-45.093597
-44.779408
-44.902458
-45.116848
-45.078526
-45.202244
-45.363884
-45.285324
-45.083984
-44.917648
-45.300873
-45.459614
-45.538685
-45.159557
-44.911636
-44.919289
-44.766617
-44.431839
-44.549011
-44.407269
-44.308517
-44.129147
-44.285381
-44.394520
-44.141014
-43.942684
-44.328140
-44.265457
-44.246861
-44.331177
-44.397617
-43.921726
-44.087582
-44.425705
-44.344189
-44.162106
-44.023212
-43.946217
-43.854736
-43.906658
-44.170376
-43.886055
-43.811104
-43.593357
-43.944580
-43.850624
-43.767811
-43.712811
-43.515381
-43.364391
-43.449043
-43.253246
-42.958965
-43.053974
-43.285858
-43.221970
-42.913124
-42.567070
-42.552044
-42.666912
-42.956032
-42.638397
-42.255711
-42.157715
-42.108135
-42.332649
-42.220387
-42.185429
-42.012440
-41.946732
-42.063423
-41.938141
-42.020329
-41.798069
-41.657753
-41.594757
-41.716732
-41.841373
-41.402767
-41.317749
-41.650841
-41.546047
-41.363964
-41.286453
-41.600441
-41.536301
-41.340424
-41.368668
-41.575459
-41.183140
-41.056023
-41.204159
-41.135960
-41.078289
-41.073322
-41.161263
-40.894264
-40.823311
-40.842937
-40.838997
-40.882088
-40.956608
-40.925488
-40.780972
-40.982285
-40.917645
-41.055882
-40.899765
-40.771584
-40.770893
-40.993130
-40.976112
-40.699070
-40.816902
-40.727352
-40.828270
-40.738739
-40.657784
-40.669804
-40.580311
-40.901402
-40.825016
-40.888096
-40.784328
-40.873600
-40.843594
-40.791645
-40.863094
-40.803883
-40.858780
-40.789665
-40.964531
-40.888035
-40.967281
-40.770779
-40.858639
-40.945862
-40.950710
-40.812454
-41.053497
-41.164825
-40.960175
-40.975254
-40.998383
-41.077358
-40.960896
-40.937187
-41.011894
-41.020409
-40.976521
-40.804398
-40.944321
-40.837456
-40.782631
-40.742054
-40.713505
-40.633915
-40.447227
-40.341648
-40.414307
-40.253597
-40.180500
-40.107178
-39.996498
-39.740929
-39.622417
-39.704689
-39.577049
-39.364807
-39.341961
-39.218494
-39.135109
-38.989185
-38.887985
-38.795612
-38.635040
-38.492626
-38.263077
-38.338856
-38.150490
-38.047375
-37.909031
-37.787811
-37.554626
-37.163662
-37.243938
-37.095505
-37.249050
-37.030125
-36.958584
-36.908703
-36.975918
-36.765957
-36.853676
-36.997780
-36.482941
-36.677711
-36.875359
-36.809151
-36.519321
-36.433414
-36.258957
-36.395966
-36.559532
-36.246159
-36.073696
-36.206303
-36.236774
-35.899258
-36.132137
-36.398350
-36.157806
-36.027630
-35.954636
-36.334824
-36.299000
-36.189396
-36.047527
-36.254272
-36.169762
-35.877430
-35.914074
-35.847504
-35.931976
-35.881729
-35.892410
-36.052147
-35.972473
-35.970631
-36.056431
-35.874859
-35.917900
-35.910702
-35.889389
-36.035706
-35.900764
-36.061069
-36.080746
-35.860424
-36.053032
-36.128918
-36.361786
-35.944462
-36.172958
-35.780773
-35.712452
-35.822807
-36.284344
-36.028099
-35.896938
-35.812916
-35.886814
-36.029564
-36.139561
-36.219852
-36.159679
-36.352303
-36.211678
