Az       (ft/s^2)
-31.221437
-31.497686
-31.764812
-31.914635
-31.580301
-31.675409
-31.951784
-31.977022
-31.702452
-31.447193
-31.651440
-32.070274
-31.931877
-32.026142
-31.866264
-31.868130
-31.700514
-31.683741
-31.931257
-32.384678
-32.174953
-31.815748
-32.301598
-32.493305
-32.462811
-32.351044
-32.544819
-32.031052
-32.344456
-32.732464
-32.772797
-32.683895
-32.150337
-31.780523
-31.827589
-32.141186
-32.452118
-32.698330
-32.487331
-32.132629
-32.047951
-32.147118
-32.180920
-32.455868
-32.288841
-32.041401
-32.129292
-32.140678
-32.144382
-32.369625
-31.937660
-31.996874
-32.308208
-32.572830
-32.664112
-32.605728
-32.596458
-32.436562
-32.743347
-32.693138
-32.722557
-32.773899
-33.110352
-33.067028
-32.946896
-32.730515
-32.813999
-32.902611
-33.059288
-33.180679
-33.305779
-33.065411
-33.160492
-33.163807
-33.232792
-33.428326
-33.341545
-32.815052
-32.827103
-33.121956
-33.367748
-33.343380
-33.293915
-33.444462
-33.410076
-33.482311
-33.123955
-33.365231
-33.776199
-33.748169
-33.612183
-33.570225
-33.352112
-33.126865
-33.227970
-33.380634
-33.457043
-33.691086
-33.681362
-33.762684
-33.549305
-33.512215
-33.585121
-33.890434
-33.793758
-33.828468
-33.991886
-33.947643
-34.021461
-33.878792
-33.778198
-33.455116
-33.323917
-33.588528
-33.614311
-33.712517
-33.550072
-33.605240
-33.359516
-33.356800
-33.421597
-33.486500
-33.403343
-33.540798
-33.638916
-33.454273
-33.477131
-33.635967
-33.433678
-33.322193
-33.305805
-33.407097
-33.472733
-33.548935
-33.609421
-33.420666
-33.621349
-33.473831
-33.390591
-33.444462
-33.835892
-33.694153
-33.653191
-33.413101
-33.671093
-33.678917
-33.638004
-33.333553
-33.429222
-33.728348
-33.680069
-33.439869
-33.543674
-33.545326
-33.601498
-33.565228
-33.572628
-33.677834
-33.529240
-33.474621
-33.530964
-33.667641
-33.569984
-33.634460
-33.461800
-33.678516
-33.462215
-33.635521
-33.529480
-33.616871
-33.429768
-33.638344
-33.881874
-33.656761
-33.541576
-33.639961
-33.699581
-33.656921
-33.595634
-33.726131
-33.580769
-33.730499
-33.633827
-33.656170
-33.603405
-33.629539
-33.669563
-33.538212
-33.675358
-33.575771
-33.585876
-33.563030
-33.663204
-33.621292
-33.590111
-33.441158
-33.475208
-33.590984
-33.460365
-33.451527
-33.704754
-33.473457
-33.208248
-33.413322
-33.645939
-33.484680
-33.241035
-33.436451
-33.325500
-33.428402
-33.426567
-33.339130
-33.304344
-33.435818
-33.261486
-33.244572
-33.373329
-33.432281
-33.333683
-33.280666
-33.512291
-33.385170
-33.351646
-33.314587
-33.423260
-33.459381
-33.428459
-33.394821
-33.359486
-33.341248
-33.494492
-33.449684
-33.591194
-33.315765
-33.423676
-33.381081
-33.743446
-33.584133
-33.286007
-33.551876
-33.707569
-33.668724
-33.446754
-33.760292
-33.647205
-33.652271
-33.629135
-33.563919
-33.798462
-33.770927
-33.623295
-33.689018
-33.919876
-33.831657
-33.820202
-33.742607
-33.855110
-33.863434
-33.814461
-33.886166
-33.998123
-33.867115
-33.822063
-33.831360
-34.040092
-33.917381
-33.852760
-33.893986
-33.916847
-33.937283
-33.903568
-34.009029
-33.964996
-33.927345
-33.831104
-33.996349
-34.025703
-34.032043
-33.927441
-33.977451
-33.900616
-33.952702
-33.911991
-34.101433
-33.817398
-34.020805
-33.896145
-34.098179
-33.918308
-33.995502
-33.974590
-33.854156
-34.121052
-33.862453
-34.052349
-34.038849
-33.927460
-34.011894
-33.943970
-34.118549
-33.869968
-33.915466
-34.020859
-33.976982
-34.013065
-33.870556
-34.002823
-33.888756
-33.994740
-33.914730
-34.048267
-33.914398
-33.874371
-33.916130
-33.930355
-33.931797
-33.830555
-34.054302
-33.863209
-33.900997
-33.954151
-33.946758
-33.805271
-33.966236
-33.947052
-33.730076
-33.861843
-33.959190
-34.008171
-33.919216
-33.724442
-33.871849
-33.992790
-33.865082
-33.800816
-34.002045
-34.012642
-33.736641
-33.825157
-33.973064
-33.979649
-33.865059
-33.818546
-33.890549
-33.846657
-33.945000
-33.800209
-33.995586
-33.926960
-33.828346
-33.710442
-33.928699
-34.002522
-33.924767
-33.964275
-33.788578
-33.774620
-33.968056
-33.988358
-33.774837
-33.770782
-33.954105
-33.952972
-33.812164
-33.796612
-33.743153
-33.921204
-33.719151
-33.717903
-33.999771
-33.907940
-33.708206
-33.762794
-33.922302
-33.773933
-33.727730
-33.755615
-33.916687
-33.782322
-33.676456
-33.837067
-33.858608
-33.787193
-33.679417
-33.812431
-33.716457
-33.758640
-33.794445
-33.742794
-33.713432
-33.885826
-33.519489
-33.697601
-33.778896
-33.737309
-33.728924
-33.713383
-33.745350
-33.563103
-33.718449
-33.747192
-33.684570
-33.539875
-33.732239
-33.780910
-33.687679
-33.659828
-33.695656
-33.672813
-33.719700
-33.680588
-33.669365
-33.745167
-33.603367
-33.728790
-33.710896
-33.733570
-33.797230
-33.657742
-33.760956
-33.776417
-33.782677
-33.597069
-33.647049
-33.978310
-33.788799
-33.681152
-33.694527
-33.957443
-33.875648
-33.689796
-33.749588
-33.904465
-33.835289
-33.717110
-33.765034
-33.851700
-33.947994
-33.731552
-33.755638
-33.917824
-33.836624
-33.894001
-33.657764
-33.937397
-33.940144
-33.857094
-33.659901
-33.970692
-33.897755
-33.706932
-33.769447
-33.870331
-33.964180
-33.680622
-33.724361
-33.897720
-33.927639
-33.723877
-33.681896
-33.895027
-33.833832
-33.634346
-33.932743
-33.778915
-33.802658
-33.630196
-33.748539
-33.730793
-33.744015
-33.702255
-33.653065
-33.784340
-33.622868
-33.702019
-33.612766
-33.538765
-33.747375
-33.585442
-33.598625
-33.592678
-33.602661
-33.460995
-33.480961
-33.704811
-33.543957
-33.478508
-33.404953
-33.521751
-33.375591
-33.557350
-33.386528
-33.445641
-33.449394
-33.193626
-33.258121
-33.542168
-33.327263
-33.329960
-33.281864
-33.321327
-33.192589
-33.266434
-33.088760
-33.264263
-33.173435
-33.239861
-33.052101
-33.153294
-33.026180
-32.978661
-33.142632
-33.088737
-32.960091
-32.976616
-33.024570
-32.841106
-32.924282
-33.021233
-32.910198
-32.752365
-32.810463
-32.914070
-32.958210
-32.694859
-32.596642
-32.924091
-32.612686
-32.684994
-32.677822
-32.827362
-32.594448
-32.539326
-32.458199
-32.549381
-32.547863
-32.394485
-32.341465
-32.462162
-32.542767
-32.247684
-32.102077
-32.349495
-32.239319
-32.063309
-31.990496
-32.213421
-32.235840
-31.988565
-31.812254
-31.946417
-31.903656
-31.743664
-31.668293
-31.718956
-31.772280
-31.553391
-31.440611
-31.553204
-31.418499
-31.360231
-31.367384
-31.320799
-31.113367
-31.153040
-31.048723
-31.114491
-31.137506
-30.843876
-30.789680
-30.747467
-30.992083
-30.567230
-30.717976
-30.809509
-30.603872
-30.384413
-30.583307
-30.571354
-30.252277
-30.338160
-30.405109
-30.335602
-30.227730
-30.334238
-30.400234
-30.025370
-30.041925
-30.184649
-30.274294
-30.106886
-30.139658
-30.036510
-30.128263
-30.140932
-29.930305
-30.045910
-30.067354
-29.958023
-29.879213
-30.104816
-30.246475
-29.819324
-29.873394
-30.015902
-29.984808
-29.856380
-29.991077
-29.954765
-30.113909
-29.949562
-30.092272
-29.924250
-29.941048
-30.027981
-30.101833
-30.006697
-30.141655
-30.128107
-30.121073
-30.132324
-30.191679
-30.082806
-30.062786
-30.230343
-30.362297
-30.244280
-30.220833
-30.342909
-30.191557
-30.351822
-30.329414
-30.322735
-30.283854
-30.448027
-30.392857
-30.596388
-30.477413
-30.555450
-30.329044
-30.607779
-30.585531
-30.714020
-30.544037
-30.585337
-30.623447
-30.770227
-30.487654
-30.616329
-30.646112
-30.560925
-30.534363
-30.786762
-30.770287
-30.645525
-30.559906
-30.676653
-30.691223
-30.713558
-30.775528
-30.794979
-30.696264
-30.632998
-30.917408
-30.645765
-30.659193
-30.725021
-30.650068
-30.769388
-30.835283
-30.612898
-30.576363
-30.694429
-30.847523
-30.801029
-30.848297
-30.755894
-30.825148
-30.975319
-30.848898
-31.139776
-30.878944
-30.910547
-30.874559
-31.189260
-31.013220
-31.220055
-30.975952
-31.027632
-30.993910
-31.158501
-30.931110
-30.841072
-31.134796
-30.902838
-30.928877
-30.881638
-30.791210
-30.558277
-30.789833
-31.143847
-31.008408
-31.013647
-30.768709
-30.991062
-31.088213
-31.297052
-31.141804
-31.293879
-31.510839
-31.309793
-31.128220
-31.284851
-31.398556
-31.169571
-31.271765
-31.503349
-31.429279
-31.452135
-31.234043
-31.494036
-31.365021
-31.602581
-31.532656
-31.653988
-31.552526
-31.138809
-31.433378
-31.440393
-31.529457
-31.072689
-31.218420
-31.315563
-31.679096
-31.538708
-31.293076
-31.379930
-31.697149
-31.689026
-31.604311
-31.830580
-32.100040
-31.896868
-31.758814
-31.673975
-31.935286
-31.895296
-31.708221
-31.447798
-31.586136
-31.694986
-31.619991
-31.432463
-31.294516
-31.440611
-30.904715
-31.061188
-31.352413
-31.498507
-31.253544
-31.184401
-31.140299
-31.259808
-31.210722
-31.015045
-31.188953
-31.155729
-31.251190
-31.077946
-31.286905
-31.202658
-31.183033
-31.017464
-31.108597
-31.275797
-31.467428
-31.385878
-31.090406
-31.201902
-31.338291
-31.410730
-31.421194
-31.288944
-31.174728
-31.435858
-31.105330
-31.351692
-31.313396
-31.450224
-31.482254
-31.647856
-31.541002
-31.904003
-31.936031
-32.070122
-32.272221
-32.123920
-32.512146
-32.524879
-32.517879
-32.167942
-32.094696
-32.132587
-31.934114
-31.898966
-32.000778
-32.085724
-31.714258
-31.646936
-31.864004
-32.060619
-32.216381
-32.112503
-32.113304
-32.394283
-32.186924
-32.416695
-32.651077
-32.773418
-32.837189
-32.817448
-32.498634
-32.586327
-32.731873
-32.984417
-33.047371
-32.817982
-33.076389
-32.962490
-32.974155
-33.057781
-33.129841
-32.901176
-33.254303
-33.467972
-33.617168
-33.810314
-33.477642
-33.505821
-33.897106
-34.175003
-34.208221
-34.228615
-34.367912
-34.455090
-34.689873
-34.395428
-34.589428
-34.698257
-34.559277
-34.714428
-35.050648
-35.226620
-35.309765
-34.937916
-34.943226
-35.116047
-35.498844
-35.487392
-35.810822
-35.738544
-35.596863
-35.800758
-36.091393
-36.078156
-35.684189
-35.906967
-35.971828
-36.360237
-36.498989
-36.145107
-36.302673
-36.103855
-36.488739
-36.713985
-36.782173
-36.820755
-36.644966
-36.814766
-37.078617
-37.583469
-37.447300
-37.443161
-37.490803
-37.606579
-37.893341
-38.284824
-38.437572
-38.331131
-38.457966
-38.614895
-38.827839
-39.154335
-39.005520
-39.128693
-39.214855
-39.452816
-39.540146
-39.745350
-39.652245
-39.627651
-39.638275
-40.084209
-40.090527
-40.329075
-40.465992
-40.564857
-40.916698
-40.868706
-41.160866
-41.171719
-41.181515
-41.290005
-41.708897
-41.857025
-41.887722
-41.843609
-42.047523
-42.171688
-42.619244
-42.949451
-42.916954
-43.136208
-43.190254
-43.466213
-43.809212
-43.992256
-43.656189
-43.612129
-43.886238
-44.041790
-44.083645
-43.984268
-44.065010
-44.079033
-44.231464
-44.113701
-44.286438
-44.409988
-44.411476
-44.491600
-44.479073
-44.595860
-44.456470
-44.600418
-44.877907
-44.943127
-44.946724
-45.104694
-45.123589
-45.275219
-45.258530
-45.287884
-45.645489
-45.916458
-46.088524
-46.146648
-46.178944
-46.588642
-46.573120
-46.549873
-46.717354
-46.951153
-47.143131
-47.041813
-47.007393
-46.933544
-47.097263
-47.114426
-47.386971
-47.489208
-47.748322
-47.492344
-47.476219
-47.755890
-48.053936
-48.139053
-48.120117
-48.426880
-48.353470
-48.343857
-48.198971
-48.525772
-48.612698
-48.661392
-48.630154
-49.132923
-49.228882
-49.166092
-49.108124
-49.415314
-49.583691
-49.405544
-49.584564
-49.580990
-49.473404
-49.363407
-49.541939
-50.041809
-50.044895
-50.086906
-50.230732
-50.349239
-50.280144
-50.581245
-50.727341
-51.157673
-51.237556
-51.633438
-51.640961
-51.901890
-51.751293
-51.946861
-52.100517
-52.235207
-52.119232
-52.203556
-52.267075
-52.277878
-52.556808
-52.457645
-52.550282
-52.501221
-52.536297
-53.085865
-53.283028
-53.383556
-53.072807
-53.261246
-53.306702
-53.343472
-53.751598
-53.876835
-53.845421
-53.852940
-53.923229
-54.044415
-54.306072
-54.619213
-54.507713
-54.939102
-55.154179
-55.506237
-55.549595
-55.886456
-55.830894
-55.787003
-55.977692
-56.010704
-56.168495
-56.159290
-56.117664
-55.871437
-55.873672
-55.941841
-55.995399
-56.159203
-56.344917
-56.588322
-56.797318
-57.008945
-57.119446
-57.230797
-57.492447
-57.454525
-57.603504
-57.691685
-57.846462
-57.796490
-57.797192
-57.923092
-57.593307
-57.561947
-57.968327
-57.884964
-57.856293
-57.962227
-58.172874
-58.281479
-58.453087
-58.326115
-58.723732
-58.893921
-58.865543
-58.553379
-58.758488
-59.103153
-58.720734
-58.596840
-58.606953
-58.497753
-58.433651
-58.517258
-58.847523
-59.068375
-59.200363
-59.159184
-59.102592
-59.251987
-59.426025
-59.625282
-59.470230
-59.490021
-59.290329
-59.490452
-59.091003
-59.004066
-59.010597
-59.067219
-58.914593
-58.913937
-59.095615
-59.023979
-58.826908
-58.873779
-59.118080
-59.130898
-58.864006
-58.587608
-58.719795
-58.985058
-58.861584
-58.702099
-58.793888
-58.634235
-58.695412
-58.684174
-58.697041
-58.783829
-58.781372
-58.874485
-58.971798
-59.361893
-58.637012
-58.736603
-58.876713
-58.920143
-58.766312
-58.582123
-58.634453
-58.508850
-58.770565
-58.897797
-58.943913
-58.992615
-59.167099
-59.218029
-59.409725
-59.266319
-59.168495
-59.547775
-59.416878
-59.609688
-59.895958
-59.818863
-59.602875
-59.194546
-59.399677
-59.374104
-59.465046
-59.398930
-59.439930
-59.361797
-59.179153
-59.053970
-58.975388
-59.034424
-59.424690
-59.523685
-59.688091
-59.544003
-59.582020
-59.839188
-59.855125
-59.799877
-60.129219
-60.529598
-60.458412
-60.341442
-60.187248
-60.508137
-60.400074
-60.380589
-60.361347
-60.648960
-60.607311
-60.518414
-60.630489
-60.610741
-60.716545
-60.776283
-60.821198
-61.067558
-61.163254
-60.996773
-61.046024
-61.144825
-61.260952
-61.069153
-61.279541
-61.497025
-61.657600
-61.685638
-61.671272
-61.608978
-61.489601
-61.419621
-61.688366
-61.666908
-61.405895
-61.409580
-61.460014
-61.574059
-61.643299
-61.644390
-61.748318
-61.948273
-62.112743
-62.079475
-62.118927
-62.295124
-62.285122
-62.100292
-62.089607
-62.334816
-62.113434
-61.921558
-62.062752
-62.376068
-62.303585
-62.000553
-61.836548
-62.236656
-62.403244
-62.019699
-62.108326
-62.143452
-62.223221
-62.246532
-62.326225
-62.398907
-62.225372
-62.212406
-62.361973
-62.492355
-62.786560
-62.755047
-62.667358
-62.579945
-62.518215
-62.555805
-62.552948
-62.665901
-62.589535
-62.400608
-62.204872
-62.321365
-62.356033
-62.235527
-62.275902
-62.633358
-62.675156
-62.558262
-62.631920
-62.840462
-62.761501
-62.891232
-63.025490
-63.093185
-62.882088
-62.908436
-62.974945
-62.964653
-63.003014
-63.031631
-63.059406
-63.101437
-63.076111
-63.168056
-63.079865
-63.079674
-63.163132
-63.315048
-62.944408
-62.852051
-62.693310
-62.780319
-62.717278
-62.651806
-62.737328
-62.496620
-62.629257
-62.642345
-62.683659
-62.607296
-62.808140
-62.913418
-63.044228
-63.103645
-62.920921
-63.084690
-62.937851
-63.149849
-62.964890
-63.449703
-63.428112
-63.152348
-62.849522
-62.943314
-63.037815
-62.753185
-62.946739
-62.740711
-62.708878
-62.415745
-62.153336
-61.897701
-61.988594
-62.202282
-61.890865
-61.788254
-61.927959
-62.108437
-62.127731
-61.967327
-62.051395
-62.009739
-62.104454
-62.401241
-62.653664
-62.853706
-62.786549
-62.715054
-62.883167
-62.963177
-62.960445
-62.839046
-62.949879
-62.793743
-62.975033
-62.922615
-63.042004
-63.095917
-62.884338
-62.975941
-62.798927
-63.201244
-63.222248
-63.220806
-63.483116
-63.400200
-63.178741
-62.947086
-63.188568
-63.450001
-63.603664
-63.340660
-63.599628
-63.716930
-63.697205
-63.963997
-64.076324
-64.193802
-64.024208
-64.156830
-64.350815
-64.334404
-64.284683
-64.088341
-63.934406
-63.836700
-63.787704
-63.557392
-63.596024
-63.517841
-63.248680
-63.281944
-63.083267
-63.093933
-63.112694
-63.172470
-63.365124
-63.364731
-63.432312
-63.436199
-63.478577
-63.610577
-63.694752
-63.645718
-63.616390
-63.774815
-64.051308
-63.601555
-63.596840
-63.532574
-63.386452
-63.492485
-63.573151
-63.261826
-63.090389
-63.012260
-62.727425
-62.676270
-62.608562
-62.557674
-62.272388
-62.382244
-62.760410
-62.650249
-62.591949
-62.457195
-62.529713
-62.698807
-62.828907
-62.895546
-63.047413
-62.853188
-62.961681
-62.801945
-62.612850
-62.807335
-62.983585
-62.745262
-62.876415
-63.253113
-63.096107
-62.853416
-62.904026
-63.107342
-62.970711
-63.129608
-63.233654
-63.070988
-63.093975
-63.209290
-63.247059
-63.111637
-63.102726
-62.783497
-62.935207
-62.912922
-63.103096
-63.027039
-62.794510
-62.817207
-62.779255
-62.950432
-62.700623
-62.424042
-62.399113
-62.815456
-63.075390
-63.039051
-62.937088
-62.792076
-62.859093
-63.134987
-63.184193
-63.118603
-62.972126
-62.928299
-63.205868
-63.226826
-63.000851
-62.684898
-62.981419
-63.191059
-63.033897
-62.822784
-63.047073
-63.083969
-63.386566
-63.273636
-63.253571
-63.255337
-63.303413
-63.484871
-63.725426
-63.689281
-63.209312
-63.312767
-63.446751
-63.546074
-63.190258
-63.155079
-63.145149
-63.013157
-62.907089
-62.745106
-62.670895
-62.730068
-62.944572
-63.079082
-63.127766
-62.545219
-62.634830
-62.782135
-62.814808
-63.049599
-63.051949
-62.786877
-62.514629
-62.332909
-62.509972
-62.553905
-62.290028
-62.299595
-62.477119
-62.886261
-62.791588
-62.572784
-62.589787
-62.884533
-63.008945
-62.736195
-62.537098
-62.785454
-62.591942
-62.736137
-62.840210
-62.587124
-62.581337
-62.711815
-63.153954
-63.090099
-62.927902
-62.819313
-62.841927
-62.465702
-62.445480
-62.563148
-62.584969
-62.616508
-61.929401
-61.923702
-62.208405
-62.271008
-61.752518
-61.813164
-62.503654
-62.356281
-62.013206
-62.031460
-62.171444
-62.285343
-62.701786
-62.678013
-62.690445
-62.287197
-62.180820
-62.448364
-62.497444
-62.267921
-62.200310
-62.329941
-62.569027
-62.365158
-62.614960
-62.559818
-62.565048
-62.422123
-62.509506
-62.686192
-62.777893
-62.739700
-62.692348
-62.783981
-62.978371
-62.866360
-62.196175
-62.512699
-62.641232
-62.615936
-62.541073
-62.798325
-62.841831
-62.597340
-62.345535
-62.474518
-62.536469
-62.679634
-62.489872
-62.439716
-62.885799
-63.012287
-62.704208
-62.402245
-62.561367
-62.636227
-62.387592
-62.328056
-62.547943
-62.601109
-62.327942
-62.227921
-62.344616
-62.319092
-62.210201
-62.087696
-62.184418
-62.247490
-62.177364
-62.271023
-62.116955
-62.083572
-62.089279
-61.940483
-62.139751
-61.870529
-61.913834
-62.121140
-62.155491
-61.991268
-61.781960
-62.013237
-61.944016
-61.872002
-61.951180
-61.966370
-62.045368
-61.754856
-61.797470
-61.982777
-61.999844
-61.837986
-61.591457
-61.813568
-61.926682
-61.783390
-61.700668
-61.820053
-61.845673
-61.685200
-61.598213
-61.912045
-61.671486
-61.479641
-61.593033
-61.692982
-61.590218
-61.463829
-61.565903
-61.567162
-61.497860
-61.421852
-61.252579
-61.459171
-61.430668
-61.276714
-61.381218
-61.395985
-61.383526
-61.325470
-61.310596
-61.296272
-61.369247
-61.397934
-61.214985
-61.238319
-61.413559
-61.378231
-61.347862
-61.264359
-61.336178
-61.287006
-61.445793
-61.401680
-61.227852
-61.315445
-61.474411
-61.426109
-61.419655
-61.308662
-61.496548
-61.254543
-61.464874
-61.372501
-61.496746
-61.399582
-61.396862
-61.510139
-61.439476
-61.347126
-61.517258
-61.354897
-61.483883
-61.419064
-61.333313
-61.419571
-61.460682
-61.445248
-61.304676
-61.490292
-61.324871
-61.343033
-61.464268
-61.383606
-61.271107
-61.363640
-61.366760
-61.472759
-61.139885
-61.341919
-61.383118
-61.349106
-61.316433
-61.132427
-61.343983
-61.316154
-61.174549
-61.249207
-61.335407
-61.377712
-61.047287
-61.228760
-61.203098
-61.179607
-61.200912
-61.181580
-61.214878
-61.129196
-61.138573
-61.192436
-61.059093
-61.022335
-60.993523
-61.154190
-61.159687
-61.013214
-60.979538
-61.122143
-61.050789
-61.026199
-60.756981
-61.151871
-61.109325
-61.056274
-61.023697
-61.092529
-61.043766
-60.924850
-61.129436
-61.014931
-60.938766
-61.053352
-61.091496
-60.996979
-60.865772
-61.068058
-61.039974
-60.808788
-60.886665
-60.934246
-60.836567
-60.906570
-61.031925
-60.881969
-60.645847
-60.865242
-60.856892
-60.787960
-60.768620
-60.850620
-60.780071
-60.718937
-60.720646
-60.838787
-60.697586
-60.754730
-60.636223
-60.820961
-60.782345
-60.679802
-60.761608
-60.744556
-60.696293
-60.685570
-60.778454
-60.693966
-60.533100
-60.678520
-60.530811
-60.563225
-60.457764
-60.454708
-60.457211
-60.406597
-60.451488
-60.225731
-60.344463
-60.258038
-60.267902
-60.276360
-60.293957
-60.156754
-60.222538
-60.200317
-60.223499
-60.114872
-60.142620
-60.173351
-59.968006
-60.025185
-60.141228
-60.088272
-59.947735
-60.001038
-60.026749
-59.993397
-59.984016
-59.929276
-59.988922
-59.871433
-60.046516
-59.969269
-60.057983
-59.990520
-59.983135
-60.009647
-59.853451
-60.061291
-60.038933
-59.951092
-59.921585
-60.128128
-60.042038
-59.824501
-59.882278
-60.044834
-60.019287
-59.933201
-59.997540
-60.037308
-59.940201
-59.900879
-59.913849
-59.966049
-59.965618
-60.007740
-59.824444
-59.939854
-59.910816
-60.015636
-60.049931
-59.849796
-59.974571
-59.974842
-59.896290
-59.810390
-59.931187
-59.922619
-59.694225
-59.595207
-59.842583
-59.852505
-59.544430
-59.584850
-59.733223
-59.759293
-59.694386
-59.770477
-59.670021
-59.729355
-59.748482
-59.745220
-59.636761
-59.755707
-59.698753
-59.736282
-59.762077
-59.515656
-59.414604
-59.513493
-59.494133
-59.323608
-59.465908
-59.477627
-59.400501
-59.697899
-59.565193
-59.483036
-59.439384
-59.599117
-59.452969
-59.656269
-59.418705
-59.356380
-59.524448
-59.455204
-59.225727
-59.316708
-59.351967
-59.208786
-59.372551
-59.142918
-59.249538
-59.601940
-59.550705
-59.463963
-59.462101
-59.663353
-59.263481
-59.443718
-59.807274
-59.824883
-59.600010
-59.482319
-59.542427
-59.573940
-59.645802
-59.558094
-59.666832
-59.696125
-59.571381
-59.500259
-59.492882
-59.667099
-59.448311
-59.518829
-59.503578
-59.471928
-59.678623
-59.704788
-59.430141
-59.283016
-59.388531
-59.541485
-59.589649
-59.435623
-59.393509
-59.282021
-59.560753
-59.454788
-59.422058
-59.447998
-59.338478
-59.633701
-59.784966
-59.807732
-59.651791
-59.638184
-59.691273
-59.464466
-59.479034
-59.649784
-59.628906
-59.601982
-59.324936
-59.514488
-59.541889
-59.461472
-59.431679
-59.663818
-59.727036
-59.729946
-59.756962
-59.843998
-59.745888
-59.805103
-59.803867
-59.715755
-59.684872
-59.839592
-59.851444
-59.997147
-59.819229
-59.864376
-59.893467
-60.044186
-60.062210
-60.157192
-60.455936
-60.403549
-60.368198
-60.567486
-60.592522
-60.483215
-60.527802
-60.556675
-60.567513
-60.602966
-60.405254
-60.444660
-60.451378
-60.280338
-60.226673
-60.156338
-60.237850
-60.104660
-60.153839
-60.162666
-60.023659
-59.942287
-60.007538
-60.106613
-60.146233
-60.037491
-59.933887
-59.846012
-59.783710
-59.831928
-59.699390
-59.793858
-59.708260
-59.579941
-59.578228
-59.574532
-59.686260
-59.778606
-59.676331
-59.634991
-59.802143
-59.740604
-59.693878
-59.630863
-59.739151
-59.658421
-59.839058
-59.765961
-59.607410
-59.695618
-59.590942
-59.536625
-59.586117
-59.570732
-59.634773
-59.559319
-59.571846
-59.518059
-59.632267
-59.591961
-59.520222
-59.409115
-59.501980
-59.518429
-59.587288
-59.627998
-59.455254
-59.666714
-59.564617
-59.521717
-59.487026
-59.587479
-59.631851
-59.718910
-59.788853
-59.708611
-59.703114
-59.943981
-59.928642
-59.890049
-60.044914
-59.960056
-59.976154
-59.961613
-60.289963
-60.054859
-60.181053
-60.072182
-60.209831
-60.092197
-60.119396
-60.250614
-60.235165
-60.321999
-60.173222
-60.290260
-60.331203
-60.399536
-60.395424
-60.243507
-60.373253
-60.402111
-60.415382
-60.375309
-60.582855
-60.528252
-60.482349
-60.619877
-60.611988
-60.532978
-60.663235
-60.767059
-60.645851
-60.722927
-60.818394
-60.647293
-60.764744
-60.843006
-60.872295
-60.643181
-60.724461
-60.870247
-60.795982
-60.856743
-60.889278
-60.776031
-60.787842
-60.724525
-60.792110
-60.962021
-60.893723
-60.920830
-60.892998
-60.993904
-61.036877
-60.997967
-61.045765
-61.102524
-61.133812
-61.096878
-61.042496
-61.221729
-61.081509
-61.088959
-61.087517
-61.154221
-61.025742
-61.107388
-61.178658
-61.102493
-61.104279
-61.068356
-61.039536
-61.122143
-61.202744
-61.050831
-60.961094
-61.044273
-61.003559
-61.061699
-60.864700
-61.061119
-61.073101
-60.949051
-60.879013
-60.906734
-61.102085
-60.877384
-61.014484
-61.041363
-61.060509
-61.051502
-60.976768
-61.116261
-61.032879
-61.050232
-61.017536
-61.042259
-61.188519
-61.275845
-61.300076
-61.207218
-61.285229
-61.350555
-61.335472
-61.297318
-61.318459
-61.333015
-61.240833
-61.474632
-61.313366
-61.115959
-61.285332
-61.211506
-61.332340
-61.059490
-61.245529
-61.227493
-61.212238
-61.182438
-61.275555
-61.323544
-61.039509
-61.104996
-61.103123
-61.144444
-60.958385
-61.039719
-61.192360
-60.813599
-60.897156
-60.916641
-60.977501
-60.877514
-60.847267
-60.851189
-60.874195
-60.838840
-60.812855
-60.731808
-60.796116
-60.781364
-60.678902
-60.685047
-60.768688
-60.789234
-60.692745
-60.692280
-60.603828
-60.706646
-60.709534
-60.609360
-60.705475
-60.640793
-60.642719
-60.459362
-60.711735
-60.645367
-60.711910
-60.644653
-60.631802
-60.764584
-60.603298
-60.659729
-60.673561
-60.926041
-60.798119
-60.678860
-60.624634
-60.648582
-60.751652
-60.683765
-60.625637
-60.452541
-60.462788
-60.457050
-60.451561
-60.571812
-60.621117
-60.603416
-60.312019
-60.396748
-60.595444
-60.466408
-60.323692
-60.373306
-60.437408
-60.432644
-60.322346
-60.212063
-60.351044
-60.300217
-60.147621
-60.184418
-60.237934
-60.380863
-60.341286
-60.405346
-60.359997
-60.350121
-60.265678
-60.281826
-60.420723
-60.394390
-60.274849
-60.405758
-60.401527
-60.336540
-60.406475
-60.481697
-60.543175
-60.658756
-60.581642
-60.644997
-60.797783
-60.814896
-60.639812
-60.819267
-60.828018
-60.823490
-60.667473
-60.785549
-60.802448
-60.611336
-60.507244
-60.558102
-60.534912
-60.423874
-60.409119
-60.432793
-60.386688
-60.325287
-60.345264
-60.374020
-60.430317
-60.501976
-60.315086
-60.521404
-60.596321
-60.432663
-60.659859
-60.728760
-60.662003
-60.704842
-60.735863
-60.786541
-60.788750
-60.791386
-60.727779
-60.779850
-60.812561
-60.783218
-60.726341
-60.775383
-60.908070
-60.782703
-60.809139
-60.697392
-60.876457
-60.689667
-60.697922
-60.874428
-60.970161
-60.875729
-60.742928
-60.835556
-60.927425
-60.929817
-60.977791
-60.970413
-60.852512
-60.911278
-60.928478
-60.856022
-60.865349
-60.786304
-60.829899
-60.622837
-60.615734
-60.562202
-60.749016
-60.583210
-60.544445
-60.445946
-60.414875
-60.309372
-60.503761
-60.503994
-60.344685
-60.358047
-60.335995
-60.318760
-60.311592
-60.210949
-60.258659
-60.178360
-60.359009
-60.227844
-60.105778
-60.141556
-60.137646
-60.158020
-60.119286
-60.168213
-60.120628
-60.179226
-60.145451
-60.159538
-60.054222
-59.928051
-59.949223
-60.049088
-60.123348
-60.061443
-59.851639
-59.974796
-59.970955
-60.069038
-59.993977
-59.899620
-60.033138
-60.051128
-60.149235
-60.035736
-60.111073
-59.991699
-60.062141
-60.033920
-60.097130
-60.017277
-59.864643
-59.954872
-60.071735
-59.929390
-59.710873
-59.675442
-59.590126
-59.633785
-59.551376
-59.518654
-59.419708
-59.330307
-59.339672
-59.231220
-59.256672
-59.163620
-59.043579
-59.139172
-59.253937
-58.995720
-58.969536
-59.045780
-58.873478
-58.841393
-58.773697
-58.879982
-58.670555
-58.709473
-58.640900
-58.716724
-58.598888
-58.553051
-58.699139
-58.531158
-58.749386
-58.523628
-58.503181
-58.531193
-58.549458
-58.418732
-58.267899
-58.309441
-58.260288
-58.210480
-58.220409
-58.099640
-58.130287
-57.914234
-57.929260
-57.969395
-57.989658
-57.928589
-57.935291
-57.986584
-57.977459
-57.825031
-57.828209
-57.864136
-58.029469
-57.878689
-58.005093
-57.992420
-57.951519
-57.838459
-57.862080
-57.983547
-57.899799
-57.890511
-57.933189
-57.885963
-57.966404
-57.891857
-57.756538
-57.769451
-57.834846
-57.791977
-57.748207
-57.890209
-57.842842
-57.654922
-57.762867
-57.823727
-57.784546
-57.687618
-57.599304
-57.615910
-57.674664
-57.719639
-57.726883
-57.693531
-57.559956
-57.572277
-57.695225
-57.695957
-57.755825
-57.779793
-57.679123
-57.632118
-57.724369
-57.671776
-57.545517
-57.648525
-57.589241
-57.466217
-57.512112
-57.503407
-57.530499
-57.476288
-57.446541
-57.436069
-57.538734
-57.634216
-57.522491
-57.580822
-57.705559
-57.668461
-57.680393
-57.841415
-57.757233
-57.711754
-57.757008
-57.896801
-57.618687
-57.686481
-57.824387
-57.865681
-57.632477
-57.717937
-57.832050
-57.728706
-57.642704
-57.828510
-57.910156
-57.826134
-57.936287
-58.194080
-58.171543
-58.162258
-58.269512
-58.397026
-58.416954
-58.564583
-58.663212
-58.738087
-58.823452
-58.696239
-58.781879
-58.865971
-58.920815
-58.921753
-58.907738
-59.088478
-59.020344
-59.046082
-59.148567
-59.134583
-59.166702
-59.195271
-59.234367
-59.356739
-59.271549
-59.204254
-59.276608
-59.389565
-59.153801
-59.206730
-59.209999
-59.256367
-59.138954
-59.157032
-59.059895
-59.040394
-58.970486
-59.104671
-59.038708
-59.127316
-59.031933
-59.018440
-59.135853
-59.106483
-59.119709
-59.064056
-59.134022
-59.132153
-59.221195
-59.222698
-59.125488
-59.129292
-59.127335
-59.221497
-59.284729
-59.249279
-59.292625
-59.313675
-59.288364
-59.450951
-59.415546
-59.329563
-59.426502
-59.456631
-59.510693
-59.523308
-59.628315
-59.467110
-59.550945
-59.665585
-59.743233
-59.586357
-59.553791
-59.758366
-59.896694
-59.754959
-59.627693
-59.737717
-59.884624
-59.650261
-59.697399
-59.938778
-59.912537
-59.697453
-59.642563
-59.832771
-59.785973
-59.753677
-59.742290
-59.815594
-59.771469
-59.763397
-59.737713
-59.706081
-59.794960
-59.643700
-59.754192
-59.711521
-59.779823
-59.671627
-59.573410
-59.742058
-59.617313
-59.590134
-59.501446
-59.533989
-59.604801
-59.509190
-59.551769
-59.523003
-59.508137
-59.266335
-59.495945
-59.517635
-59.592644
-59.546841
-59.556026
-59.486485
-59.496670
-59.557537
-59.483517
-59.486362
-59.398335
-59.507500
-59.594387
-59.580410
-59.500351
-59.553551
-59.632671
-59.714317
-59.700817
-59.640873
-59.785538
-59.889229
-59.705181
-59.619980
-59.686447
-59.611843
-59.436104
-59.316879
-59.388680
-59.307934
-59.044121
-58.773521
-58.627804
-58.551785
-58.378399
-58.305134
-58.191681
-58.126472
-58.026009
-57.944191
-57.870094
-57.694561
-57.715282
-57.713516
-57.643044
-57.503422
-57.520523
-57.406788
-57.125462
-57.242004
-57.252022
-57.038517
-57.242229
-57.268520
-57.151737
-57.104652
-57.159962
-57.033318
-57.097218
-57.157124
-57.169514
-57.200699
-57.112171
-57.350037
-57.098289
-57.052677
-57.160572
-57.176159
-56.982540
-57.040802
-56.998913
-56.983223
-57.190536
-57.111233
-57.050030
-57.030846
-57.024693
-56.986248
-57.165062
-57.038795
-56.938572
-57.092136
-57.104847
-57.162216
-57.367321
-57.354103
-57.337814
-57.438660
-57.525036
-57.683994
-57.581562
-57.477985
-57.496601
-57.601158
-57.659847
-57.634792
-57.544060
-57.505268
-57.497082
-57.361946
-57.360023
-57.309925
-56.979244
-57.089375
-57.141365
-56.895149
-56.608147
-56.704216
-56.745640
-56.720425
-56.848560
-56.828640
-56.729332
-56.787380
-56.936787
-56.995174
-57.006985
-57.023354
-56.967182
-56.999729
-56.923569
-56.780144
-56.808125
-56.879120
-56.824265
-56.688087
-57.052097
-57.191780
-57.151100
-57.126133
-57.118252
-57.240082
-57.391438
-57.630745
-57.430374
-57.403111
-57.520306
-57.584339
-57.521259
-57.421036
-57.298965
-57.086525
-57.240227
-57.345188
-57.390091
-57.447281
-57.554539
-57.447731
-57.483170
-57.503799
-57.606556
-57.586899
-57.553875
-57.665215
-57.695774
-57.662918
-57.560650
-57.648262
-57.693138
-57.541626
-57.577679
-57.787235
-57.657310
-57.727425
-57.855946
-57.697472
-57.582401
-57.764072
-57.759117
-57.593800
-57.659576
-57.718796
-57.543793
-57.402161
-57.580227
-57.691254
-57.495674
-57.453640
-57.442688
-57.416687
-57.452106
-57.485832
-57.405567
-57.386036
-57.364750
-57.447323
-57.350536
-57.296886
-57.313869
-57.368534
-57.171513
-57.211479
-57.231590
-57.278309
-57.066681
-57.136337
-57.133324
-57.142555
-57.049110
-56.973541
-56.989716
-57.062729
-57.106888
-56.938427
-56.891861
-56.932758
-57.015308
-56.877121
-56.866703
-56.843941
-56.790226
-56.790421
-56.783073
-56.705910
-56.752029
-56.589764
-56.633827
-56.683037
-56.686176
-56.770523
-56.766491
-56.870834
-56.804848
-56.937847
-57.039322
-57.170341
-57.164970
-57.129623
-57.304001
-57.296661
-57.492474
-57.403610
-57.455494
-57.597088
-57.550938
-57.626083
-57.553921
-57.844440
-57.675220
-57.755463
-57.830570
-57.871880
-57.897976
-57.971981
-58.008911
-58.064915
-58.119068
-58.128422
-58.134823
-58.124561
-58.033554
-58.087399
-57.984131
-58.048515
-58.160809
-57.972019
-58.160595
-58.049038
-58.022549
-57.795773
-58.049038
-58.114052
-57.985386
-58.051086
-58.066181
-58.219810
-58.093887
-58.116547
-58.056477
-58.192223
-58.064434
-58.080696
-58.177872
-58.265182
-58.198029
-58.138645
-58.257751
-58.247360
-58.057728
-58.221249
-58.264114
-58.333263
-58.065662
-58.066277
-58.023182
-58.117134
-58.026337
-57.966705
-57.987675
-57.811089
-57.917149
-57.927822
-57.919018
-57.773518
-57.699463
-57.684608
-57.659607
-57.656902
-57.578419
-57.534477
-57.422955
-57.280647
-57.294582
-57.346363
-57.136116
-57.039501
-57.126637
-57.085915
-56.981991
-56.906036
-56.919971
-56.821480
-56.765228
-56.837036
-56.808426
-56.758095
-56.647377
-56.581135
-56.515137
-56.446754
-56.236477
-56.258408
-56.178413
-55.891098
-55.697479
-55.492035
-55.423222
-55.233398
-55.141747
-54.852879
-54.644974
-54.584793
-54.480343
-54.354057
-54.183826
-54.007557
-53.862751
-53.579033
-53.560799
-53.322109
-53.025345
-52.792011
-52.726498
-52.321648
-52.112999
-52.089603
-51.646870
-51.368904
-51.254353
-51.027916
-50.869892
-50.584690
-50.446472
-50.312481
-50.104733
-49.855724
-49.605858
-49.436066
-49.136967
-48.955929
-48.638065
-48.425423
-48.029831
-47.820595
-47.498222
-47.270126
-47.154728
-46.712536
-46.448040
-46.271290
-46.027344
-45.719265
-45.455017
-45.216591
-44.830284
-44.532104
-44.190285
-43.892899
-43.616131
-43.189892
-42.877995
-42.601742
-42.260303
-41.789047
-41.457275
-41.223480
-40.926342
-40.596287
-40.186726
-39.922707
-39.642979
-39.367069
-39.029007
-38.749348
-38.330036
-38.069344
-37.664204
-37.376926
-36.991699
-36.674477
-36.245327
-35.918694
-35.498100
-35.116055
-34.767490
-34.355545
-34.136303
-33.771748
-33.430969
-33.016029
-32.790703
-32.565102
-32.278961
-31.989876
-31.808250
-31.516710
-31.144836
-30.860437
-30.701855
-30.440331
-30.158918
-29.884993
-29.648483
-29.392626
-29.210423
-28.940868
-28.707726
-28.425665
-28.149567
-27.957062
-27.852776
-27.420214
-27.184725
-27.053534
-26.824080
-26.565651
-26.209105
-26.127182
-25.845509
-25.685627
-25.366812
-25.161768
-25.110376
-24.839500
-24.535719
-24.367039
-24.263021
-24.021034
-23.735319
-23.526842
-23.481438
-23.231211
-22.814743
-22.636808
-22.458139
-22.240992
-21.858162
-21.714010
-21.525896
-21.253641
-20.990597
-20.787449
-20.596912
-20.239429
-20.048872
-19.845167
-19.753593
-19.489893
-19.218836
-18.922396
-18.758614
-18.541412
-18.311720
-18.110968
-18.003979
-17.785257
-17.509035
-17.297703
-17.318521
-17.031675
-16.811563
-16.655273
-16.560551
-16.480066
-16.165171
-15.934185
-15.766265
-15.591524
-15.446868
-15.254887
-15.122895
-14.904773
-14.709970
-14.578795
-14.486922
-14.359495
-14.192449
-14.092881
-13.859978
-13.807586
-13.623251
-13.481974
-13.367379
-13.177915
-12.997090
-12.821704
-12.704429
-12.556212
-12.439664
-12.219378
-12.140676
-11.915689
-11.833489
-11.726390
-11.676054
-11.517004
-11.396586
-11.170727
-11.140411
-11.085129
-10.998401
-10.882981
-10.716667
-10.660422
-10.528585
-10.459641
-10.322192
-10.223282
-9.997599
-9.873276
-9.814074
-9.587388
-9.477779
-9.327413
-9.182060
-8.932899
-8.744974
-8.677476
-8.539214
-8.321783
-8.136679
-8.047153
-7.969624
-7.797386
-7.635964
-7.556458
-7.410824
-7.331390
-7.293151
-7.019055
-6.905275
-6.810373
-6.616644
-6.486720
-6.485576
-6.459981
-6.149834
-6.120737
-6.082598
-5.977522
-5.854439
-5.861168
-5.848629
-5.658214
-5.693596
-5.594979
-5.620559
-5.588354
-5.529781
-5.439881
-5.396761
-5.359433
-5.349986
-5.315872
-5.272792
-5.220463
-5.149257
-5.175461
-5.046911
-5.042181
-4.988817
-5.051718
-4.912183
-4.941679
-4.837487
-4.865910
-4.866330
-4.773021
-4.661040
-4.689365
-4.661668
-4.458938
-4.522018
-4.481881
-4.516034
-4.301448
-4.291674
-4.304695
-4.242064
-4.246917
-4.154349
-4.172510
-4.214071
-4.292964
-4.042844
-4.168343
-4.186813
-4.147523
-4.089071
-4.067354
-4.111953
-3.991488
-3.998184
-4.001811
-3.958911
-4.039561
-3.922980
-3.952199
-3.893827
-4.013862
-3.992180
-3.998690
-3.988566
-4.080733
-4.056355
-4.055067
-4.030795
-4.174084
-4.110917
-4.146394
-4.135583
-4.176808
-4.281502
-4.305256
-4.309588
-4.392722
-4.360208
-4.414574
-4.444818
-4.581571
-4.524862
-4.572562
-4.535352
-4.672843
-4.602260
-4.610973
-4.486863
-4.575863
-4.589691
-4.623351
-4.564439
-4.598358
-4.608016
-4.553580
-4.610824
-4.700811
-4.719193
-4.626566
-4.529325
-4.588746
-4.511074
-4.530501
-4.447998
-4.393220
-4.291615
-4.271098
-4.225081
-4.137705
-4.088072
-3.994630
-3.966334
-3.939510
-3.942983
-3.829937
-3.804919
-3.749363
-3.642687
-3.659453
-3.686360
-3.594807
-3.477643
-3.416600
-3.445589
-3.304065
-3.248636
-3.273158
-3.229298
-2.992396
-3.077539
-3.107452
-2.973899
-2.953028
-2.919723
-3.026251
-2.885623
-2.907077
-2.827550
-2.888316
-2.894676
-2.828084
-2.771567
-2.752964
-2.934930
-2.632863
-2.728917
-2.761430
-2.681023
-2.529699
-2.579463
-2.582232
-2.444059
-2.461931
-2.409971
-2.384514
-2.206410
-2.347722
-2.215861
-2.261800
-2.147320
-2.226085
-2.244394
-2.160759
-2.054324
-2.071767
-2.050323
-1.990453
-2.025163
-2.008812
-1.880172
-1.871861
-1.839352
-1.728379
-1.762464
-1.788012
-1.735800
-1.733223
-1.663768
-1.644182
-1.754086
-1.721754
-1.560166
-1.664340
-1.610546
-1.589527
-1.553959
-1.583882
-1.442704
-1.359565
-1.393498
-1.360608
-1.348018
-1.292321
-1.213639
-1.180898
-1.253097
-1.223020
-1.101313
-1.154546
-1.151345
-1.069873
-1.115693
-1.099913
-1.080284
-0.928018
-0.907496
-0.952981
-0.905560
-0.822146
-0.755540
-0.742230
-0.751976
-0.620907
-0.596989
-0.551412
-0.561178
-0.530339
-0.622484
-0.450393
-0.482279
-0.479612
-0.416393
-0.408048
-0.404465
-0.328997
-0.337128
-0.359283
-0.252882
-0.268371
-0.233680
-0.181410
-0.172073
-0.186490
-0.259780
-0.223622
-0.175941
-0.220636
-0.222076
-0.219316
-0.233749
-0.217051
-0.143436
-0.187122
-0.165323
-0.147402
-0.186543
-0.200461
-0.117280
-0.092079
-0.187012
-0.156764
-0.161411
-0.211537
-0.228297
-0.193815
-0.203671
-0.252788
-0.320720
-0.299923
-0.304471
-0.289648
-0.422935
-0.353535
-0.348168
-0.390231
-0.424599
-0.427434
-0.397627
-0.537869
-0.566366
-0.440304
-0.476111
-0.578477
-0.618446
-0.570933
-0.613460
-0.639612
-0.578850
-0.619499
-0.709504
-0.769105
-0.798534
-0.766200
-0.697776
-0.854330
-0.894602
-0.938719
-0.884032
-0.887334
-0.814968
-0.923919
-0.942426
-0.999209
-0.956284
-0.969272
-0.887901
-0.987493
-1.011988
-1.096927
-1.009988
-1.047906
-1.037056
-1.116772
-1.117614
-1.110283
-1.065517
-1.087124
-1.092997
-1.129351
-1.142719
-1.037708
-1.038031
-1.081881
-1.118231
-1.149572
-1.122036
-1.021911
-1.110391
-1.107152
-1.194672
-1.135190
-1.186870
-1.134133
-1.100253
-1.096417
-1.180162
-1.107358
-1.114280
-1.129120
-1.123164
-1.084353
-1.112773
-1.175885
-1.157972
-1.177150
-1.206732
-1.202316
-1.237801
-1.220053
-1.205034
-1.213916
-1.267005
-1.192901
-1.163193
-1.199479
-1.149676
-1.194704
-1.261737
-1.221771
-1.185651
-1.219019
-1.228824
-1.177972
-1.189244
-1.142822
-1.229490
-1.180600
-1.106850
-1.076620
-1.076539
-0.906386
-0.958978
-1.090504
-1.055501
-0.952501
-0.882569
-0.951164
-0.957510
-1.095705
-0.979856
-0.898244
-0.988437
-1.020018
-0.873706
-0.928980
-0.961913
-0.822569
-0.729743
-0.885772
-0.826834
-0.859957
-0.831426
-0.729112
-0.678277
-0.814173
-0.808693
-0.739717
-0.695107
-0.682610
-0.640384
-0.681129
-0.695602
-0.639234
-0.527697
-0.508021
-0.520323
-0.483220
-0.448883
-0.483316
-0.491822
-0.471951
-0.465936
-0.467163
-0.443886
-0.515340
-0.559118
-0.511756
-0.495451
-0.546445
-0.527914
-0.434040
-0.503912
-0.522541
-0.495996
-0.359563
-0.389939
-0.408243
-0.473836
-0.401998
-0.375454
-0.330686
-0.333909
-0.357634
-0.324497
-0.340663
-0.336587
-0.241244
-0.156440
-0.256365
-0.232303
-0.121385
-0.094728
-0.032605
-0.091276
-0.002366
0.057567
0.002797
-0.030487
0.004990
0.015527
0.006671
0.028551
0.119028
0.174195
-0.009571
0.092250
0.200336
0.185276
0.221425
0.189301
0.303668
0.206925
0.416505
0.269129
0.326764
0.332971
0.350649
0.262477
0.384444
0.369877
0.365712
0.333596
0.284271
0.376153
0.458915
0.380455
0.411200
0.418713
0.526022
0.378526
0.512437
0.514856
0.515766
0.410334
0.395613
0.507195
0.467902
0.487065
0.459481
0.507858
0.509950
0.439397
0.407249
0.496112
0.506176
0.413743
0.522712
0.500592
0.498283
0.480838
0.458446
0.465160
0.416041
0.424833
0.421152
0.465724
0.427125
0.471851
0.381029
0.359756
0.440341
0.480885
0.358438
0.393745
0.395659
0.407979
0.399945
0.481922
0.377233
0.403560
0.362120
0.395890
0.450971
0.359074
0.371992
0.294703
0.385248
0.363842
0.431400
0.341697
0.363079
0.316251
0.297135
0.442801
0.409311
0.268947
0.209657
0.299689
0.345311
0.224268
0.293494
0.243636
0.207992
0.120058
0.115547
0.302538
0.126124
0.155890
0.028821
0.129569
0.037079
0.091478
-0.051497
-0.018214
0.040745
-0.021564
-0.012955
-0.084688
-0.093284
-0.099712
-0.123464
-0.048111
-0.049994
-0.096619
-0.041870
-0.055362
-0.107864
-0.031095
-0.068934
-0.053784
-0.141724
-0.147404
-0.123159
-0.057935
-0.164272
-0.165670
-0.150611
-0.118241
-0.159691
-0.151932
-0.069004
-0.053670
-0.087949
-0.013028
-0.021253
-0.077636
-0.080029
-0.060530
-0.105141
-0.070258
-0.033455
-0.172175
-0.201921
-0.216337
-0.102630
-0.167877
-0.243060
-0.221874
-0.276707
-0.178840
-0.157145
-0.275780
-0.357027
-0.233437
-0.314287
-0.299531
-0.309807
-0.412409
-0.500955
-0.382309
-0.415208
-0.438800
-0.491254
-0.490401
-0.530687
-0.464080
-0.524634
-0.524845
-0.627698
-0.522747
-0.504141
-0.542113
-0.578895
-0.595844
-0.671387
-0.651312
-0.648658
-0.671520
-0.642011
-0.699473
-0.725805
-0.767291
-0.748828
-0.705999
-0.731271
-0.856120
-0.806691
-0.730575
-0.780579
-0.765180
-0.869080
-0.832174
-0.874318
-0.829791
-0.816648
-0.773759
-0.861202
-0.897017
-0.821152
-0.899374
-0.935919
-0.865104
-0.852566
-0.908243
-0.907799
-0.955129
-0.922263
-0.896641
-1.022142
-0.948197
-0.924629
-0.946882
-1.103300
-1.024378
-0.945356
-0.947657
-1.071639
-1.006171
-1.018217
-1.066848
-1.064838
-1.022177
-1.102882
-1.093021
-1.110658
-1.075251
-1.128644
-1.206364
-1.260048
-1.218287
-1.268622
-1.352770
-1.310644
-1.314473
-1.388719
-1.421418
-1.430046
-1.381301
-1.447807
-1.474774
-1.469726
-1.482791
-1.476596
-1.510964
-1.556255
-1.575968
-1.625221
-1.619865
-1.640854
-1.636161
-1.651464
-1.678108
-1.740735
-1.734577
-1.733315
-1.648950
-1.699375
-1.660802
-1.684220
-1.648188
-1.633778
-1.694961
-1.709156
-1.723481
-1.681961
-1.680054
-1.701143
-1.727687
-1.695924
-1.775701
-1.744695
-1.772177
-1.727058
-1.698684
-1.668035
-1.777382
-1.762681
-1.581496
-1.563866
-1.690579
-1.667085
-1.633783
-1.478778
-1.556711
-1.677726
-1.602894
-1.568808
-1.644781
-1.656681
-1.630480
-1.563880
-1.580921
-1.661432
-1.613932
-1.525962
-1.553892
-1.514776
-1.565137
-1.505574
-1.512097
-1.435203
-1.572901
-1.514869
-1.544290
-1.517117
-1.524615
-1.554873
-1.526342
-1.520118
-1.566093
-1.534117
-1.514125
-1.490483
-1.462105
-1.480331
-1.506327
-1.445340
-1.364315
-1.389765
-1.475305
-1.405793
-1.271450
-1.358733
-1.406766
-1.240035
-1.249583
-1.331922
-1.399251
-1.320248
-1.189370
-1.265317
-1.322060
-1.297267
-1.186296
-1.173331
-1.239862
-1.225148
-1.132713
-1.108891
-1.163293
-1.142369
-1.014700
-1.047247
-1.184621
-1.091914
-1.160565
-1.097680
-1.078418
-0.987118
-0.983121
-0.973656
-1.018284
-0.997695
-0.964600
-0.914055
-0.810146
-0.924345
-0.934129
-0.877197
-0.823134
-0.834385
-0.890738
-0.966486
-0.838801
-0.794979
-0.820146
-0.899491
-0.820654
-0.823664
-0.836821
-0.770296
-0.738628
-0.668317
-0.744949
-0.802186
-0.739344
-0.627127
-0.636629
-0.669567
-0.716873
-0.643650
-0.595880
-0.675008
-0.655621
-0.692388
-0.589560
-0.544514
-0.664462
-0.649356
-0.583598
-0.508667
-0.603095
-0.554071
-0.489549
-0.498772
-0.597163
-0.552392
-0.397796
-0.381788
-0.513857
-0.557093
-0.521569
-0.496408
-0.487919
-0.495168
-0.530172
-0.497755
-0.507776
-0.426847
-0.514237
-0.436265
-0.475941
-0.505868
-0.436577
-0.467054
-0.445204
-0.458253
-0.435779
-0.577614
-0.468231
-0.357605
-0.524380
-0.668292
-0.543235
-0.437703
-0.470711
-0.498320
-0.525105
-0.430828
-0.479347
-0.406380
-0.341325
-0.268257
-0.392492
-0.465846
-0.373874
-0.347468
-0.341780
-0.421453
-0.450991
-0.422695
-0.371729
-0.264438
-0.317574
-0.391711
-0.381281
-0.327089
-0.376880
-0.447803
-0.273437
-0.238817
-0.262615
-0.404573
-0.310730
-0.289481
-0.279431
-0.375115
-0.329000
-0.259633
-0.123900
-0.272242
-0.396102
-0.317100
-0.223306
-0.285954
-0.365888
-0.198691
-0.321053
-0.351038
-0.447170
-0.282412
-0.371710
-0.383993
-0.404650
-0.442226
-0.344649
-0.314010
-0.323162
-0.414824
-0.467802
-0.367713
-0.371747
-0.447152
-0.436210
-0.396164
-0.435123
-0.476082
-0.465486
-0.442293
-0.463338
-0.475352
-0.507231
-0.450517
-0.381323
-0.363246
-0.386375
-0.350152
-0.345224
-0.369328
-0.362024
-0.369004
-0.380144
-0.351223
-0.447674
-0.429894
-0.491299
-0.403976
-0.455523
-0.439073
-0.443765
-0.428289
-0.347223
-0.444218
-0.449920
-0.424821
-0.344697
-0.375308
-0.401782
-0.435409
-0.362526
-0.362879
-0.496320
-0.558134
-0.492165
-0.544899
-0.543679
-0.583001
-0.530430
-0.542439
-0.561880
-0.572077
-0.605985
-0.505638
-0.553383
-0.552986
-0.630523
-0.596356
-0.552876
-0.605386
-0.670950
-0.720066
-0.651480
-0.681335
-0.663497
-0.715591
-0.743669
-0.768206
-0.665220
-0.730951
-0.713949
-0.696923
-0.707061
-0.746363
-0.694796
-0.667492
-0.695063
-0.745112
-0.763342
-0.700661
-0.767566
-0.841619
-0.828182
-0.799119
-0.732411
-0.769642
-0.777253
-0.745884
-0.752192
-0.744020
-0.723162
-0.777833
-0.698974
-0.711307
-0.729100
-0.765776
-0.650654
-0.720180
-0.829848
-0.809897
-0.759969
-0.715320
-0.774566
-0.865420
-0.750838
-0.703057
-0.706103
-0.727332
-0.659021
-0.723109
-0.663302
-0.688965
-0.630081
-0.647389
-0.743573
-0.702352
-0.677158
-0.710246
-0.709379
-0.730945
-0.822722
-0.810664
-0.727477
-0.704459
-0.841340
-0.790014
-0.773748
-0.713544
-0.789344
-0.802224
-0.748963
-0.728340
-0.760561
-0.859310
-0.808811
-0.733292
-0.839680
-0.872816
-0.892832
-0.840048
-0.877452
-0.892735
-0.969452
-0.841622
-0.870283
-0.891267
-0.882507
-0.875438
-0.868607
-0.860885
-0.810826
-0.875626
-0.871618
-0.898623
-0.859885
-0.860857
-0.863481
-0.857331
-0.892771
-0.861061
-0.805336
-0.731518
-0.839109
-0.777641
-0.804352
-0.668632
-0.660282
-0.758550
-0.733940
-0.675030
-0.764237
-0.744965
-0.663956
-0.752901
-0.759328
-0.808196
-0.808924
-0.738460
-0.752501
-0.764566
-0.795964
-0.758047
-0.748767
-0.750383
-0.790585
-0.805045
-0.779254
-0.892450
-0.867701
-0.776391
-0.760299
-0.849724
-0.887387
-0.916822
-0.847700
-0.799144
-0.810062
-0.941395
-0.827816
-0.901937
-0.839820
-0.909055
-0.883651
-0.883054
-0.957493
-0.933855
-0.935111
-0.852509
-0.995041
-0.925598
-0.915953
-0.866555
-0.952596
-0.952213
-0.958600
-0.837762
-0.884165
-0.921562
-0.929213
-0.861268
-0.993721
-0.989061
-0.974683
-0.891244
-0.965016
-0.973147
-0.992746
-0.950751
-0.946049
-0.916637
-1.025063
-0.905761
-0.935733
-0.855080
-1.027657
-0.911415
-0.904270
-0.986951
-0.978833
-0.938966
-0.910010
-1.076812
-1.051806
-0.980039
-0.946496
-0.966762
-1.016141
-1.007731
-0.999095
-0.937964
-0.967006
-0.977761
-0.975683
-0.928873
-0.953518
-0.914170
-0.945284
-0.924055
-1.029176
-0.988063
-0.962621
-0.863429
-0.920570
-0.966683
-0.962651
-0.872790
-0.903578
-0.941259
-0.944503
-0.844694
-0.903230
-0.886271
-0.949273
-0.916700
-0.944265
-1.056372
-1.033766
-1.037297
-0.863469
-1.042376
-1.001020
-1.059133
-0.915740
-0.886214
-0.958448
-0.899948
-0.917777
-0.895585
-0.940882
-0.826681
-0.911428
-0.919329
-0.921902
-0.903896
-0.925563
-0.889590
-0.898230
-0.978288
-0.947181
-0.833707
-0.837269
-0.852667
-0.936409
-0.784314
-0.904296
-0.917648
-0.852150
-0.775654
-0.828651
-0.949151
-0.931080
-0.825512
-0.913173
-0.932182
-0.885876
-0.774882
-0.826511
-0.907088
-0.814616
-0.827861
-0.823102
-0.875644
-0.801445
-0.645269
-0.671872
-0.755315
-0.743173
-0.694211
-0.781012
-0.801254
-0.784885
-0.749525
-0.714353
-0.695612
-0.764200
-0.757079
-0.780539
-0.741640
-0.764121
-0.746863
-0.710473
-0.649935
-0.679790
-0.653788
-0.676289
-0.671759
-0.748235
-0.752858
-0.569802
-0.654907
-0.700936
-0.660990
-0.678312
-0.642455
-0.633053
-0.657007
-0.774813
-0.588864
-0.579891
-0.597584
-0.624134
-0.547815
-0.587703
-0.648251
-0.564785
-0.549225
-0.527048
-0.611194
-0.594163
-0.523200
-0.493063
-0.577274
-0.585680
-0.631502
-0.502763
-0.508957
-0.502500
-0.517938
-0.463174
-0.453611
-0.492079
-0.536037
-0.518859
-0.388470
-0.468037
-0.501495
-0.457224
-0.393389
-0.493061
-0.456841
-0.448863
-0.430860
-0.450373
-0.487540
-0.427669
-0.419170
-0.407636
-0.505046
-0.441914
-0.405703
-0.411211
-0.388301
-0.394653
-0.364073
-0.405674
-0.344251
-0.407124
-0.384596
-0.340672
-0.344100
-0.329569
-0.356442
-0.242470
-0.261465
-0.355586
-0.322388
-0.279832
-0.336514
-0.305143
-0.301354
-0.230330
-0.279331
-0.413117
-0.379929
-0.308016
-0.252303
-0.277320
-0.326892
-0.309120
-0.313471
-0.264260
-0.260641
-0.264824
-0.280820
-0.312257
-0.307288
-0.260974
-0.280262
-0.344866
-0.325422
-0.338843
-0.303900
-0.237799
-0.369453
-0.314235
-0.390595
-0.296304
-0.288303
-0.321997
-0.334012
-0.341261
-0.269984
-0.369114
-0.335878
-0.310741
-0.385364
-0.336657
-0.309337
-0.304800
-0.350773
-0.330907
-0.393063
-0.309233
-0.324455
-0.238866
-0.419790
-0.390076
-0.315183
-0.273206
-0.311731
-0.365390
-0.306982
-0.361645
-0.304905
-0.315084
-0.336656
-0.367339
-0.341548
-0.334866
-0.314966
-0.287306
-0.330032
-0.425140
-0.339978
-0.332913
-0.293935
-0.382412
-0.422396
-0.331143
-0.291736
-0.395595
-0.422629
-0.384618
-0.333241
-0.409406
-0.385725
-0.379857
-0.368754
-0.408792
-0.453997
-0.394303
-0.392236
-0.360174
-0.448485
-0.442227
-0.491935
-0.465268
-0.465986
-0.512472
-0.485630
-0.453315
-0.541186
-0.559777
-0.498354
-0.509446
-0.549421
-0.531348
-0.515692
-0.553455
-0.516074
-0.528823
-0.582125
-0.488620
-0.513905
-0.537814
-0.559260
-0.531680
-0.562137
-0.557734
-0.563675
-0.529273
-0.567911
-0.614403
-0.568699
-0.611647
-0.562101
-0.545369
-0.590986
-0.631915
-0.617394
-0.559163
-0.587932
-0.592969
-0.603040
-0.662108
-0.717862
-0.688725
-0.699537
-0.671700
-0.801046
-0.752564
-0.817499
-0.810104
-0.840054
-0.814461
-0.829118
-0.842808
-0.811854
-0.841756
-0.830662
-0.868984
-0.803411
-0.705244
-0.881191
-0.902660
-0.743173
-0.695392
-0.766968
-0.860618
-0.798826
-0.692638
-0.832339
-0.854244
-0.813142
-0.792384
-0.883529
-0.805835
-0.748571
-0.789703
-0.906575
-0.877788
-0.851591
-0.787597
-0.841234
-0.846975
-0.843091
-0.829732
-0.934982
-0.893334
-0.793262
-0.803662
-0.908047
-0.822820
-0.760430
-0.903878
-0.866745
-0.689097
-0.690414
-0.855619
-0.851812
-0.765820
-0.735687
-0.776198
-0.791087
-0.793874
-0.815073
-0.796984
-0.808212
-0.769013
-0.788382
-0.904461
-0.797408
-0.717779
-0.765947
-0.782884
-0.786590
-0.822702
-0.749862
-0.694430
-0.664504
-0.694713
-0.714580
-0.612431
-0.590115
-0.675664
-0.694558
-0.681996
-0.659537
-0.633355
-0.625846
-0.617785
-0.637446
-0.663821
-0.735396
-0.726328
-0.608988
-0.505522
-0.591688
-0.588716
-0.615465
-0.551779
-0.522498
-0.461512
-0.556917
-0.556828
-0.517128
-0.430545
-0.405639
-0.455664
-0.449953
-0.536241
-0.433160
-0.351945
-0.423889
-0.495740
-0.456642
-0.413971
-0.438303
-0.399296
-0.389419
-0.377995
-0.382448
-0.359233
-0.278911
-0.331758
-0.414902
-0.423242
-0.260267
-0.224566
-0.336766
-0.376901
-0.355181
-0.315468
-0.291235
-0.243886
-0.318662
-0.322149
-0.386592
-0.316928
-0.278103
-0.188165
-0.292758
-0.264036
-0.347491
-0.283403
-0.292561
-0.275197
-0.353858
-0.286345
-0.301470
-0.302531
-0.255548
-0.271888
-0.277651
-0.362110
-0.339887
-0.358516
-0.256462
-0.345114
-0.381475
-0.348927
-0.358752
-0.372964
-0.357992
-0.271824
-0.307126
-0.300296
-0.400514
-0.411819
-0.226975
-0.215767
-0.334414
-0.354616
-0.363530
-0.365499
-0.361563
-0.276965
-0.340806
-0.399921
-0.403441
-0.363503
-0.423631
-0.506768
-0.447174
-0.391332
-0.378294
-0.575821
-0.422538
-0.524655
-0.588462
-0.534355
-0.351002
-0.358358
-0.490552
-0.415753
-0.445307
-0.391039
-0.457201
-0.445808
-0.416234
-0.412731
-0.347350
-0.423716
-0.402869
-0.492774
-0.426130
-0.499205
-0.436123
-0.456312
-0.385353
-0.412556
-0.383884
-0.453899
-0.525439
-0.509212
-0.416004
-0.514228
-0.472596
-0.546254
-0.521966
-0.597256
-0.564750
-0.565325
-0.643156
-0.594727
-0.526721
-0.504483
-0.494055
-0.477025
-0.414737
-0.446504
-0.449063
-0.369162
-0.387175
-0.376521
-0.346226
-0.444665
-0.401746
-0.414227
-0.376676
-0.492538
-0.392740
-0.387766
-0.371006
-0.382706
-0.427384
-0.328027
-0.317051
-0.336017
-0.300802
-0.289199
-0.236022
-0.287449
-0.229839
-0.328501
-0.235163
-0.344150
-0.185231
-0.296377
-0.295014
-0.272375
-0.232490
-0.170115
-0.172895
-0.160424
-0.192578
-0.123511
-0.120595
-0.073327
-0.054535
-0.136841
-0.140427
-0.144770
-0.026290
-0.012848
-0.083252
-0.024984
-0.048001
-0.029297
-0.053085
0.113855
0.082920
0.029302
0.106835
0.223892
0.174822
0.107439
0.171991
0.195378
0.166925
0.084974
0.107158
0.260702
0.181134
0.069654
0.111173
0.237010
0.071162
0.198846
0.260755
0.259302
0.190917
0.272717
0.341547
0.265099
0.243920
0.338155
0.244339
0.221633
0.197082
0.190529
0.155239
0.091605
0.030394
0.114401
0.087375
0.004888
0.047966
0.109931
0.006679
0.108990
0.104451
0.065804
0.071392
0.087476
0.073281
0.034478
0.054236
0.057777
-0.025157
-0.069694
-0.041173
-0.045345
-0.103186
-0.150669
-0.088606
-0.180065
-0.174803
-0.237395
-0.233612
-0.323683
-0.282676
-0.308424
-0.315564
-0.388263
-0.444266
-0.442644
-0.482803
-0.518866
-0.502681
-0.578610
-0.560712
-0.623938
-0.568546
-0.649699
-0.703714
-0.710065
-0.644738
-0.832639
-0.781533
-0.674538
-0.829014
-0.872206
-0.838568
-0.846767
-0.911188
-0.848188
-0.937044
-1.004403
-1.001479
-1.008631
-0.978435
-1.110523
-1.058727
-1.143167
-1.159552
-1.151265
-1.122810
-1.291453
-1.292119
-1.254008
-1.251200
-1.255117
-1.345367
-1.325059
-1.249618
-1.325103
-1.334048
-1.366035
-1.339356
-1.405210
-1.351748
-1.368206
-1.413377
-1.528555
-1.501353
-1.481082
-1.630227
-1.586589
-1.698533
-1.599759
-1.745837
-1.787773
-1.831394
-1.836684
-1.921926
-1.951256
-1.892429
-1.863878
-1.953269
-1.977675
-1.972353
-1.954833
-1.936655
-1.852792
-1.935040
-1.931226
-1.931093
-1.873143
-1.905667
-2.032211
-2.092427
-2.068981
-2.146494
-2.121610
-2.170811
-2.151332
-2.289214
-2.258756
-2.271376
-2.178150
-2.317956
-2.289089
-2.382062
-2.330632
-2.308044
-2.351383
-2.426887
-2.490316
-2.475114
-2.512336
-2.571287
-2.553697
-2.653229
-2.683952
-2.722013
-2.704771
-2.686635
-2.769792
-2.855582
-2.882369
-2.856791
-2.892951
-2.888174
-3.030364
-3.105850
-3.132334
-3.207733
-3.207289
-3.281712
-3.403310
-3.438683
-3.536946
-3.506486
-3.617053
-3.727129
-3.749897
-3.750573
-3.821158
-3.964608
-3.978645
-4.002491
-4.063373
-4.197841
-4.257095
-4.302945
-4.415321
-4.476587
-4.561923
-4.644111
-4.784969
-4.718425
-4.882886
-4.977735
-4.994658
-5.076967
-5.197877
-5.256514
-5.400184
-5.475060
-5.536696
-5.600108
-5.748435
-5.840630
-5.986980
-5.950264
-6.102955
-6.164662
-6.276942
-6.379337
-6.384315
-6.478737
-6.651469
-6.677636
-6.701721
-6.908654
-7.012014
-6.971984
-7.113428
-7.253969
-7.327638
-7.416414
-7.509068
-7.642486
-7.707926
-7.756786
-7.903550
-8.057920
-8.147412
-8.197133
-8.386397
-8.487225
-8.634319
-8.778541
-8.869553
-9.003709
-9.138535
-9.341500
-9.426203
-9.583673
-9.741563
-9.853368
-10.053985
-10.090720
-10.235664
-10.402010
-10.496134
-10.628365
-10.854758
-10.951318
-11.000724
-11.184227
-11.399569
-11.521716
-11.626290
-11.769074
-11.959467
-12.164456
-12.273211
-12.382610
-12.516695
-12.664111
-12.875846
-12.965114
-13.155439
-13.322294
-13.417807
-13.548828
-13.716724
-13.850755
-14.027767
-14.159541
-14.338260
-14.478950
-14.602321
-14.797798
-15.006981
-15.175910
-15.262217
-15.507533
-15.676964
-15.881444
-16.015310
-16.207489
-16.429472
-16.550816
-16.754217
-16.913549
-17.144669
-17.236027
-17.416380
-17.605579
-17.805794
-17.981775
-18.163336
-18.292587
-18.509344
-18.675995
-18.904890
-19.129305
-19.189901
-19.394209
-19.581192
-19.796579
-19.998022
-20.172615
-20.296629
-20.492489
-20.668415
-20.865568
-21.096989
-21.270718
-21.440351
-21.580156
-21.869232
-21.983370
-22.154839
-22.321131
-22.562790
-22.606272
-22.901085
-23.137260
-23.201679
-23.364561
-23.529488
-23.735413
-23.942839
-24.139830
-24.255959
-24.407005
-24.711370
-24.834810
-25.020636
-25.167311
-25.420431
-25.542976
-25.736158
-26.014414
-26.097912
-26.255407
-26.428595
-26.646791
-26.817217
-26.985680
-27.180204
-27.234909
-27.514502
-27.580826
-27.898445
-28.008270
-28.171991
-28.215357
-28.427574
-28.519979
-28.682705
-28.822376
-28.950600
-29.031782
-29.146095
-29.298288
-29.436720
-29.605293
-29.678968
-29.847164
-30.018585
-30.169834
-30.288145
-30.300594
-30.518192
-30.658184
-30.708031
-30.857401
-30.970032
-31.144770
-31.116283
-31.248297
-31.338509
-31.523136
-31.539162
-31.750952
-31.747618
-31.963417
-32.026176
-32.203728
-32.315186
-32.452160
-32.476368
-32.609188
-32.762802
-32.802811
-32.871300
-33.089226
-33.107853
-33.211208
-33.209538
-33.398636
-33.423462
-33.493149
-33.662647
-33.754559
-33.791916
-33.933018
-34.054985
-34.063660
-34.088787
-34.244854
-34.315170
-34.343189
-34.439781
-34.537868
-34.527328
-34.609974
-34.728073
-34.787830
-34.830338
-34.987709
-35.091743
-35.088017
-35.227020
-35.314514
-35.368309
-35.577724
-35.544296
-35.670650
-35.724155
-35.670731
-35.808277
-35.903492
-36.070595
-36.019588
-36.032330
-36.144829
-36.227039
-36.297733
-36.323822
-36.448868
-36.526176
-36.563953
-36.700050
-36.743839
-36.861698
-36.845886
-36.932056
-37.126053
-37.378372
-37.358418
-37.409588
-37.555466
-37.748180
-37.882019
-37.962318
-38.190620
-38.326645
-38.390640
-38.471626
-38.701416
-38.842804
-38.864758
-39.073608
-39.211926
-39.375134
-39.445026
-39.537872
-39.777737
-39.859795
-39.944077
-40.148575
-40.299831
-40.342453
-40.380127
-40.627529
-40.722168
-40.817154
-40.938591
-41.057724
-41.186493
-41.365402
-41.411919
-41.591484
-41.732685
-41.896561
-41.910454
-42.089481
-42.324539
-42.412640
-42.483761
-42.674053
-42.776318
-42.894386
-43.039707
-43.123611
-43.223598
-43.363621
-43.447792
-43.563686
-43.696819
-43.798393
-43.899696
-44.022980
-44.039402
-44.198914
-44.260563
-44.385162
-44.431644
-44.650200
-44.700352
-44.761608
-44.962326
-44.985245
-45.068756
-45.200531
-45.356346
-45.406105
-45.428089
-45.588860
-45.686993
-45.746777
-45.801559
-45.880356
-46.041920
-46.086525
-46.112553
-46.313629
-46.298931
-46.410316
-46.535576
-46.561737
-46.607414
-46.788902
-46.842930
-46.911758
-46.960522
-47.098381
-47.205933
-47.269073
-47.344036
-47.400181
-47.584488
-47.635639
-47.632797
-47.781952
-47.894764
-47.868744
-48.050190
-48.124237
-48.134125
-48.208447
-48.329189
-48.428371
-48.456333
-48.556629
-48.689274
-48.622955
-48.638618
-48.887367
-48.880096
-48.864082
-48.872742
-49.082211
-49.145042
-49.148453
-49.155777
-49.291916
-49.387367
-49.349812
-49.527927
-49.577572
-49.681278
-49.780148
-49.883835
-49.887573
-50.106995
-50.243740
-50.252304
-50.249680
-50.392059
-50.552513
-50.592670
-50.562771
-50.716675
-50.820946
-50.803303
-50.910614
-51.063030
-51.106518
-51.048420
-51.186550
-51.333817
-51.485287
-51.338177
-51.436966
-51.661194
-51.638294
-51.652870
-51.789234
-51.915276
-51.851288
-51.892563
-52.062843
-52.033367
-52.116959
-52.154041
-52.263435
-52.310329
-52.394558
-52.469311
-52.362110
-52.531979
-52.587044
-52.581127
-52.681210
-52.780457
-52.655952
-52.670551
-52.858692
-52.859371
-52.760178
-52.791565
-52.979145
-52.841713
-52.924641
-52.979042
-53.032505
-53.031315
-52.977757
-53.121990
-53.139297
-53.174202
-53.214706
-53.322762
-53.350674
-53.305634
-53.427322
-53.372486
-53.444675
-53.447746
-53.405075
-53.477283
-53.467407
-53.534203
-53.507584
-53.497658
-53.536064
-53.602798
-53.496410
-53.560246
-53.528732
-53.493805
-53.609760
-53.598343
-53.635330
-53.524380
-53.573635
-53.642960
-53.562473
-53.721889
-53.603725
-53.757771
-53.640213
-53.586182
-53.731209
-53.665421
-53.670078
-53.642700
-53.700851
-53.718319
-53.633057
-53.809082
-53.683743
-53.834965
-53.663647
-53.749954
-53.752453
-53.807850
-53.808220
-53.735157
-53.783951
-53.811790
-53.857689
-53.725319
-53.804764
-53.843025
-53.661282
-53.847511
-53.797741
-53.810501
-53.709671
-53.825748
-53.835701
-53.780636
-53.791046
-53.754436
-53.843456
-53.704681
-53.789814
-53.772522
-53.920101
-53.819633
-53.705692
-53.831203
-53.747314
-53.873901
-53.851421
-53.775524
-53.766762
-53.928066
-53.942215
-53.712856
-53.870846
-53.872955
-53.821815
-53.770363
-53.868073
-53.889977
-53.780216
-53.868183
-53.873924
-53.904140
-53.872932
-53.810139
-53.873867
-53.872749
-53.991570
-54.026245
-54.043465
-54.011196
-54.006096
-54.090981
-54.155998
-54.105534
-54.191574
-54.244175
-54.222408
-54.351578
-54.384377
-54.402218
-54.372673
-54.493519
-54.490108
-54.574024
-54.556789
-54.655926
-54.754631
-54.734764
-54.777599
-54.869507
-54.926525
-54.873962
-55.067745
-55.107548
-55.105476
-55.204071
-55.284378
-55.329136
-55.391716
-55.473351
-55.510620
-55.625774
-55.549648
-55.724319
-55.750137
-55.773724
-55.844692
-55.831516
-55.979965
-55.936806
-56.070072
-56.021893
-56.119564
-56.198357
-56.328861
-56.310787
-56.424225
-56.443111
-56.454620
-56.609684
-56.731659
-56.625877
-56.832264
-56.804104
-56.873253
-56.957287
-57.000031
-57.004128
-57.128277
-57.204067
-57.153179
-57.220409
-57.281696
-57.339340
-57.369717
-57.370258
-57.453678
-57.505882
-57.646721
-57.559792
-57.709881
-57.741722
-57.781223
-57.784092
-57.941589
-57.982918
-58.066521
-58.185856
-58.167217
-58.206192
-58.295033
-58.361984
-58.396034
-58.487480
-58.592720
-58.599545
-58.714283
-58.717327
-58.754120
-58.885170
-58.919765
-58.962852
-58.950478
-59.170433
-59.253189
-59.211792
-59.283207
-59.423946
-59.503670
-59.391903
-59.623894
-59.761536
-59.641945
-59.717251
-59.881687
-59.965115
-59.976830
-60.063976
-60.135113
-60.254154
-60.300488
-60.360630
-60.507008
-60.617344
-60.659771
-60.679108
-60.803841
-60.951019
-60.923370
-61.005711
-61.129910
-61.176388
-61.245178
-61.363476
-61.455849
-61.492943
-61.547840
-61.692257
-61.742111
-61.766098
-61.820259
-61.898029
-62.128967
-62.104084
-62.144104
-62.146461
-62.294411
-62.288891
-62.361866
-62.400921
-62.527782
-62.451241
-62.626865
-62.779163
-62.652260
-62.722446
-62.784672
-62.870930
-62.919308
-62.989475
-63.275154
-63.164032
-63.212559
-63.284149
-63.471096
-63.459358
-63.384052
-63.463650
-63.648430
-63.666637
-63.644451
-63.750362
-63.852867
-63.831627
-63.866825
-63.855213
-64.004936
-64.066139
-64.009117
-64.105804
-64.116821
-64.184555
-64.146538
-64.130295
-64.195801
-64.228676
-64.276764
-64.105934
-64.213966
-64.326508
-64.311234
-64.219940
-64.199059
-64.366020
-64.290939
-64.238449
-64.242584
-64.333939
-64.264519
-64.222931
-64.320152
-64.322395
-64.237106
-64.093430
-64.201439
-64.216476
-64.075356
-64.112854
-64.014412
-64.082428
-64.089005
-64.046432
-63.882153
-63.933598
-63.806698
-63.729748
-63.708115
-63.779427
-63.675606
-63.586208
-63.624859
-63.618973
-63.429054
-63.489445
-63.435749
-63.355663
-63.295738
-63.188190
-63.274181
-63.261818
-63.193501
-62.928944
-62.922691
-62.968231
-62.792427
-62.737335
-62.666206
-62.795753
-62.596256
-62.456188
-62.414295
-62.468121
-62.319885
-62.115574
-62.296490
-62.234959
-62.012169
-61.974434
-62.084965
-61.999313
-61.780952
-61.855415
-61.807434
-61.684662
-61.714748
-61.691357
-61.669353
-61.555878
-61.521694
-61.409042
-61.558758
-61.458569
-61.338501
-61.229084
-61.341015
-61.255932
-61.152767
-61.214787
-61.230484
-61.087257
-61.103401
-61.107277
-61.115177
-60.973007
-60.944920
-60.982540
-61.163445
-60.971745
-60.821339
-60.974102
-60.956478
-60.849167
-60.845531
-60.973900
-60.991848
-60.846413
-60.982147
-60.964058
-60.987339
-60.938251
-60.938042
-61.011833
-60.872177
-61.017025
-60.968166
-60.908726
-60.920666
-61.063854
-61.000187
-60.865578
-60.931160
-60.959473
-61.092842
-60.903011
-60.943214
-61.000141
-61.123600
-61.058372
-60.927876
-60.988678
-61.151054
-61.107365
-60.952030
-61.076813
-61.154133
-61.199730
-61.144257
-61.277000
-61.289982
-61.230984
-61.242275
-61.301346
-61.373337
-61.354500
-61.361874
-61.392452
-61.438931
-61.433243
-61.393757
-61.450657
-61.444958
-61.515862
-61.471401
-61.505604
-61.604641
-61.637691
-61.632645
-61.660770
-61.774231
-61.700966
-61.721325
-61.736217
-61.850006
-61.881550
-61.728954
-61.760208
-61.883339
-61.825802
-61.807774
-61.748550
-61.927551
-61.696709
-61.862682
-61.777000
-61.910831
-61.771069
-61.864334
-61.882809
-61.770508
-61.835732
-61.768063
-61.866009
-61.802586
-61.775291
-61.674679
-61.739029
-61.815289
-61.710606
-61.654964
-61.599556
-61.572521
-61.544373
-61.594936
-61.612377
-61.528458
-61.339779
-61.391521
-61.436436
-61.378384
-61.253246
-61.189228
-61.289173
-61.157574
-61.098881
-61.000137
-61.075672
-60.989155
-60.915054
-60.781258
-60.777897
-60.707909
-60.626404
-60.553581
-60.601826
-60.509411
-60.392403
-60.192085
-60.190269
-60.279854
-60.039989
-59.919449
-59.961926
-59.922409
-59.685829
-59.669197
-59.674862
-59.415974
-59.361641
-59.366215
-59.405907
-59.108364
-59.090305
-59.073288
-58.975395
-58.869068
-58.798447
-58.683689
-58.642475
-58.541893
-58.425766
-58.371357
-58.284252
-58.152897
-58.060356
-58.104015
-57.991894
-57.865780
-57.776489
-57.681664
-57.662849
-57.472874
-57.470043
-57.467815
-57.381092
-57.224586
-57.144463
-57.212193
-56.948498
-57.065140
-56.828991
-56.785843
-56.744766
-56.727825
-56.601856
-56.522915
-56.558540
-56.327473
-56.294426
-56.254387
-56.200035
-56.042976
-56.041508
-56.105431
-55.920654
-55.921398
-55.810608
-55.711704
-55.601387
-55.607685
-55.606369
-55.426617
-55.497757
-55.348572
-55.326309
-55.236088
-55.169945
-55.118835
-54.928696
-54.915661
-54.935585
-54.979168
-54.726639
-54.659927
-54.716141
-54.677361
-54.519932
-54.509815
-54.571693
-54.372349
-54.319637
-54.371811
-54.275627
-54.131371
-54.107498
-54.063644
-54.006516
-53.969398
-53.949009
-53.719124
-53.818848
-53.771175
-53.770363
-53.581638
-53.548679
-53.521984
-53.558640
-53.322510
-53.366028
-53.421944
-53.227043
-53.142239
-53.203419
-53.179153
-52.932011
-53.029694
-52.991344
-52.745728
-52.808899
-52.897049
-52.792133
-52.680996
-52.694016
-52.606388
-52.474133
-52.483292
-52.450977
-52.407333
-52.329826
-52.225246
-52.230991
-52.162762
-52.106373
-52.039932
-52.000187
-51.947414
-51.809574
-51.810772
-51.789295
-51.786869
-51.549511
-51.626434
-51.538143
-51.403599
-51.362045
-51.344112
-51.342754
-51.156998
-51.123516
-51.058834
-51.074490
-50.947903
-50.797089
-50.878269
-50.901745
-50.735023
-50.498367
-50.593670
-50.672474
-50.532898
-50.389370
-50.408318
-50.396591
-50.244576
-50.175285
-50.267097
-50.198566
-50.000828
-49.976131
-50.026371
-49.986897
-49.841057
-49.714390
-49.822777
-49.775173
-49.664845
-49.444660
-49.626129
-49.561237
-49.368916
-49.316833
-49.386333
-49.359936
-49.160763
-49.118977
-49.152115
-49.096779
-48.952652
-48.908398
-49.038673
-48.859299
-48.868206
-48.637794
-48.642719
-48.591324
-48.698761
-48.461708
-48.438313
-48.471798
-48.443192
-48.276829
-48.287334
-48.427544
-48.270821
-48.213734
-48.146572
-48.202774
-48.054504
-48.032887
-48.161568
-48.066025
-47.899456
-47.971333
-48.088985
-47.833729
-47.858696
-47.888481
-47.973465
-47.954105
-47.822041
-47.801224
-47.882122
-47.993561
-47.796715
-47.824974
-47.888626
-47.750744
-47.767326
-47.845242
-47.865570
-47.844223
-47.903923
-47.749931
-47.953445
-47.969269
-47.899609
-47.911297
-47.943993
-47.973450
-48.032280
-48.082367
-47.951000
-48.004623
-47.989075
-47.942608
-47.987011
-48.051949
-48.025223
-47.963524
-48.105049
-48.227020
-48.172096
-47.913509
-48.153488
-48.241932
-48.163513
-48.176201
-48.169891
-48.270725
-48.154926
-48.293816
-48.136238
-48.308777
-48.337536
-48.262764
-48.220779
-48.238094
-48.306522
-48.207607
-48.195148
-48.217522
-48.144806
-48.126999
-47.983673
-48.024506
-48.113701
-48.065445
-47.815689
-47.904598
-47.801388
-47.753502
-47.888870
-47.886684
-47.712029
-47.552944
-47.529266
-47.496017
-47.446682
-47.530022
-47.445274
-47.401249
-47.319328
-47.321693
-47.293873
-47.296169
-47.264771
-47.043766
-46.923531
-46.803028
-46.827442
-46.794945
-46.655117
-46.669308
-46.551758
-46.432522
-46.255302
-46.161598
-46.084743
-46.193874
-46.047546
-46.016289
-45.964531
-45.583923
-45.392139
-45.520653
-45.434952
-45.187572
-45.138874
-45.083935
-45.094463
-44.901161
-45.012337
-44.776783
-44.633991
-44.424454
-44.526550
-44.485832
-44.467945
-44.181042
-44.070084
-43.841824
-43.819839
-43.612831
-43.558662
-43.640900
-43.541183
-43.344498
-43.312031
-43.366356
-43.252090
-42.992306
-42.788872
-42.839989
-42.773479
-42.715103
-42.646751
-42.626503
-42.498646
-42.331718
-42.268036
-42.223866
-41.997063
-42.020237
-41.966736
-41.969967
-41.852882
-41.750595
-41.675758
-41.661518
-41.633823
-41.590927
-41.565346
-41.489254
-41.430428
-41.378078
-41.461834
-41.425106
-41.416512
-41.354473
-41.310818
-41.148880
-41.181065
-41.247009
-41.152473
-41.185619
-41.208389
-41.242901
-41.097359
-41.004463
-41.134579
-41.085274
-41.115696
-41.014114
-40.981739
-41.038208
-41.040226
-40.946480
-40.928387
-40.909081
-40.814545
-40.804028
-40.957798
-40.969959
-40.916283
-40.808826
-40.729668
-40.884727
-40.979080
-40.923607
-40.889271
-40.855362
-40.869995
-40.825703
-40.834694
-40.872166
-40.759785
-40.866474
-40.739296
-40.797199
-40.702469
-40.616409
-40.677738
-40.673519
-40.871941
-40.752003
-40.791397
-40.704548
-40.727459
-40.564686
-40.731182
-40.690392
-40.608910
-40.631130
-40.659554
-40.520325
-40.607960
-40.633244
-40.471859
-40.514938
-40.483814
-40.474964
-40.456924
-40.601025
-40.545311
-40.495785
-40.509872
-40.447853
-40.429321
-40.528130
-40.434444
-40.425415
-40.452431
-40.511669
-40.560535
-40.396469
-40.387691
-40.344082
-40.382938
-40.458694
-40.545944
-40.401642
-40.424046
-40.459904
-40.554333
-40.502041
-40.434921
-40.432304
-40.539074
-40.636993
-40.605335
-40.571449
-40.598038
-40.659893
-40.548706
-40.687706
-40.647945
-40.741421
-40.692539
-40.763298
-40.833366
-40.816090
-40.772636
-40.725414
-40.885311
-40.848663
-40.848385
-40.846596
-40.786144
-40.962803
-40.894260
-40.859524
-40.832691
-40.967930
-40.927433
-40.808632
-40.976852
-40.955875
-40.982716
-40.934719
-40.925369
-41.010048
-40.889488
-40.864273
-40.863750
-41.044720
-40.973759
-40.849201
-40.946980
-40.959957
-40.929504
-40.828259
-40.932110
-41.006996
-40.834263
-40.821957
-40.959579
-40.985893
-40.925426
-40.860626
-40.954769
-41.006046
-41.058605
-40.926540
-40.984837
-41.099014
-41.033493
-41.066738
-41.100666
-41.099903
-41.074165
-41.074139
-41.099373
-41.140327
-41.141003
-41.150276
-41.138889
-41.142258
-41.257687
-41.238213
-41.213047
-41.211830
-41.323357
-41.260468
-41.176655
-41.348961
-41.397114
-41.328979
-41.292671
-41.348587
-41.343960
-41.277294
-41.298187
-41.454876
-41.457336
-41.347565
-41.355335
-41.386600
-41.432060
-41.424118
-41.514191
-41.402008
-41.366882
-41.355423
-41.447258
-41.523842
-41.462627
-41.377415
-41.460915
-41.422249
-41.345268
-41.486027
-41.442467
-41.410240
-41.399609
-41.343376
-41.526299
-41.381580
-41.344803
-41.413414
-41.393394
-41.292244
-41.392891
-41.368099
-41.307064
-41.295547
-41.347294
-41.281960
-41.276276
-41.248070
-41.259243
-41.186985
-41.258884
-41.148232
-41.190212
-41.114197
-41.296101
-41.107220
-41.103970
-41.110203
-41.122482
-41.057949
-41.015175
-41.198315
-41.070919
-41.152756
-41.063766
-41.072266
-40.959114
-41.085621
-40.964550
-41.037994
-41.108925
-41.019257
-40.985119
-40.921009
-41.124111
-41.076111
-40.973583
-40.962505
-41.148926
-40.970318
-41.119366
-41.186676
-41.120686
-41.043896
-41.088463
-41.098938
-41.152130
-41.119682
-41.093460
-41.125969
-41.255630
-41.193111
-41.134594
-41.134750
-41.218872
-41.346523
-41.259975
-41.315262
-41.243011
-41.393227
-41.337864
-41.364349
-41.502068
-41.334587
-41.347298
-41.421471
-41.585594
-41.428242
-41.455593
-41.491066
-41.520535
-41.599537
-41.635845
-41.608601
-41.556763
-41.633549
-41.638889
-41.655197
-41.552559
-41.714970
-41.743542
-41.719440
-41.659313
-41.761448
-41.695927
-41.712776
-41.676685
-41.768867
-41.682171
-41.767666
-41.835495
-41.785938
-41.750977
-41.725128
-41.787613
-41.791599
-41.724556
-41.695667
-41.738880
-41.869129
-41.694969
-41.696472
-41.619549
-41.662262
-41.683670
-41.608902
-41.654369
-41.569443
-41.625187
-41.553215
-41.564831
-41.453228
-41.443062
-41.372154
-41.399063
-41.385151
-41.429249
-41.287502
-41.167065
-41.174786
-41.215611
-41.062416
-41.059513
-41.071358
-41.056877
-40.902710
-40.918964
-40.915157
-40.752659
-40.769688
-40.730450
-40.778023
-40.551563
-40.743439
-40.512432
-40.458485
-40.440624
-40.420559
-40.412827
-40.272671
-40.270851
-40.214321
-40.248623
-40.194897
-39.979385
-40.116550
-40.043110
-40.004429
-39.910461
-39.946552
-39.906597
-39.745426
-39.844639
-39.768944
-39.771317
-39.572067
-39.689167
-39.740116
-39.747871
-39.481712
-39.589561
-39.679245
-39.569767
-39.442444
-39.494541
-39.557915
-39.556877
-39.343967
-39.503395
-39.482826
-39.425652
-39.437569
-39.439369
-39.520023
-39.361103
-39.486080
-39.403126
-39.563152
-39.307377
-39.362568
-39.473614
-39.520927
-39.434666
-39.348480
-39.599468
-39.502621
-39.526577
-39.427685
-39.473873
-39.595688
-39.492928
-39.590488
-39.636387
-39.690849
-39.603554
-39.563457
-39.738075
-39.675396
-39.674297
-39.748650
-39.894894
-39.714039
-39.782692
-39.896690
-39.842834
-39.862995
-39.837906
-39.949009
-39.991867
-40.059437
-39.963409
-40.008720
-40.021145
-40.029903
-40.135654
-40.067383
-40.177921
-40.247776
-40.159863
-40.178581
-40.263416
-40.284195
-40.279076
-40.288429
-40.293285
-40.376022
-40.436775
-40.251873
-40.378529
-40.368561
-40.352806
-40.389881
-40.463707
-40.501976
-40.354729
-40.334084
-40.433281
-40.501411
-40.506390
-40.340637
-40.406010
-40.497623
-40.557529
-40.259544
-40.382458
-40.476879
-40.339405
-40.500801
-40.374329
-40.399273
-40.442101
-40.466492
-40.380798
-40.368530
-40.422295
-40.396240
-40.312824
-40.445560
-40.460300
-40.360641
-40.228611
-40.344116
-40.340576
-40.287941
-40.355057
-40.280891
-40.429867
-40.287670
-40.240746
-40.211060
-40.350510
-40.204559
-40.104530
-40.260990
-40.383335
-40.251656
-40.094574
-40.169029
-40.321987
-40.185711
-40.131496
-40.062016
-40.349773
-40.263603
-40.097977
-40.121555
-40.193027
-40.264076
-40.051491
-40.191036
-40.142479
-40.204216
-40.185284
-40.128059
-40.151814
-40.164169
-40.059025
-40.171257
-40.189140
-40.168121
-40.121258
-40.119617
-40.168346
-40.078941
-40.074081
-40.155949
-40.079220
-40.088600
-40.127697
-40.122917
-40.130081
-40.143406
-40.068073
-40.100895
-40.232193
-40.120380
-40.060307
-40.091019
-40.280731
-40.228539
-40.093369
-40.159698
-40.187050
-40.266411
-40.079567
-40.241177
-40.186981
-40.199074
-40.230858
-40.242481
-40.257790
-40.186172
-40.263531
-40.190243
-40.303783
-40.274624
-40.231552
-40.243088
-40.462490
-40.325405
-40.357830
-40.301865
-40.352825
-40.276482
-40.344296
-40.470959
-40.356899
-40.424778
-40.380558
-40.507679
-40.397285
-40.319080
-40.385593
-40.578690
-40.404640
-40.431271
-40.378414
-40.474998
-40.464977
-40.419243
-40.405922
-40.380241
-40.512180
-40.425720
-40.393883
-40.481438
-40.496151
-40.492687
-40.335724
-40.400871
-40.527821
-40.492630
-40.459812
-40.532333
-40.484314
-40.443668
-40.551289
-40.527393
-40.574081
-40.494919
-40.544724
-40.611965
-40.607990
-40.582787
-40.561924
-40.546368
-40.595333
-40.592339
-40.675884
-40.596264
-40.653507
-40.587059
-40.628677
-40.726540
-40.686928
-40.668091
-40.630661
-40.786453
-40.701504
-40.724735
-40.641510
-40.796005
-40.761604
-40.739742
-40.847740
-40.862923
-40.823265
-40.769154
-40.852032
-40.888138
-40.942150
-40.819664
-40.829082
-40.824665
-40.922459
-40.962166
-40.895794
-41.000439
-40.950359
-40.824986
-40.929062
-41.014378
-41.043640
-40.861374
-41.019238
-40.976192
-41.045918
-40.944534
-40.969826
-41.089687
-41.055557
-40.977028
-41.005592
-41.112778
-40.889446
-41.091251
-41.133743
-41.017662
-41.033375
-41.131721
-41.195679
-40.982414
-41.038017
-41.202133
-41.122826
-41.100246
-41.072987
-41.197292
-41.184925
-41.176311
-41.074604
-41.113350
-41.137268
-41.219639
-41.191975
-41.147232
-41.151451
-41.120495
-41.086208
-41.133595
-41.254513
-41.156559
-41.089245
-41.072605
-41.123581
-41.194103
-41.093227
-40.943733
-41.113949
-41.093193
-41.053963
-41.041183
-40.994511
-40.982178
-41.072266
-41.044621
-40.923512
-40.953758
-41.120472
-40.879238
-40.931847
-40.972797
-41.051933
-40.817158
-40.757862
-40.893566
-40.953690
-40.789944
-40.690765
-40.688694
-40.840717
-40.855541
-40.641479
-40.523457
-40.696999
-40.643414
-40.476299
-40.425827
-40.529644
-40.527058
-40.442101
-40.328205
-40.356304
-40.248260
-40.289738
-40.280621
-40.233696
-40.197330
-40.201939
-40.131321
-40.152290
-40.165119
-40.051453
-40.029270
-40.125679
-40.075718
-39.982941
-40.015541
-39.964836
-40.010868
-39.935917
-39.882912
-40.045528
-39.919445
-39.894287
-39.792744
-39.979897
-39.824303
-39.749920
-39.926220
-39.980137
-39.827496
-39.708920
-39.863682
-39.857796
-39.849781
-39.781368
-39.852383
-39.954655
-39.797649
-39.760609
-39.804951
-39.827209
-39.717278
-39.792110
-39.813358
-39.760277
-39.789776
-39.735138
-39.694199
-39.797188
-39.830154
-39.725571
-39.699879
-39.830761
-39.778732
-39.746387
-39.827263
-39.848190
-39.685509
-39.637669
-39.862122
-39.919804
-39.804829
-39.591282
-39.814869
-39.838501
-39.752789
-39.748177
-39.832058
-39.835979
-39.843594
-39.849739
-39.912506
-39.878582
-39.910084
-39.923740
-39.919079
-39.943497
-39.856583
-39.866413
-39.832161
-39.943249
-39.875607
-39.808971
-39.937572
-39.916138
-39.885685
-39.867397
-39.969074
-39.865234
-39.773754
-39.973530
-39.886459
-40.001499
-39.780533
-39.884884
-39.927944
-39.976971
-39.737858
-39.879868
-40.030846
-39.915398
-39.746006
-39.715801
-39.906269
-39.932720
-39.704281
-39.740021
-39.839504
-39.795418
-39.761978
-39.730896
-39.865158
-39.643230
-39.570713
-39.689327
-39.834183
-39.524643
-39.438232
-39.565914
-39.747749
-39.579475
-39.257862
-39.407089
-39.497967
-39.418655
-39.247322
-39.222881
-39.394238
-39.194023
-39.055473
-39.082909
-39.214657
-39.081665
-38.855652
-39.007252
-39.048607
-38.965267
-38.716194
-38.893944
-38.854824
-38.691265
-38.606140
-38.523441
-38.780663
-38.613239
-38.593082
-38.453571
-38.534386
-38.502384
-38.367237
-38.366116
-38.349396
-38.392967
-38.274700
-38.336220
-38.258755
-38.334545
-38.143024
-38.011837
-38.117508
-38.279331
-38.042561
-38.014957
-38.148754
-38.167492
-37.939484
-37.944946
-38.018913
-37.947006
-37.865120
-38.026203
-37.863808
-38.058678
-37.868206
-37.759007
-37.886135
-37.876583
-37.769951
-37.768658
-37.884525
-37.782673
-37.722153
-37.811455
-37.747856
-37.739555
-37.602631
-37.665623
-37.609917
-37.651543
-37.657722
-37.581024
-37.686691
-37.515419
-37.682602
-37.401203
-37.484837
-37.616577
-37.570511
-37.413048
-37.306568
-37.620174
-37.578136
-37.370365
-37.283024
-37.336319
-37.512146
-37.209373
-37.210903
-37.239372
-37.321133
-37.225208
-37.141972
-37.134922
-37.203285
-37.204685
-37.000942
-37.008957
-37.134644
-36.987846
-36.968632
-36.908298
-37.108662
-36.883114
-36.772507
-36.861862
-36.904861
-36.846127
-36.688828
-36.792915
-36.830593
-36.784222
-36.631748
-36.637474
-36.689564
-36.549820
-36.709831
-36.478504
-36.576508
-36.579029
-36.570339
-36.481724
-36.383385
-36.482883
-36.247650
-36.362148
-36.230476
-36.268620
-36.213421
-36.253780
-36.132122
-36.014153
-36.067478
-35.938965
-35.929344
-35.879410
-35.956028
-35.782204
-35.773693
-35.711437
-35.687054
-35.733604
-35.516731
-35.565334
-35.493103
-35.516327
-35.386768
-35.398144
-35.420586
-35.346798
-35.155151
-35.177418
-35.155197
-35.158298
-35.086491
-34.990791
-34.936714
-34.968647
-34.864151
-34.766098
-34.812180
-34.743851
-34.771767
-34.681114
-34.644524
-34.476410
-34.554119
-34.583790
-34.550961
-34.393646
-34.427078
-34.461372
-34.284184
-34.323502
-34.248390
-34.235748
-34.232410
-34.165916
-34.107006
-34.103069
-34.070465
-34.134155
-33.989635
-33.846848
-33.974899
-34.041279
-33.880234
-33.837425
-33.867271
-33.861183
-33.743378
-33.789162
-33.712605
-33.650097
-33.614910
-33.727131
-33.649498
-33.551056
-33.506718
-33.513050
-33.480408
-33.560543
-33.572330
-33.470787
-33.396046
-33.402943
-33.461861
-33.317451
-33.445328
-33.365311
-33.359318
-33.275391
-33.398788
-33.359573
-33.348370
-33.174503
-33.150475
-33.376228
-33.392475
-33.255642
-33.231262
-33.292767
-33.316753
-33.274315
-33.401093
-33.295937
-33.278427
-33.245708
-33.220169
-33.392166
-33.300919
-33.232761
-33.206993
-33.292702
-33.303211
-33.301479
-33.167534
-33.214066
-33.306145
-33.347088
-32.986233
-33.163960
-33.298508
-33.286674
-33.222984
-33.181236
-33.211765
-33.163395
-33.252251
-33.101734
-33.311459
-33.160648
-33.191830
-33.163967
-33.095512
-33.179203
-33.236847
-33.141872
-33.101433
-33.215908
-33.153439
-33.137741
-33.096313
-33.132259
-33.059128
-33.097897
-33.041527
-33.110794
-33.029209
-33.066406
-33.085278
-33.036743
-33.047024
-32.940197
-33.000202
-33.135170
-33.112190
-33.105236
-32.936241
-32.992397
-33.061489
-33.100426
-32.987637
-33.123901
-33.019588
-32.981869
-33.050049
-32.983768
-32.829174
-32.950943
-32.986439
-32.900673
-32.864803
-32.855553
-32.962418
-32.921650
-32.776207
-32.819424
-32.838177
-32.765697
-32.627716
-32.825203
-32.677151
-32.442478
-32.600163
-32.793652
-32.581402
-32.346378
-32.530502
-32.409786
-32.553913
-32.453766
-32.431866
-32.306511
-32.275990
-32.183144
-32.296219
-32.329456
-32.240101
-32.110973
-32.083031
-32.183914
-32.003082
-32.066868
-32.076962
-31.953547
-31.910381
-31.941044
-31.917599
-31.804010
-31.824646
-31.715885
-31.592714
-31.730545
-31.640606
-31.657835
-31.498281
-31.566822
-31.435415
-31.462383
-31.430353
-31.457544
-31.287050
-31.275223
-31.387690
-31.367666
-31.348183
-31.145817
-31.233404
-31.135874
-31.108576
-31.005117
-31.038527
-30.996204
-30.818005
-30.905874
-30.965219
-30.879967
-30.755245
-30.639862
-30.720701
-30.686167
-30.693151
-30.590599
-30.626404
-30.503696
-30.528717
-30.493134
-30.431618
-30.495783
-30.361790
-30.335800
-30.296251
-30.347128
-30.464712
-30.163773
-30.204048
-30.201326
-30.331760
-30.181187
-30.253283
-30.133411
-30.137487
-30.153248
-30.188551
-30.136488
-30.033192
-30.043356
-30.073338
-30.031567
-30.109322
-29.936981
-30.016508
-30.000965
-29.947618
-30.100893
-29.965216
-29.924280
-29.776104
-30.153429
-29.854631
-29.953039
-29.960785
-29.879375
-29.832041
-29.931734
-30.078619
-29.697891
-29.896408
-29.829851
-30.061712
-29.954302
-29.746721
-29.807762
-29.792372
-29.938284
-29.672377
-29.839752
-29.882563
-29.687138
-29.596674
-29.765953
-29.877882
-29.627337
-29.615326
-29.719461
-29.828602
-29.644007
-29.546030
-29.682077
-29.579140
-29.489386
-29.606930
-29.497618
-29.573833
-29.444008
-29.433311
-29.367325
-29.471331
-29.406200
-29.257639
-29.324642
-29.296284
-29.405109
-29.073545
-29.120300
-29.131493
-29.016935
-28.898239
-29.084110
-29.079037
-28.764290
-28.905653
-28.758799
-28.655605
-28.655384
-28.562603
-28.494745
-28.409250
-28.448584
-28.306162
-28.241892
-28.193840
-28.079567
-28.072803
-27.818619
-28.015842
-27.819044
-27.833155
-27.533146
-27.643480
-27.560280
-27.395674
-27.260035
-27.216845
-27.257113
-27.052755
-26.921928
-26.901871
-26.884081
-26.761343
-26.544125
-26.571476
-26.487900
-26.497009
-26.227814
-26.261051
-26.190823
-26.123064
-25.940657
-25.946865
-25.876995
-25.916134
-25.635878
-25.657814
-25.834705
-25.650694
-25.430553
-25.473116
-25.583065
-25.388710
-25.390333
-25.302032
-25.398581
-25.206553
-25.265812
-25.322441
-25.060476
-25.155062
-25.096403
-25.245247
-24.985210
-25.065840
-25.095798
-25.041241
-24.930058
-25.007143
-25.069199
-25.090025
-24.952787
-24.877104
-25.025927
-24.963121
-24.982021
-24.907427
-25.104567
-24.984867
-25.002590
-24.992796
-25.111467
-25.066578
-25.078695
-25.049391
-25.193514
-25.138712
-25.056366
-25.237579
-25.237917
-25.209669
-25.213614
-25.302191
-25.340099
-25.300587
-25.214020
-25.353266
-25.395237
-25.325735
-25.411617
-25.413113
-25.529915
-25.478895
