Az       (ft/s^2)
-29.192940
-29.330652
-29.186033
-29.329580
-29.265903
-29.382294
-29.225433
-29.407959
-29.410063
-29.368517
-29.341909
-29.323917
-29.369583
-29.486313
-29.383183
-29.416109
-29.423170
-29.525137
-29.438948
-29.473400
-29.401823
-29.595558
-29.465857
-29.628345
-29.733391
-29.553110
-29.488514
-29.661762
-29.764231
-29.837858
-29.722233
-29.745800
-29.799551
-29.837553
-29.960234
-30.031725
-29.938906
-29.804527
-29.968410
-30.195602
-30.339521
-30.136301
-30.112907
-30.269835
-30.375187
-30.337772
-30.426203
-30.409815
-30.398333
-30.525793
-30.731827
-30.585318
-30.710840
-30.662182
-30.598118
-30.731131
-30.982471
-30.911303
-30.816690
-31.100328
-30.969675
-30.971237
-31.126812
-31.158298
-31.115923
-31.031471
-31.321457
-31.336485
-31.207582
-31.263773
-31.505264
-31.312847
-31.266821
-31.464563
-31.495710
-31.560394
-31.504803
-31.319813
-31.601900
-31.595263
-31.472788
-31.370119
-31.617468
-31.671768
-31.454184
-31.374374
-31.524080
-31.713923
-31.318588
-31.273495
-31.663185
-31.743105
-31.239471
-31.476288
-31.686220
-31.446398
-31.375572
-31.379049
-31.594671
-31.467997
-31.609291
-31.253342
-31.486088
-31.328169
-31.399214
-31.453772
-31.488770
-31.389111
-31.250925
-31.463949
-31.413000
-31.364305
-31.283997
-31.392641
-31.340887
-31.296198
-31.338079
-31.294018
-31.417358
-31.131639
-31.251514
-31.293800
-31.427299
-31.290092
-31.109282
-31.362978
-31.349812
-31.419189
-31.200159
-31.225382
-31.377428
-31.470337
-31.300018
-31.304361
-31.323626
-31.340979
-31.357788
-31.382668
-31.486055
-31.259893
-31.373011
-31.421974
-31.639717
-31.458195
-31.270725
-31.448509
-31.589872
-31.590406
-31.479786
-31.553093
-31.395214
-31.641378
-31.573154
-31.545969
-31.554712
-31.574163
-31.588770
-31.723391
-31.759983
-31.470484
-31.592331
-31.634539
-31.482975
-31.935555
-31.672688
-31.518257
-31.680689
-31.622303
-31.708992
-31.771803
-31.594513
-31.473206
-31.655392
-31.832220
-31.715139
-31.596689
-31.565653
-31.618483
-31.668474
-31.571636
-31.680843
-31.621922
-31.511118
-31.563541
-31.638721
-31.480703
-31.763489
-31.375931
-31.605566
-31.557148
-31.678432
-31.530998
-31.502090
-31.650978
-31.543312
-31.529034
-31.565847
-31.666826
-31.537512
-31.301601
-31.477581
-31.581375
-31.574633
-31.407284
-31.373655
-31.488518
-31.437574
-31.347734
-31.480576
-31.415461
-31.346708
-31.336674
-31.464323
-31.345942
-31.374506
-31.278566
-31.333225
-31.253023
-31.386963
-31.216358
-31.095606
-31.368271
-31.285332
-31.171690
-31.215523
-31.217710
-31.180227
-31.089098
-31.285389
-31.268705
-31.212126
-31.102875
-31.146877
-31.159079
-31.203344
-31.070318
-31.149666
-31.273617
-31.226349
-31.131439
-31.038811
-31.193680
-31.194025
-31.065313
-31.172926
-31.115541
-31.120764
-31.028233
-31.116655
-31.103500
-31.143925
-31.060877
-30.940535
-31.076620
-31.158674
-30.949024
-31.009010
-31.031399
-30.981354
-31.028824
-30.849806
-30.888378
-31.037178
-30.914633
-30.851952
-30.906143
-30.920282
-30.796860
-30.899567
-30.876410
-30.858418
-30.858379
-30.748569
-30.873671
-30.764767
-30.906511
-30.810635
-30.893267
-30.889324
-30.754499
-30.713617
-30.862209
-30.960224
-30.858212
-30.889578
-30.840006
-30.782763
-31.072367
-30.882313
-30.821754
-30.973333
-31.041088
-30.936478
-31.103369
-31.021938
-31.097734
-31.066912
-30.912851
-31.008308
-31.157480
-31.106539
-30.877544
-31.076431
-31.111664
-31.187773
-31.169212
-30.975742
-30.969122
-31.351759
-31.205698
-31.297371
-31.134199
-31.218561
-31.416449
-31.392305
-31.381407
-31.152031
-31.575796
-31.321615
-31.450880
-31.367733
-31.815319
-31.285824
-31.377115
-31.534550
-31.689392
-31.453272
-31.548323
-31.541203
-31.582258
-31.615154
-31.533766
-31.971964
-31.499516
-31.414425
-31.691750
-31.784330
-31.746986
-31.416702
-31.870680
-31.700975
-31.779127
-31.666681
-31.542725
-31.735107
-31.715651
-31.612822
-31.873150
-31.861839
-31.503199
-31.724630
-31.824482
-31.804657
-31.857002
-31.744017
-31.727690
-31.813148
-32.028297
-31.702911
-31.808470
-31.955530
-31.733891
-31.732086
-31.612902
-31.770203
-31.777313
-31.687695
-31.602270
-31.592920
-31.913136
-31.575663
-31.626686
-31.570843
-31.651020
-31.809938
-31.623516
-31.788069
-31.739271
-31.598061
-31.502230
-31.700731
-31.625505
-31.559208
-31.591036
-31.451084
-31.447308
-31.616108
-31.734549
-31.472542
-31.418053
-31.252619
-31.608696
-31.655239
-31.427223
-31.494907
-31.321859
-31.477266
-31.447872
-31.518230
-31.614876
-31.547733
-31.591305
-31.434330
-31.789749
-31.699774
-31.476801
-31.493311
-31.424751
-31.646399
-31.675959
-31.646822
-31.272787
-31.404551
-31.602234
-31.051508
-31.554001
-31.377279
-31.447697
-31.225128
-31.482729
-31.130877
-31.286116
-31.280659
-31.218515
-31.332073
-31.402029
-31.242813
-31.124432
-31.291981
-31.246016
-31.314320
-31.238310
-31.363008
-31.511143
-31.390347
-31.507668
-31.286087
-31.240183
-31.507786
-31.359652
-31.489794
-31.388798
-31.396912
-31.458836
-31.221088
-31.470022
-31.389009
-31.539236
-31.474695
-31.330952
-31.446707
-31.564608
-31.574854
-31.427124
-31.485514
-31.615412
-31.503710
-31.661425
-31.589695
-31.492579
-31.567028
-31.471966
-31.443207
-31.724728
-31.512789
-31.457897
-31.402752
-31.731159
-31.605778
-31.369133
-31.806103
-31.477409
-31.692186
-31.505451
-31.789463
-31.678802
-31.426434
-31.687532
-31.729462
-31.722279
-31.641535
-31.607714
-31.785633
-31.889084
-31.638023
-31.695675
-31.684219
-31.811277
-31.847492
-31.602207
-31.930733
-31.768667
-31.948112
-31.682652
-31.831617
-31.967981
-31.831749
-31.848726
-31.885302
-31.851805
-31.976788
-31.808325
-31.986727
-31.853848
-32.004776
-31.853712
-31.846703
-31.869318
-32.052189
-31.810619
-32.140743
-31.759781
-32.198402
-31.696850
-31.852276
-31.891035
-31.984938
-32.089649
-31.914734
-31.845036
-31.794847
-32.107021
-31.869173
-31.857084
-31.908581
-31.868839
-31.928823
-31.837841
-31.945400
-31.732180
-31.898708
-31.699560
-32.025341
-31.793039
-31.821407
-31.773357
-31.663094
-31.928633
-31.624313
-31.817616
-31.823759
-31.782591
-31.860706
-31.878754
-31.883005
-31.768984
-31.813784
-31.932262
-31.856365
-31.809031
-31.909863
-31.941072
-31.812834
-31.810631
-31.805067
-31.765299
-31.931185
-32.035290
-31.810833
-31.826208
-31.820126
-31.875412
-31.887379
-31.746265
-32.038609
-31.786236
-31.662182
-31.932211
-31.792370
-31.869888
-31.647224
-31.788170
-31.769358
-31.986927
-31.818239
-31.859503
-31.806219
-32.035717
-31.875141
-31.896431
-32.032291
-31.887072
-31.935410
-31.941916
-32.022697
-31.869125
-32.115200
-31.963261
-31.925650
-32.229179
-31.857311
-32.013683
-31.938398
-31.896721
-31.907450
-31.946875
-32.182667
-31.933359
-31.930191
-32.010319
-31.886040
-31.934214
-31.994654
-32.034290
-31.925013
-31.739740
-31.857067
-31.858839
-31.651484
-31.460617
-31.607328
-31.544884
-31.450798
-31.563496
-31.430674
-31.273739
-31.451914
-31.319168
-31.452232
-31.522957
-31.405745
-31.422249
-31.538401
-31.550507
-31.513990
-31.445612
-31.417715
-31.387810
-31.390123
-31.309443
-31.534712
-31.469868
-31.362072
-31.467754
-31.599424
-31.421070
-31.661148
-31.404039
-31.665001
-31.697622
-31.588484
-31.707228
-31.473690
-31.893682
-31.539000
-31.629023
-31.555025
-31.932798
-31.561024
-31.664995
-31.733927
-31.683912
-31.763409
-31.816359
-31.692776
-31.722694
-31.997356
-31.648172
-31.829964
-31.730013
-31.845293
-31.926590
-31.796043
-31.991220
-31.728939
-31.871317
-31.846430
-32.135761
-32.003784
-31.748297
-32.104481
-32.164188
-32.105610
-32.194477
-31.943201
-32.302387
-32.328255
-32.310863
-32.354916
-32.628922
-32.524288
-32.317432
-32.639187
-32.658939
-32.837654
-32.705967
-32.773781
-33.067051
-33.097221
-32.968632
-33.029373
-33.404263
-33.393295
-33.249027
-33.622433
-33.773930
-33.692436
-33.727051
-33.624180
-34.081089
-34.256416
-34.330082
-34.275990
-34.446747
-34.472767
-34.531116
-34.691128
-34.929020
-35.141048
-35.293621
-35.227600
-35.452209
-35.715622
-35.500320
-35.707832
-35.884254
-36.201591
-36.276031
-36.188984
-36.519131
-36.489510
-36.911171
-36.799938
-36.932766
-37.065151
-37.321522
-37.634167
-37.578907
-37.720860
-38.127762
-37.958523
-38.233948
-38.311111
-38.487038
-38.435349
-38.584156
-38.933418
-38.843338
-39.114597
-39.134037
-39.316330
-39.445549
-39.543983
-39.711807
-39.653923
-39.965637
-40.108395
-40.197304
-40.248287
-40.252472
-40.610973
-40.593643
-40.681007
-40.802876
-40.837429
-40.946213
-41.258533
-41.209476
-41.319569
-41.523548
-41.756104
-41.678448
-41.821239
-41.950386
-42.027069
-42.229931
-42.251659
-42.490284
-42.598145
-42.392857
-42.847660
-42.848461
-43.037594
-42.809841
-43.251106
-43.284439
-43.354771
-43.499649
-43.694061
-43.668884
-43.763844
-43.955776
-44.092106
-44.160004
-44.234631
-44.417828
-44.302834
-44.771538
-44.732067
-44.731823
-44.818352
-45.072216
-45.309181
-45.200806
-45.324078
-45.576424
-45.593777
-45.961601
-46.072132
-45.964603
-46.137943
-46.349533
-46.567917
-46.357349
-46.759609
-46.903297
-47.056622
-47.143791
-47.131943
-47.481506
-47.411591
-47.630463
-47.657928
-47.955296
-48.219616
-48.302139
-48.165756
-48.461594
-48.648884
-48.751438
-48.747444
-48.972694
-48.908726
-49.180298
-49.388470
-49.507851
-49.718597
-49.559315
-49.505482
-50.079384
-50.085968
-50.201107
-50.181446
-50.583626
-50.596592
-50.737545
-50.649384
-50.768051
-50.853394
-51.178123
-51.174618
-51.479435
-51.320431
-51.434486
-51.536861
-51.694469
-51.914375
-51.714554
-52.103321
-51.973949
-52.271221
-52.280972
-52.121529
-52.350533
-52.664562
-52.579987
-52.657597
-52.639565
-52.998878
-52.907185
-52.902008
-53.077168
-53.132061
-53.386448
-53.255772
-53.282352
-53.467979
-53.618263
-53.517273
-53.526382
-53.794842
-53.833477
-53.768116
-53.934406
-53.975883
-54.199272
-53.983013
-54.145901
-54.289024
-54.266228
-54.540695
-54.325314
-54.577595
-54.635899
-54.612144
-54.592888
-54.663406
-54.926456
-54.897411
-54.867161
-54.957737
-55.036026
-55.222179
-55.101116
-55.254803
-55.313419
-55.221081
-55.479088
-55.567867
-55.776535
-55.514557
-55.458317
-55.833904
-55.889614
-55.867752
-55.799797
-56.204586
-56.116852
-56.052818
-56.128727
-56.336365
-56.321350
-56.350708
-56.530769
-56.776508
-56.579762
-56.567577
-56.733139
-56.770969
-56.925438
-57.022881
-57.306950
-56.809853
-57.265957
-57.249615
-57.283352
-57.412197
-57.373180
-57.583111
-57.650551
-57.568607
-57.705982
-57.801571
-57.827473
-57.768848
-58.059769
-58.063404
-58.018799
-58.181065
-58.271908
-58.446159
-58.424812
-58.361156
-58.568897
-58.550934
-58.734764
-58.606953
-58.931828
-58.959099
-58.964645
-58.872520
-59.032394
-59.285019
-58.971867
-59.295414
-59.366825
-59.475800
-59.490368
-59.348064
-59.456467
-59.610229
-59.915882
-59.642910
-59.654953
-59.768036
-59.936695
-59.800186
-59.854164
-59.901997
-60.120174
-59.999847
-60.057781
-60.041225
-60.103050
-60.114506
-60.112801
-60.174522
-60.274044
-60.411934
-60.058277
-60.186733
-60.349323
-60.274807
-60.200081
-60.280899
-60.261070
-60.359367
-60.354141
-60.315514
-60.148724
-60.283962
-60.350143
-60.248383
-60.215939
-60.244839
-60.395329
-60.294868
-60.373596
-60.101143
-60.413357
-60.243988
-60.195938
-60.249844
-60.294613
-60.323406
-60.358448
-60.302811
-60.113220
-60.290874
-60.356140
-60.220608
-60.276665
-60.270725
-60.465874
-60.345348
-60.237148
-60.382286
-60.279510
-60.359802
-60.250603
-60.406933
-60.388123
-60.494633
-60.367966
-60.316769
-60.558113
-60.427288
-60.309761
-60.353729
-60.469238
-60.629417
-60.608543
-60.450100
-60.497555
-60.480297
-60.374496
-60.459988
-60.627613
-60.596180
-60.699837
-60.562336
-60.769810
-60.829346
-60.670464
-60.632225
-60.796387
-61.013348
-60.881248
-60.876732
-60.968822
-61.012486
-61.070618
-60.878162
-61.118095
-60.911957
-61.178364
-61.103191
-61.094276
-61.367401
-61.017323
-61.264442
-61.025890
-61.383121
-61.385170
-61.291012
-61.289150
-61.330326
-61.437225
-61.229031
-61.482540
-61.392479
-61.499157
-61.610378
-61.518059
-61.592609
-61.529968
-61.592960
-61.618641
-61.734043
-61.748615
-61.684242
-61.634235
-61.723030
-61.815975
-61.713459
-61.684628
-61.950680
-61.698505
-61.771416
-61.949421
-61.846489
-62.000137
-61.845287
-61.826706
-61.983913
-61.956940
-62.038723
-61.932316
-62.312920
-62.107563
-62.419250
-62.437870
-62.219711
-62.397381
-62.282833
-62.831863
-62.692074
-62.554905
-62.357624
-62.686840
-62.711067
-62.221363
-61.962982
-61.935028
-62.110840
-61.872761
-61.594173
-61.772327
-61.644573
-61.531269
-61.322803
-61.736637
-61.782509
-61.786266
-61.667953
-61.587841
-61.788750
-61.752960
-61.660511
-61.858212
-61.813938
-61.797932
-61.614433
-61.762333
-61.706524
-61.521832
-61.519260
-61.715282
-61.928825
-62.167282
-61.892689
-61.770599
-61.899300
-61.985275
-61.741631
-61.760086
-61.991302
-61.853905
-61.795589
-61.398449
-61.645363
-61.388313
-61.545612
-61.522686
-61.331135
-61.469078
-61.576622
-61.631092
-61.733868
-61.851067
-61.562218
-61.088226
-61.623768
-61.588314
-61.842468
-61.558464
-61.692032
-61.778465
-61.693329
-61.838078
-61.703583
-62.009464
-61.894974
-61.924469
-61.747944
-61.826637
-61.962963
-61.659958
-61.824417
-62.005577
-61.873718
-61.721416
-61.777195
-61.824879
-61.996040
-61.713634
-61.697861
-62.019703
-62.123508
-62.047264
-61.724316
-62.037899
-61.935555
-62.239803
-62.022625
-62.068813
-61.951046
-61.889423
-62.176365
-61.825134
-61.973381
-62.019707
-62.067036
-61.970928
-62.060749
-62.071571
-61.916389
-62.040142
-62.013950
-62.167877
-62.231590
-62.011883
-61.972630
-61.873066
-62.066216
-62.197170
-62.048836
-61.822979
-61.610897
-61.873619
-62.074562
-61.823658
-61.667515
-61.779137
-61.704433
-62.014393
-61.851284
-61.706364
-61.963440
-61.956856
-62.133568
-62.324570
-62.470490
-62.025936
-61.934788
-61.988010
-62.335720
-62.505894
-62.505306
-62.573830
-62.460709
-62.598507
-62.725365
-62.596115
-62.338734
-62.337265
-62.295788
-62.385826
-62.649731
-62.580265
-62.308556
-62.159542
-62.240631
-62.369591
-62.532665
-62.598682
-62.450863
-62.467449
-62.333881
-62.605354
-62.542278
-62.114239
-62.030815
-62.097343
-62.269081
-61.874355
-61.878780
-61.774231
-62.037952
-62.030731
-62.002464
-61.949944
-61.975471
-62.075272
-62.128796
-62.270908
-62.235100
-61.973652
-62.186890
-62.310795
-62.227104
-62.150448
-62.160862
-62.076305
-61.970974
-62.112526
-62.110840
-62.188728
-62.211040
-62.256672
-62.239075
-62.357140
-62.232151
-62.116310
-62.242805
-62.597080
-62.633789
-62.588009
-62.598476
-62.564640
-62.579784
-62.474003
-62.444416
-62.332829
-62.402355
-62.522270
-62.566914
-62.611660
-62.436172
-62.429718
-62.339672
-62.758297
-62.748363
-62.475296
-62.535881
-62.688431
-62.811192
-62.624744
-62.603451
-62.536926
-62.810108
-62.830753
-62.712723
-62.648560
-62.619980
-62.622742
-62.735279
-62.890408
-62.771332
-62.539463
-62.793850
-62.628895
-62.612038
-62.454941
-62.444263
-62.555260
-62.275787
-62.545364
-62.412380
-62.362705
-62.373310
-62.229744
-62.227398
-62.444637
-62.454292
-62.327972
-62.280350
-62.691578
-62.332790
-62.338364
-61.943798
-62.408058
-62.589474
-62.650917
-62.701378
-62.475864
-62.467182
-62.510426
-62.612816
-62.676868
-62.575634
-62.629925
-62.821846
-62.849079
-62.832409
-62.501984
-62.725742
-62.708778
-62.879391
-62.614925
-62.623615
-62.808514
-62.565510
-62.643105
-62.628033
-62.921944
-62.758541
-62.531864
-62.551659
-62.511948
-62.688755
-62.455364
-62.792385
-62.567307
-62.676292
-62.618538
-62.498402
-62.646008
-62.474884
-62.514919
-62.706726
-62.728676
-62.566528
-62.692085
-62.768616
-62.613773
-62.559494
-62.618183
-62.686272
-62.753963
-63.060402
-62.839069
-62.822327
-62.881107
-62.966259
-62.561832
-62.650108
-63.157997
-62.871353
-62.958309
-62.765087
-63.087368
-62.674675
-62.738327
-62.985546
-62.980110
-62.821022
-62.745884
-62.954926
-62.933735
-62.998367
-63.007259
-63.042072
-62.999546
-62.811974
-62.896996
-62.843697
-62.966053
-62.784443
-62.767105
-63.018341
-63.002544
-62.713020
-62.786983
-62.803043
-62.780098
-62.573483
-62.763073
-62.867550
-62.758129
-62.712204
-62.533543
-62.782715
-62.678967
-62.621002
-62.706463
-62.699356
-62.792084
-62.507309
-62.684967
-62.786743
-62.739197
-62.616070
-62.667389
-62.715591
-62.742126
-62.716190
-62.668358
-62.788212
-62.741516
-62.642906
-62.625729
-62.828125
-62.868797
-62.671337
-62.708462
-63.029106
-62.695774
-62.705795
-62.709023
-62.887962
-62.886280
-62.870674
-62.892101
-62.857456
-62.773373
-62.919411
-62.879734
-62.823700
-62.826298
-63.014160
-62.945957
-62.913074
-62.916855
-62.720352
-62.835175
-62.730427
-62.702137
-62.737373
-62.932259
-62.772186
-62.763985
-62.691628
-62.781136
-62.717937
-62.893002
-62.719814
-62.899017
-62.825169
-63.091305
-62.765526
-62.833172
-63.035751
-62.902119
-63.123039
-62.754906
-62.787674
-63.038200
-63.018566
-62.896606
-62.617725
-62.966526
-62.726849
-62.768448
-62.786762
-62.811596
-62.881779
-62.604359
-62.745213
-62.725697
-62.876423
-62.733776
-62.605984
-62.736835
-62.801403
-62.753963
-62.586216
-62.531532
-62.694645
-62.748348
-62.651726
-62.596355
-62.614407
-62.729439
-62.575592
-62.569672
-62.701344
-62.771931
-62.813110
-62.806904
-62.737373
-62.607136
-62.781548
-62.930664
-62.777260
-62.570866
-62.741852
-62.863441
-62.784355
-62.651733
-62.797333
-62.635399
-62.703552
-62.758289
-62.694088
-62.829464
-62.597309
-62.846344
-62.711365
-62.668785
-62.625790
-62.616417
-62.657799
-62.650696
-62.829014
-62.506874
-62.654903
-62.628880
-62.716141
-62.645435
-62.459656
-62.580345
-62.684170
-62.583088
-62.531952
-62.567467
-62.724720
-62.468021
-62.481968
-62.461197
-62.625744
-62.541618
-62.420135
-62.416046
-62.498291
-62.484917
-62.443077
-62.318939
-62.445766
-62.397747
-62.420334
-62.333946
-62.368778
-62.552227
-62.359325
-62.406815
-62.251926
-62.515011
-62.424759
-62.264000
-62.364964
-62.432632
-62.430653
-62.292355
-62.378712
-62.388309
-62.387127
-62.302814
-62.251656
-62.397026
-62.331337
-62.379414
-62.355705
-62.179260
-62.269306
-62.321396
-62.375778
-62.305931
-62.165821
-62.227982
-62.300076
-62.260742
-62.108139
-62.168007
-62.507114
-62.211987
-62.177479
-62.326660
-62.249619
-62.228008
-62.232033
-62.349995
-62.266853
-62.357723
-62.229721
-62.235935
-62.274410
-62.258820
-62.440746
-62.169430
-62.346123
-62.356239
-62.393509
-62.278133
-62.315098
-62.380165
-62.196774
-62.288033
-62.273132
-62.348976
-62.329754
-62.217442
-62.401348
-62.194809
-62.180382
-62.242077
-62.288227
-62.353085
-62.242420
-62.172916
-62.176716
-62.295612
-62.310783
-62.015442
-62.186901
-62.248924
-62.127022
-62.151798
-62.029774
-62.336628
-62.071159
-62.232506
-61.981323
-62.052753
-62.118969
-62.036621
-61.965893
-62.083336
-61.969574
-62.073505
-61.883404
-62.101246
-61.821346
-61.917179
-61.948349
-61.856403
-62.055359
-61.911701
-61.651447
-61.899754
-61.988361
-61.798653
-61.596794
-61.822247
-61.835892
-61.723446
-61.694172
-61.710991
-61.770557
-61.723846
-61.631054
-61.648369
-61.675098
-61.575539
-61.617924
-61.637016
-61.641689
-61.432186
-61.495838
-61.561474
-61.481037
-61.464638
-61.356163
-61.608353
-61.302933
-61.566917
-61.407372
-61.377472
-61.345066
-61.329464
-61.509850
-61.367996
-61.300755
-61.323757
-61.380756
-61.453743
-61.191280
-61.402054
-61.284046
-61.466785
-61.346889
-61.232162
-61.484303
-61.247520
-61.440666
-61.279911
-61.400387
-61.312206
-61.301949
-61.335674
-61.282471
-61.399807
-61.374863
-61.344738
-61.223305
-61.220058
-61.483147
-61.338554
-61.194572
-61.182579
-61.406033
-61.280048
-61.082466
-61.074402
-61.209137
-61.233299
-61.147346
-61.053352
-61.004414
-61.074951
-60.955109
-61.207996
-60.953781
-60.934486
-60.926075
-60.878536
-61.022045
-60.886833
-60.891758
-60.728035
-60.854225
-60.881050
-60.688023
-60.874062
-60.709610
-60.839737
-60.635273
-60.815987
-60.585014
-60.681644
-60.829166
-60.616352
-60.636696
-60.553738
-60.557037
-60.438564
-60.562458
-60.695301
-60.448898
-60.427299
-60.375309
-60.693943
-60.487698
-60.343048
-60.480492
-60.554668
-60.478172
-60.379272
-60.574974
-60.481197
-60.530987
-60.442104
-60.462086
-60.506947
-60.644253
-60.476845
-60.442310
-60.704098
-60.605618
-60.596680
-60.447632
-60.591209
-60.733795
-60.586174
-60.696354
-60.553120
-60.672371
-60.571434
-60.638409
-60.527435
-60.734409
-60.717121
-60.411228
-60.487919
-60.895737
-60.643539
-60.583412
-60.484852
-60.550205
-60.607273
-60.558849
-60.454624
-60.365803
-60.334179
-60.399582
-60.200912
-60.511440
-60.239700
-60.102108
-60.092274
-60.225754
-60.408257
-60.247894
-60.126869
-60.110588
-60.110897
-60.041698
-59.745804
-59.718472
-60.056305
-59.663422
-59.782558
-59.676498
-59.801651
-59.516594
-59.355801
-59.757793
-59.922363
-59.396667
-59.487011
-59.829662
-59.930336
-59.608414
-59.271984
-59.551868
-59.674240
-59.769882
-59.624409
-59.585911
-59.765091
-59.589703
-59.302876
-59.685741
-59.724014
-59.612843
-59.508247
-59.646278
-59.920238
-59.881817
-59.731808
-59.665714
-59.711231
-59.966717
-59.974503
-60.091099
-59.925983
-60.039005
-60.038906
-59.764252
-60.025455
-60.043530
-59.863880
-59.869411
-60.282875
-60.146927
-59.956985
-59.806908
-60.030216
-60.163639
-59.949619
-59.975742
-59.891182
-60.055748
-60.155655
-59.943398
-59.895092
-59.837955
-59.948818
-59.786278
-59.876610
-59.809750
-59.671173
-59.660984
-59.611103
-59.582886
-59.528019
-59.419827
-59.489697
-59.354893
-59.364437
-59.323414
-59.357639
-59.291187
-59.435577
-59.306671
-59.249226
-59.168343
-59.381157
-59.194809
-59.380672
-59.329453
-59.188843
-59.542259
-59.318375
-59.491505
-59.449112
-59.627129
-59.685047
-59.611343
-59.786438
-59.739616
-60.046745
-60.004364
-60.054115
-60.118473
-60.026230
-60.364822
-60.227772
-60.253441
-60.412323
-60.513424
-60.406322
-60.584766
-60.680962
-60.641148
-60.494888
-60.694965
-60.631588
-60.855118
-60.541203
-60.732437
-60.803539
-60.698349
-60.690990
-60.699497
-60.890137
-60.656876
-60.842655
-60.605331
-60.701702
-60.787395
-60.681389
-60.553558
-60.680496
-60.614719
-60.480518
-60.318417
-60.318863
-60.470921
-60.525021
-60.323051
-60.248608
-60.256310
-60.370708
-60.397221
-60.343845
-60.166183
-60.483742
-60.205051
-60.232018
-60.311714
-60.230255
-60.293415
-60.078579
-60.144779
-60.210739
-60.171116
-60.012764
-59.991379
-60.215187
-59.930428
-60.169418
-60.032871
-59.906990
-60.134026
-59.912403
-60.125599
-60.063530
-60.183064
-59.911385
-60.156570
-60.153786
-60.124302
-60.112614
-60.090450
-60.287823
-59.991062
-60.164135
-59.986225
-60.209740
-60.126083
-59.899757
-59.875443
-59.975281
-59.960835
-60.099964
-59.889458
-60.060410
-59.967438
-60.006336
-59.834301
-60.075748
-59.905487
-59.774666
-59.865704
-59.862427
-59.950993
-59.527283
-59.418728
-59.786854
-59.889885
-59.812778
-59.651752
-59.594814
-59.711983
-59.963776
-60.055904
-59.919060
-60.016750
-60.106068
-59.929169
-59.909874
-59.925182
-60.090202
-59.955986
-59.713371
-59.745144
-59.773289
-59.660217
-59.411831
-59.455555
-59.728516
-59.557861
-59.671185
-59.374680
-59.882282
-59.795532
-59.694443
-59.814159
-59.747654
-59.730129
-59.733952
-59.716141
-59.600842
-59.467964
-59.527016
-59.491940
-59.497192
-59.565598
-59.415653
-59.330017
-59.532524
-59.517513
-59.543514
-59.372974
-59.495670
-59.445484
-59.345142
-59.141785
-59.089115
-59.147511
-59.017395
-58.880894
-58.926590
-59.108139
-59.034725
-58.899200
-58.745724
-59.017578
-59.100506
-59.246365
-59.012672
-59.089848
-59.158569
-59.197880
-59.028515
-58.895550
-58.811062
-59.236526
-59.152210
-58.818691
-58.888035
-59.148743
-59.004677
-58.944389
-58.953785
-59.238045
-59.058491
-59.093224
-59.047432
-59.038422
-59.099522
-59.003960
-59.012901
-59.122013
-59.088749
-59.097370
-58.927536
-59.083763
-59.087223
-59.053257
-58.952148
-59.169453
-59.195587
-59.083023
-59.056694
-59.081051
-59.168934
-58.981434
-59.032890
-59.045971
-59.382725
-59.241646
-59.119514
-59.240425
-59.208820
-59.135193
-59.156754
-59.228432
-59.283924
-59.243141
-59.307312
-59.238274
-59.137680
-59.192905
-59.121082
-59.010853
-59.115662
-59.215115
-59.132675
-58.839203
-59.067142
-59.003090
-58.863728
-58.808723
-58.786907
-58.957615
-58.811394
-58.562256
-58.572319
-58.802616
-58.678753
-58.495285
-58.579689
-58.565655
-58.689667
-58.514034
-58.492355
-58.427887
-58.582790
-58.549313
-58.360970
-58.445564
-58.477142
-58.397518
-58.328632
-58.523506
-58.470364
-58.297707
-58.328907
-58.403503
-58.436207
-58.395630
-58.156696
-58.384144
-58.417141
-58.317066
-58.231506
-58.307606
-58.132050
-58.192242
-58.264004
-58.252071
-58.170734
-58.062931
-58.056637
-58.225842
-58.169704
-58.091328
-58.011909
-58.061943
-57.922745
-57.992657
-58.097889
-58.111069
-58.101040
-57.774979
-57.918667
-57.972160
-57.926022
-57.825420
-57.859337
-57.868355
-57.760139
-57.718552
-57.801121
-57.635715
-57.521053
-57.526012
-57.759586
-57.651855
-57.520313
-57.621914
-57.527779
-57.441689
-57.411640
-57.479286
-57.522137
-57.424774
-57.377975
-57.434105
-57.357689
-57.046062
-57.234989
-57.282967
-57.210529
-56.998798
-57.237446
-57.141842
-57.047253
-56.959183
-56.903790
-56.996819
-56.966122
-56.826614
-56.730129
-56.977398
-56.795429
-56.703915
-56.733868
-56.617897
-56.680870
-56.494911
-56.688530
-56.530312
-56.473656
-56.361828
-56.551613
-56.469162
-56.392540
-56.436031
-56.277977
-56.326679
-56.419582
-56.426449
-56.352047
-56.246338
-56.388824
-56.293739
-56.239975
-56.114834
-56.209164
-56.259430
-56.239006
-56.263863
-56.270523
-56.178009
-56.179600
-56.208672
-56.130108
-56.161358
-56.133953
-55.931080
-56.193146
-56.264042
-56.096462
-55.951595
-56.059212
-55.979267
-55.879417
-56.057533
-55.949810
-56.092548
-55.815151
-55.896694
-55.898521
-55.915752
-55.677189
-55.844475
-55.826370
-55.746655
-55.695465
-55.749748
-55.533840
-55.634636
-55.657417
-55.691360
-55.527576
-55.440342
-55.407753
-55.496136
-55.512611
-55.237000
-55.509647
-55.444798
-55.292591
-55.350941
-55.564148
-55.280689
-55.363895
-55.329205
-55.401638
-55.487598
-55.308601
-55.380192
-55.403473
-55.362530
-55.359364
-55.350933
-55.305302
-55.312626
-55.325386
-55.272831
-55.472694
-55.342438
-55.147930
-55.255306
-55.244289
-55.209259
-55.126816
-55.100655
-55.210548
-55.158436
-55.075760
-55.183235
-55.166466
-55.208790
-55.086117
-55.109619
-55.257492
-55.323116
-55.208797
-55.173313
-55.454624
-55.267082
-55.178574
-55.264736
-55.371078
-55.130211
-55.300255
-55.206406
-55.256683
-55.296211
-55.320782
-55.157764
-55.401421
-55.229450
-55.269768
-55.323421
-55.327190
-55.270039
-55.383472
-55.396950
-55.307762
-55.343128
-55.272011
-55.381050
-55.418766
-55.487926
-55.426163
-55.493050
-55.470436
-55.582424
-55.628098
-55.637150
-55.697369
-55.733047
-55.792580
-55.743019
-55.742676
-55.741894
-55.730614
-55.862679
-55.787846
-55.841702
-55.782444
-55.753326
-55.931519
-55.905041
-55.813541
-55.811810
-55.878979
-55.882065
-55.848904
-55.902798
-55.879196
-55.864368
-55.813030
-55.897625
-55.932312
-55.828171
-55.795429
-55.819046
-55.848385
-55.821522
-55.741161
-55.825394
-55.780418
-55.725540
-55.727924
-55.783066
-55.570339
-55.689552
-55.700512
-55.630497
-55.617027
-55.771255
-55.694923
-55.762058
-55.993958
-55.924576
-55.827511
-55.899685
-56.061111
-56.068474
-56.164776
-56.135159
-56.155289
-56.114140
-56.086971
-56.221680
-56.293659
-56.081448
-56.197624
-56.176460
-56.088409
-56.068359
-56.049381
-56.227226
-56.127155
-56.173199
-56.180370
-56.235195
-56.231647
-56.166073
-56.056496
-56.320251
-56.333481
-56.201283
-56.086250
-56.231277
-56.313168
-56.316166
-56.166931
-56.004440
-56.276924
-56.339985
-56.288540
-56.181763
-56.241302
-56.253021
-56.345959
-56.424801
-56.294327
-56.278385
-56.285732
-56.430099
-56.322784
-56.458954
-56.303280
-56.165836
-56.336174
-56.297703
-56.281925
-56.383694
-56.290081
-56.260342
-56.360455
-56.433533
-56.267906
-56.245075
-56.389370
-56.443134
-56.495033
-56.467094
-56.335438
-56.243885
-56.421413
-56.418629
-56.334553
-56.268642
-56.342834
-56.480263
-56.253056
-56.393822
-56.444405
-56.314518
-56.338615
-56.452793
-56.533096
-56.335735
-56.392838
-56.466160
-56.486721
-56.436405
-56.320004
-56.449642
-56.487267
-56.416168
-56.366028
-56.450348
-56.603947
-56.316341
-56.435631
-56.461239
-56.605377
-56.532955
-56.470589
-56.584846
-56.683624
-56.561214
-56.604744
-56.789627
-56.666660
-56.539391
-56.655857
-56.858540
-56.722427
-56.763664
-56.886074
-56.955303
-56.862499
-56.785263
-56.892807
-56.970650
-56.943840
-57.027237
-57.018555
-57.165630
-57.075790
-57.223476
-57.245228
-57.197445
-57.254326
-57.420261
-57.423931
-57.392593
-57.452946
-57.615475
-57.528522
-57.566814
-57.550316
-57.616486
-57.658737
-57.687092
-57.555092
-57.618099
-57.713600
-57.700420
-57.863480
-57.873055
-57.933559
-57.879517
-58.038414
-58.059517
-58.223396
-58.062153
-58.166073
-58.230534
-58.372959
-58.285507
-58.407204
-58.431641
-58.291176
-58.316002
-58.463902
-58.530811
-58.551960
-58.684303
-58.489376
-58.536430
-58.644703
-58.725967
-58.577976
-58.607063
-58.680626
-58.789291
-58.583874
-58.426220
-58.640572
-58.735706
-58.728138
-58.697292
-58.929726
-59.082306
-58.952431
-58.823330
-58.922367
-59.013023
-58.947468
-58.971012
-58.970127
-58.854477
-58.763889
-58.750294
-58.665260
-58.565491
-58.502361
-58.694355
-58.656380
-58.474014
-58.441582
-58.661613
-58.649628
-58.399265
-58.511169
-58.570431
-58.498222
-58.445728
-58.385307
-58.419445
-58.394318
-58.265091
-58.242424
-58.367809
-58.391388
-58.314144
-58.317532
-58.321392
-58.447605
-58.734684
-58.536335
-58.407749
-58.554764
-58.689247
-58.753975
-58.695919
-58.618706
-58.550716
-58.685455
-58.688164
-58.819733
-58.914314
-58.854309
-58.749146
-58.725624
-58.786221
-58.849888
-58.883450
-58.964252
-59.079742
-59.096169
-58.924339
-58.760944
-58.793762
-58.912453
-59.203693
-59.102879
-59.171482
-59.170975
-59.349323
-59.186684
-59.268288
-59.302296
-59.454414
-59.506435
-59.515602
-59.551727
-59.652519
-59.385292
-59.199924
-59.297306
-59.340454
-59.440315
-59.347610
-59.429977
-59.398396
-59.350464
-59.426968
-59.448036
-59.465305
-59.419655
-59.551392
-59.491081
-59.510891
-59.395901
-59.353241
-59.367062
-59.396202
-59.424667
-59.272461
-59.293915
-59.507351
-59.488533
-59.362740
-59.262215
-59.402542
-59.371452
-59.357121
-59.342987
-59.235073
-59.254539
-59.242435
-59.300167
-59.266315
-59.127411
-58.989799
-59.334824
-59.259621
-59.201752
-59.201664
-59.294289
-59.378571
-59.167988
-59.362488
-59.393429
-59.385841
-59.150196
-59.484703
-59.318783
-59.205448
-59.172169
-59.276024
-59.280731
-59.213539
-58.987991
-59.132309
-59.305264
-59.127697
-58.946152
-58.989513
-59.070786
-58.948978
-58.797279
-58.786591
-58.700096
-58.705051
-58.569389
-58.694374
-58.630924
-58.590324
-58.627026
-58.840584
-58.687984
-58.449032
-58.729767
-58.767262
-58.805714
-58.685612
-58.591568
-58.660542
-58.655422
-58.649986
-58.552494
-58.566124
-58.533527
-58.605988
-58.588120
-58.538857
-58.556534
-58.580643
-58.678066
-58.644188
-58.808903
-58.602688
-58.646988
-58.676472
-58.690811
-58.701420
-58.589531
-58.666485
-58.591312
-58.553532
-58.643143
-58.654999
-58.712975
-58.579597
-58.752815
-58.718678
-58.697163
-58.715466
-58.753086
-58.870258
-58.676117
-58.701969
-58.685925
-58.668499
-58.687119
-58.704220
-58.589878
-58.545223
-58.744030
-58.560520
-58.528358
-58.579460
-58.635014
-58.641369
-58.622101
-58.620079
-58.665478
-58.739601
-58.609512
-58.546764
-58.820629
-58.664707
-58.699196
-58.726830
-58.732918
-58.749561
-58.807922
-58.701660
-58.704300
-58.866276
-58.785816
-58.839706
-58.834694
-58.845791
-58.767582
-58.689510
-58.849716
-58.825977
-58.765224
-58.776997
-58.943100
-58.846321
-58.785595
-58.801849
-58.861298
-58.844776
-58.770901
-58.830036
-58.902458
-58.919544
-58.874382
-58.912590
-58.840034
-58.752728
-58.840359
-58.930485
-58.869698
-58.994057
-58.909241
-58.914059
-58.887432
-58.987732
-58.899593
-58.970703
-59.104603
-59.030167
-59.091972
-59.130413
-59.098377
-59.062057
-59.033871
-59.204483
-59.121216
-59.194908
-58.993668
-59.101643
-59.039852
-58.994381
-58.927444
-58.861626
-58.864605
-58.808510
-58.888218
-58.781807
-58.933002
-58.782879
-58.739853
-58.974121
-58.901505
-58.815117
-58.755981
-58.970825
-58.933823
-58.825298
-58.825352
-58.965290
-58.900646
-58.774788
-58.754734
-58.745003
-58.767124
-58.764591
-58.772289
-58.672485
-58.660969
-58.676579
-58.573685
-58.551140
-58.447609
-58.544243
-58.293053
-58.406868
-58.534138
-58.519753
-58.427330
-58.442554
-58.617973
-58.490894
-58.476822
-58.455009
-58.658142
-58.653282
-58.478786
-58.583527
-58.793800
-58.605034
-58.456425
-58.547859
-58.723312
-58.548733
-58.548668
-58.608482
-58.658012
-58.597748
-58.521408
-58.523869
-58.641148
-58.651684
-58.459805
-58.487225
-58.518589
-58.391209
-58.259319
-58.118446
-58.216476
-58.253574
-58.059139
-58.036373
-58.207302
-58.105026
-58.074554
-58.225807
-58.369339
-58.286438
-58.360489
-58.482327
-58.367523
-58.488461
-58.434669
-58.370373
-58.301964
-58.303005
-58.111931
-58.441521
-58.313988
-58.278229
-58.327045
-58.361954
-58.230953
-58.320694
-58.410706
-58.525776
-58.565014
-58.487118
-58.421677
-58.416805
-58.702789
-58.622692
-58.517578
-58.490990
-58.448383
-58.468018
-58.460876
-58.286064
-58.153225
-58.474133
-58.423656
-58.425808
-58.350136
-58.243401
-58.166569
-58.216629
-58.353420
-58.333599
-58.151955
-58.032787
-58.235531
-58.389664
-58.294514
-58.087215
-58.074139
-58.259106
-58.237484
-58.118660
-57.950279
-58.025928
-57.944786
-57.871334
-57.746490
-57.888054
-57.812096
-57.530453
-57.576763
-57.638805
-57.400196
-57.132507
-57.109421
-57.003201
-56.855679
-56.676361
-56.528450
-56.328915
-56.136269
-55.802181
-55.704933
-55.555378
-55.292030
-54.946007
-54.741779
-54.640858
-54.476700
-54.190147
-53.780678
-53.639648
-53.620193
-53.237354
-52.926304
-52.649651
-52.443741
-52.082851
-51.702972
-51.411533
-51.117867
-50.882751
-50.381523
-49.985874
-49.924534
-49.650745
-49.051334
-48.787685
-48.348385
-48.151970
-48.002316
-47.806797
-47.438362
-47.154423
-46.727734
-46.361179
-46.131512
-45.861469
-45.311817
-45.093765
-44.727146
-44.363510
-43.960903
-43.478870
-43.138611
-42.735550
-42.508102
-42.098988
-41.845448
-41.550354
-41.172558
-40.798416
-40.476910
-40.058270
-39.572517
-39.384438
-39.059738
-38.647038
-38.247509
-37.904751
-37.414906
-37.065304
-36.804611
-36.392212
-36.044586
-35.698330
-35.559055
-35.124947
-34.990482
-34.624706
-34.329998
-34.005985
-33.842800
-33.699883
-33.305412
-32.947865
-32.686512
-32.565052
-32.219448
-31.877831
-31.639357
-31.428465
-31.223682
-30.913464
-30.848545
-30.513689
-30.244913
-30.084745
-30.095861
-29.929728
-29.616478
-29.352451
-29.381430
-29.244917
-28.820908
-28.487715
-28.434238
-28.307552
-28.057362
-27.614523
-27.386518
-27.190233
-26.930128
-26.611004
-26.541107
-26.384050
-26.006567
-25.853045
-25.736292
-25.432858
-25.054708
-24.809862
-24.625982
-24.337025
-23.945002
-23.678379
-23.343294
-23.049307
-22.602356
-22.385771
-22.213062
-21.827982
-21.408033
-21.248848
-21.066565
-20.751785
-20.496433
-20.229361
-20.017328
-19.674021
-19.448935
-19.162359
-18.884451
-18.553514
-18.123339
-17.814974
-17.673079
-17.215643
-16.957146
-16.635799
-16.345192
-16.044247
-15.808670
-15.571649
-15.412574
-15.179658
-15.049678
-14.936674
-14.854195
-14.663392
-14.545699
-14.516722
-14.520128
-14.343998
-14.153194
-14.103329
-13.934956
-13.721783
-13.354678
-12.934916
-12.777880
-12.632862
-12.518556
-12.154133
-11.966024
-11.527211
-11.333879
-11.335998
-11.300489
-11.171429
-10.833325
-10.716736
-10.770517
-10.631648
-10.433701
-10.235774
-9.907486
-9.695680
-9.765502
-9.850620
-9.622979
-9.542095
-9.133046
-9.117548
-9.285922
-9.450682
-9.301956
-9.161814
-9.081680
-9.175117
-9.184644
-9.150084
-9.077132
-8.995563
-8.984552
-8.674892
-8.833279
-8.786812
-8.745842
-8.463409
-8.305209
-8.277411
-8.337079
-8.267987
-8.201268
-8.336577
-8.034737
-7.895617
-7.936930
-7.982750
-7.750969
-7.440170
-7.350522
-7.330126
-7.418294
-7.220906
-7.328450
-7.177837
-7.136765
-6.853502
-6.954127
-6.976599
-7.038388
-6.842669
-6.879760
-6.781542
-6.595664
-6.347274
-6.215348
-6.293077
-6.161144
-5.951352
-6.034723
-5.872211
-5.766665
-5.645637
-5.560489
-5.428667
-5.365124
-5.322554
-5.229400
-5.150441
-5.036807
-4.820516
-4.747026
-4.546517
-4.373729
-4.260492
-4.159019
-4.066737
-4.086298
-3.908431
-3.847435
-3.644328
-3.669987
-3.486297
-3.449765
-3.325265
-3.230220
-3.142341
-2.873825
-2.965409
-2.665082
-2.508319
-2.390215
-2.391598
-2.201076
-2.183475
-2.145812
-1.971099
-1.800705
-1.898050
-1.807352
-1.645614
-1.557810
-1.462589
-1.342101
-1.258738
-1.191978
-1.155255
-0.936761
-0.811913
-0.790158
-0.752335
-0.676410
-0.517382
-0.613748
-0.452232
-0.355254
-0.435432
-0.229408
-0.176514
-0.202419
-0.170834
-0.088221
0.071376
0.092099
0.026091
0.101889
0.197974
0.123615
0.224700
0.055657
0.106137
0.162707
0.043609
-0.032000
0.249871
0.040616
0.017679
0.089978
0.100653
0.103307
0.336860
0.228042
0.345971
0.458150
0.411085
0.281973
0.420482
0.435486
0.415866
0.436249
0.375427
0.345335
0.335530
0.341693
0.245150
0.305800
0.281592
0.225164
0.318784
0.343831
0.285183
0.444197
0.373055
0.311097
0.313652
0.348297
0.303575
0.286019
0.424571
0.270433
0.316360
0.330029
0.306980
0.129124
0.241286
0.173279
0.235251
0.237130
0.230799
0.138769
0.168861
0.296923
0.194019
0.220923
0.378566
0.268910
0.300331
0.380624
0.427444
0.191136
0.419259
0.345880
0.452932
0.313312
0.364854
0.426152
0.372075
0.411126
0.640418
0.512942
0.523381
0.601455
0.687475
0.524240
0.684174
0.704063
0.660146
0.793876
0.690454
0.667019
0.754944
0.862892
0.632822
0.929563
0.773916
0.918358
0.845514
0.756134
0.980507
0.910735
0.857398
0.797289
1.052448
0.923410
0.882786
0.878832
0.844123
1.023176
0.779787
1.011960
0.923253
0.992615
0.843113
0.929393
1.037160
0.817936
0.904844
0.937806
0.978738
0.807166
0.956878
0.848637
0.853829
0.873962
0.818706
0.842320
0.869882
0.900785
0.794923
0.921164
0.866372
0.788921
0.814054
0.913489
0.949885
0.830152
0.715010
0.848872
0.815160
0.809336
0.646005
0.799926
0.682230
0.622253
0.731551
0.739002
0.572918
0.579430
0.683955
0.677404
0.663014
0.697764
0.687544
0.671524
0.751520
0.633135
0.643538
0.635968
0.602595
0.631698
0.648792
0.588296
0.569601
0.599107
0.600331
0.683728
0.589123
0.593582
0.557765
0.709788
0.664381
0.719580
0.661795
0.590378
0.643969
0.667166
0.828135
0.591427
0.649395
0.618128
0.777816
0.641255
0.662509
0.634782
0.568323
0.680459
0.653542
0.723770
0.604109
0.537950
0.556856
0.583737
0.556685
0.472975
0.403198
0.366025
0.467967
0.366454
0.300667
0.158287
0.199216
0.165401
0.162709
0.078980
0.136137
0.093893
0.041408
0.031430
0.090422
-0.028487
-0.047455
0.009260
-0.000674
-0.132275
-0.146847
-0.076092
-0.139683
-0.133076
-0.147807
-0.071300
-0.147171
-0.185101
-0.178872
-0.254033
-0.149879
-0.232735
-0.167333
-0.230828
-0.220308
-0.338508
-0.220082
-0.268629
-0.255559
-0.211101
-0.198232
-0.180260
-0.178311
-0.031416
-0.281197
-0.183359
-0.066373
-0.155660
-0.110390
-0.044902
-0.016576
-0.098590
-0.095198
-0.085754
0.011236
-0.033525
-0.028067
0.051191
0.033028
-0.067771
0.112990
0.053569
-0.079517
0.093753
0.064235
0.108273
0.093499
0.035476
0.107043
0.118743
-0.027044
0.151392
0.225021
0.152292
0.124501
0.155461
0.103915
0.193745
0.202381
0.268535
0.311612
0.248995
0.326998
0.333814
0.278128
0.274571
0.206652
0.222963
0.299285
0.327317
0.278590
0.309801
0.248957
0.231778
0.172246
0.340340
0.309578
0.166600
0.284852
0.400274
0.325154
0.258289
0.233043
0.263979
0.353506
0.327398
0.309587
0.337980
0.277134
0.281825
0.267099
0.261599
0.271408
0.221570
0.253250
0.333553
0.317099
0.222923
0.169486
0.288056
0.199910
0.348089
0.272423
0.280881
0.205639
0.130542
0.265452
0.209075
0.207208
0.140762
0.198521
0.168611
0.222043
0.121078
0.122161
0.082082
0.145883
0.136000
0.119224
0.082123
0.112629
0.072806
0.073278
0.134616
0.122701
0.091345
0.034785
0.069119
0.063821
0.159810
0.037751
0.040789
-0.013375
0.018319
0.075366
0.147191
-0.012073
-0.012118
-0.023216
-0.035491
0.037212
0.050487
-0.016468
-0.065779
-0.058078
0.032358
-0.007642
0.044389
-0.048337
-0.014452
-0.000006
0.088828
0.037434
-0.009447
-0.023983
0.013045
0.078089
0.047965
0.002901
-0.103464
0.150298
-0.022970
0.065805
0.073563
0.070357
0.111706
0.040155
0.100410
0.066079
0.079591
0.104561
0.137695
0.154239
0.066975
0.054598
0.110609
0.209056
0.085823
0.125546
0.130182
0.172758
0.153988
0.217628
0.144361
0.125680
0.193371
0.273697
0.257603
0.173131
0.134252
0.149184
0.249223
0.088300
0.119658
0.130875
0.150488
0.108768
0.148135
0.183327
0.126778
0.137822
0.218428
0.235826
0.146748
0.244004
0.183179
0.236358
0.239193
0.211148
0.200847
0.175380
0.170942
0.233450
0.252556
0.134939
0.189105
0.196613
0.229538
0.174801
0.175816
0.291174
0.254998
0.285215
0.344158
0.389663
0.259831
0.242300
0.289530
0.389892
0.316163
0.325329
0.240636
0.222215
0.207503
0.211384
0.294613
0.234358
0.200911
0.176085
0.291130
0.335755
0.242363
0.202325
0.228926
0.241146
0.323990
0.204621
0.236699
0.146941
0.183877
0.163155
0.217998
0.183403
0.145501
0.058633
0.221324
0.256374
0.191298
0.059045
0.136269
0.152039
0.117384
0.161621
0.085952
0.019962
-0.013094
0.115827
0.015588
-0.165450
-0.079779
-0.023603
-0.159628
-0.124235
-0.079388
-0.114162
-0.095204
-0.159541
-0.129163
-0.156775
-0.098783
-0.119370
-0.157807
-0.181390
-0.220760
-0.169508
-0.295209
-0.253940
-0.290749
-0.334267
-0.276576
-0.216947
-0.328639
-0.397882
-0.289349
-0.303701
-0.264332
-0.306849
-0.451918
-0.288857
-0.274056
-0.377131
-0.420274
-0.331171
-0.408085
-0.422472
-0.409648
-0.323744
-0.325071
-0.370097
-0.400720
-0.332931
-0.373510
-0.432469
-0.319575
-0.354851
-0.361316
-0.409486
-0.348190
-0.412144
-0.357742
-0.464691
-0.433717
-0.413355
-0.422423
-0.498116
-0.457839
-0.461558
-0.442652
-0.451338
-0.475281
-0.450304
-0.417143
-0.482989
-0.475615
-0.463999
-0.508674
-0.469547
-0.470285
-0.522361
-0.551953
-0.519754
-0.435454
-0.530247
-0.568599
-0.449789
-0.488520
-0.485519
-0.445784
-0.469063
-0.501769
-0.502790
-0.484856
-0.401722
-0.486434
-0.404239
-0.484738
-0.451576
-0.416826
-0.402844
-0.462343
-0.507109
-0.449346
-0.535342
-0.420876
-0.446738
-0.452856
-0.442591
-0.480538
-0.344381
-0.407384
-0.423665
-0.487311
-0.492801
-0.451142
-0.339812
-0.427487
-0.433831
-0.494867
-0.469994
-0.410249
-0.332090
-0.363183
-0.477154
-0.415261
-0.402131
-0.330492
-0.346776
-0.322494
-0.485742
-0.402905
-0.410760
-0.343031
-0.370228
-0.419025
-0.468283
-0.346524
-0.367146
-0.349869
-0.360159
-0.399953
-0.436095
-0.378356
-0.355276
-0.452509
-0.451233
-0.399627
-0.481598
-0.485350
-0.473366
-0.443429
-0.462833
-0.422628
-0.417601
-0.366856
-0.481926
-0.511900
-0.408826
-0.398185
-0.477614
-0.443532
-0.498064
-0.468328
-0.479359
-0.516560
-0.490637
-0.484454
-0.447711
-0.362913
-0.516773
-0.464852
-0.382692
-0.382857
-0.545676
-0.445249
-0.352117
-0.440514
-0.465013
-0.456839
-0.509478
-0.493067
-0.427044
-0.539952
-0.519152
-0.511386
-0.512979
-0.514375
-0.437125
-0.521391
-0.477029
-0.543459
-0.441671
-0.471592
-0.505751
-0.543499
-0.489863
-0.538825
-0.467664
-0.497185
-0.492510
-0.546798
-0.534733
-0.510378
-0.499237
-0.436668
-0.531790
-0.541010
-0.488607
-0.424262
-0.525633
-0.557382
-0.503118
-0.500491
-0.454812
-0.491617
-0.529727
-0.658828
-0.490206
-0.548002
-0.521662
-0.552074
-0.603105
-0.583180
-0.465218
-0.540439
-0.565679
-0.648391
-0.598616
-0.530726
-0.604541
-0.617433
-0.573587
-0.550569
-0.650214
-0.607232
-0.606893
-0.613218
-0.625634
-0.595663
-0.604454
-0.599225
-0.659517
-0.617970
-0.597523
-0.701348
-0.725442
-0.630449
-0.681282
-0.684777
-0.646013
-0.714404
-0.656877
-0.639032
-0.645585
-0.688705
-0.589227
-0.616437
-0.602030
-0.591024
-0.625316
-0.647761
-0.686359
-0.604039
-0.583427
-0.600387
-0.697588
-0.587574
-0.635808
-0.607267
-0.650469
-0.587259
-0.561014
-0.548714
-0.573723
-0.576758
-0.436808
-0.547476
-0.603805
-0.556670
-0.425245
-0.535326
-0.542745
-0.541373
-0.492988
-0.551342
-0.507325
-0.503967
-0.497194
-0.510049
-0.470613
-0.449005
-0.427007
-0.551383
-0.425553
-0.474120
-0.406840
-0.440646
-0.438204
-0.395509
-0.440599
-0.477263
-0.491083
-0.311810
-0.440291
-0.428642
-0.401545
-0.314114
-0.223688
-0.404126
-0.358521
-0.300400
-0.202475
-0.312754
-0.276806
-0.264936
-0.207786
-0.332690
-0.300361
-0.257831
-0.269245
-0.288303
-0.248738
-0.207348
-0.251365
-0.268587
-0.200988
-0.114965
-0.226528
-0.197171
-0.126926
-0.134169
-0.121168
-0.270123
-0.151099
-0.054929
-0.097128
-0.180369
-0.107337
-0.075294
-0.016076
-0.093082
-0.117840
-0.050359
-0.025748
-0.064628
-0.080765
-0.049755
-0.034847
-0.095991
-0.057287
-0.091707
0.038405
-0.055667
-0.064327
0.007083
-0.047004
-0.078012
-0.044225
-0.030316
-0.048929
-0.038517
-0.039559
-0.067185
0.030256
-0.040367
-0.151232
-0.047495
-0.016686
-0.080855
-0.125439
-0.076588
-0.062966
-0.067468
-0.088989
-0.095085
-0.115988
-0.137354
-0.148365
-0.098574
-0.065436
-0.103893
-0.120131
-0.162768
-0.166102
-0.008312
-0.054532
-0.144163
-0.126470
-0.098003
-0.081488
-0.111618
-0.079191
-0.163066
-0.120407
-0.145723
-0.138362
-0.125177
-0.250871
-0.253046
-0.147239
-0.165667
-0.218267
-0.241842
-0.245385
-0.254176
-0.202380
-0.213720
-0.248809
-0.219434
-0.284905
-0.191306
-0.239055
-0.177396
-0.304356
-0.381068
-0.305521
-0.243046
-0.318573
-0.307279
-0.339432
-0.359621
-0.316374
-0.371666
-0.348556
-0.329048
-0.364500
-0.349908
-0.346432
-0.426991
-0.355348
-0.398786
-0.413623
-0.458283
-0.348447
-0.428013
-0.448875
-0.511504
-0.496830
-0.462698
-0.405046
-0.466101
-0.556681
-0.462557
-0.452405
-0.449866
-0.509373
-0.548447
-0.520903
-0.459425
-0.492973
-0.601638
-0.540559
-0.506718
-0.554460
-0.562213
-0.611852
-0.636810
-0.557228
-0.595015
-0.574223
-0.578923
-0.617116
-0.642418
-0.606514
-0.644353
-0.575863
-0.597578
-0.648136
-0.677891
-0.703637
-0.587136
-0.617197
-0.665586
-0.725346
-0.640138
-0.677080
-0.629883
-0.710317
-0.673012
-0.689888
-0.662961
-0.657874
-0.689143
-0.672185
-0.622708
-0.696061
-0.728101
-0.672394
-0.748352
-0.682825
-0.665517
-0.775371
-0.737802
-0.626496
-0.699817
-0.726471
-0.764364
-0.678173
-0.658109
-0.701768
-0.768965
-0.716277
-0.628362
-0.693558
-0.741673
-0.762527
-0.621788
-0.736471
-0.696858
-0.739737
-0.643880
-0.723272
-0.681211
-0.731155
-0.635686
-0.699660
-0.701241
-0.678777
-0.646085
-0.752824
-0.643895
-0.609223
-0.705124
-0.771478
-0.627702
-0.635348
-0.626481
-0.762981
-0.683513
-0.575320
-0.594245
-0.655175
-0.634371
-0.660031
-0.590706
-0.561266
-0.639547
-0.582401
-0.583915
-0.614250
-0.560913
-0.609695
-0.571815
-0.560217
-0.608974
-0.568922
-0.581581
-0.502007
-0.521369
-0.493847
-0.613387
-0.500126
-0.481174
-0.490902
-0.559344
-0.507102
-0.499263
-0.471371
-0.464893
-0.520528
-0.553213
-0.506101
-0.464070
-0.486241
-0.474932
-0.436943
-0.481423
-0.468476
-0.475046
-0.421969
-0.458013
-0.478051
-0.426549
-0.477435
-0.406059
-0.363029
-0.400019
-0.498826
-0.452251
-0.323998
-0.337471
-0.386657
-0.394628
-0.329486
-0.401714
-0.331724
-0.421177
-0.314883
-0.290997
-0.337339
-0.367165
-0.310149
-0.281779
-0.326779
-0.319159
-0.341094
-0.305481
-0.319121
-0.272895
-0.298441
-0.287276
-0.369391
-0.289098
-0.303605
-0.270279
-0.328956
-0.301254
-0.329216
-0.290370
-0.314035
-0.272504
-0.305099
-0.299610
-0.351618
-0.258542
-0.250388
-0.320915
-0.340341
-0.260013
-0.268937
-0.278434
-0.306474
-0.287419
-0.256654
-0.239142
-0.330964
-0.286140
-0.242582
-0.306700
-0.222662
-0.181190
-0.317652
-0.264538
-0.160267
-0.246656
-0.298362
-0.226983
-0.176156
-0.246205
-0.215959
-0.161545
-0.208647
-0.169392
-0.193879
-0.154139
-0.177570
-0.150056
-0.133199
-0.125381
-0.140957
-0.121133
-0.164272
-0.142056
-0.141803
-0.161432
-0.142921
-0.117420
-0.122881
-0.153987
-0.071848
-0.144534
-0.190513
-0.159819
-0.097093
-0.038145
-0.103545
-0.178772
-0.203262
-0.068808
-0.064640
-0.113650
-0.141132
-0.123752
-0.064179
-0.089509
-0.091321
-0.124723
-0.060582
-0.066160
-0.159356
-0.095778
-0.042676
-0.025802
-0.154983
-0.068860
-0.088632
-0.070459
-0.059824
-0.104258
-0.129657
-0.084603
0.039034
-0.070626
-0.134925
-0.199419
-0.088954
0.016834
-0.081119
-0.150639
-0.114125
-0.008221
-0.077053
-0.048590
-0.118790
-0.010771
-0.005696
-0.056649
-0.105007
0.046085
-0.028003
-0.099143
-0.081263
-0.054406
0.023430
-0.013072
-0.120705
-0.055165
0.007487
-0.029533
-0.055017
-0.118279
-0.034466
0.036908
-0.010787
-0.015935
-0.034792
0.025136
0.027767
0.033295
-0.033557
0.005956
0.047770
-0.054444
-0.043588
0.006232
0.051011
-0.032668
-0.116299
-0.029198
0.053727
-0.082035
0.006923
-0.070697
-0.085547
-0.001310
0.026004
-0.033963
-0.063302
-0.024108
-0.020086
-0.064472
-0.037495
-0.035161
0.018529
-0.045934
-0.030186
-0.086267
0.061472
0.071563
-0.052361
-0.046242
0.070687
0.069282
-0.005564
0.009900
-0.000549
0.037916
0.054564
0.034357
0.003164
0.067889
0.096214
0.020760
0.001334
0.055244
0.078521
0.113194
0.064384
0.019279
0.052876
0.124880
0.110180
0.027895
0.085637
0.080062
0.186726
0.056847
0.041179
0.108485
0.197935
0.072213
0.068036
0.076817
0.161701
0.070392
0.139593
0.075781
0.160672
0.134493
0.147774
0.159920
0.188881
0.148314
0.150783
0.197936
0.143682
0.248532
0.216319
0.183197
0.166026
0.193294
0.257758
0.291372
0.137415
0.220378
0.295951
0.300388
0.125511
0.204358
0.269725
0.315717
0.177572
0.142097
0.268330
0.346639
0.172870
0.135730
0.231021
0.257809
0.228348
0.230101
0.313211
0.250995
0.267031
0.219115
0.234295
0.253389
0.303212
0.294054
0.227089
0.176226
0.375117
0.327639
0.304707
0.218467
0.264135
0.330969
0.300096
0.357190
0.327227
0.265230
0.279037
0.334174
0.322407
0.351662
0.360763
0.271026
0.353415
0.356203
0.348680
0.343470
0.289980
0.310142
0.369853
0.401316
0.351772
0.332823
0.297220
0.324319
0.322846
0.336137
0.309882
0.365712
0.390918
0.349881
0.280993
0.334437
0.384689
0.296888
0.270490
0.385942
0.429181
0.322848
0.282969
0.285208
0.313710
0.353751
0.336776
0.294078
0.323295
0.361335
0.326225
0.289274
0.358476
0.372000
0.398708
0.385611
0.309691
0.388161
0.365658
0.356878
0.308605
0.380711
0.391779
0.299739
0.256191
0.337315
0.399098
0.349730
0.382305
0.359693
0.349617
0.417907
0.482581
0.367378
0.407490
0.489324
0.448880
0.355127
0.410501
0.470718
0.362721
0.377745
0.369691
0.521635
0.497094
0.409008
0.411817
0.510058
0.388532
0.527373
0.483925
0.445139
0.545047
0.494674
0.529819
0.449799
0.413704
0.421287
0.497975
0.436866
0.464492
0.513360
0.460927
0.441545
0.408755
0.422628
0.570341
0.450346
0.447612
0.441170
0.559342
0.452570
0.441663
0.412878
0.404417
0.382507
0.515847
0.439738
0.402008
0.355528
0.527754
0.362482
0.377423
0.376919
0.466941
0.416527
0.461952
0.395566
0.438044
0.364708
0.333521
0.411935
0.419823
0.400003
0.314062
0.308431
0.311869
0.395811
0.376756
0.316091
0.288125
0.420142
0.397488
0.332375
0.349669
0.356919
0.337496
0.336923
0.286687
0.382761
0.344278
0.354753
0.286592
0.365103
0.275399
0.331506
0.389099
0.374747
0.290799
0.406432
0.369961
0.340755
0.363126
0.427363
0.439143
0.381981
0.287538
0.406406
0.404800
0.309880
0.392999
0.354280
0.332509
0.313783
0.419528
0.305851
0.432743
0.371615
0.397068
0.359178
0.371647
0.399437
0.404067
0.342332
0.320351
0.418421
0.384513
0.385948
0.344047
0.390092
0.436745
0.359493
0.346560
0.378404
0.370088
0.432069
0.397486
0.405483
0.334865
0.437617
0.367671
0.326440
0.390834
0.447444
0.413923
0.371415
0.281350
0.316884
0.440249
0.237585
0.278446
0.359918
0.395410
0.316624
0.279491
0.317394
0.387034
0.383693
0.274076
0.322606
0.406668
0.447700
0.309908
0.358407
0.353586
0.365880
0.353740
0.294681
0.339324
0.312831
0.343904
0.281877
0.371871
0.252066
0.322809
0.337687
0.321479
0.270956
0.246114
0.291251
0.341426
0.187729
0.252850
0.257831
0.266066
0.232640
0.293621
0.240820
0.322943
0.183592
0.254009
0.291691
0.258035
0.162626
0.332820
0.267489
0.236377
0.298912
0.235408
0.182177
0.379948
0.320828
0.374627
0.327814
0.169841
0.254257
0.479461
0.396336
0.295856
0.369564
0.372109
0.407244
0.443494
0.381814
0.481344
0.401920
0.384079
0.463124
0.543845
0.361528
0.387739
0.383825
0.453626
0.542689
0.460811
0.285501
0.441180
0.472163
0.464599
0.445395
0.412910
0.314645
0.536637
0.507487
0.464716
0.392034
0.431828
0.457204
0.501378
0.476359
0.457755
0.536997
0.413422
0.363820
0.506510
0.546036
0.443587
0.389392
0.304505
0.485246
0.441481
0.425107
0.385121
0.393168
0.448400
0.444691
0.454396
0.444966
0.463693
0.433457
0.445672
0.473582
0.422675
0.413780
0.419641
0.400395
0.357489
0.445107
0.464848
0.401002
0.394659
0.402432
0.455216
0.496874
0.443299
0.389341
0.456993
0.573933
0.522369
0.395352
0.487097
0.544571
0.454943
0.415609
0.466747
0.432371
0.432188
0.465962
0.431883
0.456116
0.362286
0.377661
0.353420
0.304703
0.243560
0.322826
0.321680
0.221409
0.151194
0.183044
0.131456
0.210851
0.246725
0.137886
0.142891
0.276987
0.274904
0.227020
0.214725
0.219320
0.263061
0.197990
0.234857
0.166754
0.240173
0.115306
0.060959
0.119956
0.122922
0.107739
0.160547
0.125487
0.282726
0.105967
0.222186
0.146545
0.157065
0.048845
0.190979
0.215943
0.176584
0.075245
0.050220
0.095867
0.064763
0.053782
0.087235
0.131494
0.028914
0.150507
0.167904
0.137241
0.062529
0.160395
0.155034
0.150632
0.162928
0.134349
0.126386
0.118647
0.090625
0.088866
0.024245
0.071440
0.139387
0.244209
0.041861
0.132705
0.041202
0.206479
0.164154
0.156903
0.162742
0.224846
0.118073
0.210394
0.202887
0.158101
0.111928
0.162455
0.189510
0.320825
0.139036
0.155500
0.098611
0.235986
0.204526
0.183568
0.205155
0.200906
0.169413
0.111753
0.233394
0.184805
0.142646
0.059886
0.164706
0.170040
0.150238
0.138184
0.127711
0.148738
0.234806
0.148116
0.171149
0.103797
0.155924
0.160490
0.198200
0.113848
0.183422
0.112054
0.100455
0.198529
0.125084
0.190097
0.150517
0.115673
0.208581
0.138160
0.154874
0.094592
0.197221
0.140735
0.138399
0.098168
0.129485
0.173502
0.090977
0.076603
0.068735
0.084827
0.050718
0.085913
-0.013199
0.068620
0.064655
0.128201
-0.069593
0.056128
0.072141
0.117343
0.025983
0.013812
0.044742
0.028620
0.009735
-0.026937
-0.009993
-0.067542
-0.113291
-0.107440
-0.073733
-0.055579
-0.162007
-0.233862
-0.178960
-0.092585
-0.244383
-0.225845
-0.205433
-0.222764
-0.302383
-0.324770
-0.287278
-0.308326
-0.393582
-0.283922
-0.350880
-0.380681
-0.363790
-0.434048
-0.420788
-0.322341
-0.414201
-0.393773
-0.355593
-0.386149
-0.402479
-0.476520
-0.413160
-0.491361
-0.459908
-0.504085
-0.388191
-0.589774
-0.571423
-0.601036
-0.628701
-0.740544
-0.638968
-0.724478
-0.802915
-0.788056
-0.858257
-0.854219
-0.874167
-1.096501
-0.942727
-1.023704
-1.127123
-1.144402
-1.233233
-1.372625
-1.457252
-1.406689
-1.461444
-1.461241
-1.523009
-1.704377
-1.652768
-1.780205
-1.808279
-1.857142
-1.884747
-1.991430
-2.091257
-2.162398
-2.193613
-2.296515
-2.490183
-2.432632
-2.395871
-2.632226
-2.626432
-2.745383
-2.754553
-2.807869
-2.920255
-2.903687
-3.014550
-3.075631
-3.208699
-3.118308
-3.315939
-3.279299
-3.483911
-3.520360
-3.612064
-3.713094
-3.816235
-3.887776
-4.004919
-4.071179
-4.060237
-4.229008
-4.282107
-4.459032
-4.453218
-4.516743
-4.629885
-4.672707
-4.748235
-4.882175
-4.999766
-5.053241
-5.228919
-5.278895
-5.344979
-5.457157
-5.458985
-5.606433
-5.667024
-5.752226
-5.869586
-5.867584
-5.934808
-5.969254
-6.108740
-6.240696
-6.254532
-6.297518
-6.397073
-6.629941
-6.630024
-6.733109
-6.742770
-6.959671
-6.960754
-7.185688
-7.263584
-7.399083
-7.332550
-7.500215
-7.571109
-7.683335
-7.828020
-7.979982
-7.980198
-8.013864
-8.297773
-8.400288
-8.382288
-8.430305
-8.575706
-8.838732
-8.867196
-8.813934
-8.956952
-9.111376
-9.153116
-9.263021
-9.399292
-9.509938
-9.594974
-9.706253
-9.743102
-9.941387
-10.017426
-10.087583
-10.164641
-10.467356
-10.409578
-10.530022
-10.593922
-10.707879
-10.610580
-10.840517
-10.894311
-10.953151
-10.871772
-11.034931
-11.085332
-11.120128
-11.097854
-11.204602
-11.258701
-11.309400
-11.404601
-11.466060
-11.499708
-11.425598
-11.621404
-11.687544
-11.827271
-11.604991
-11.797357
-11.934052
-11.967003
-11.938751
-12.035532
-12.107062
-12.248985
-12.236042
-12.254525
-12.429113
-12.434660
-12.421904
-12.570623
-12.602266
-12.706014
-12.647226
-12.649095
-12.747015
-12.865531
-12.838458
-12.887150
-12.911874
-13.009966
-13.031184
-13.103995
-13.135233
-13.186810
-13.295341
-13.335560
-13.388301
-13.561039
-13.539931
-13.482632
-13.522628
-13.712720
-13.607989
-13.753414
-13.704403
-13.842049
-13.824913
-13.924236
-13.925645
-14.048851
-14.061067
-14.083921
-14.202770
-14.292117
-14.303854
-14.232658
-14.453616
-14.456811
-14.567962
-14.476762
-14.612712
-14.622396
-14.774568
-14.744803
-14.828838
-14.779963
-14.858148
-14.998799
-14.967036
-15.068737
-15.040260
-15.137595
-15.171696
-15.250412
-15.344186
-15.265524
-15.279150
-15.360000
-15.551405
-15.509989
-15.417146
-15.561586
-15.637060
-15.627381
-15.676725
-15.846381
-15.896130
-15.898016
-15.936728
-16.075356
-16.152889
-16.187681
-16.195337
-16.244970
-16.348555
-16.397627
-16.485773
-16.514130
-16.460844
-16.531937
-16.568020
-16.739645
-16.789871
-16.859797
-16.774111
-17.029964
-17.021856
-17.018171
-17.066750
-17.199768
-17.265745
-17.287895
-17.365108
-17.489416
-17.494991
-17.531713
-17.653465
-17.745787
-17.831221
-17.811419
-17.987955
-18.052338
-18.150093
-18.193224
-18.430328
-18.499681
-18.562975
-18.644381
-18.811098
-18.980083
-19.040432
-19.160091
-19.264809
-19.429094
-19.535683
-19.707916
-19.693253
-19.879971
-20.056215
-20.168367
-20.310043
-20.364002
-20.489210
-20.666843
-20.803364
-20.926880
-21.094238
-21.231581
-21.443092
-21.678907
-21.775021
-22.026733
-22.206675
-22.337873
-22.621572
-22.782892
-22.900116
-23.134138
-23.296652
-23.530634
-23.618486
-23.868553
-23.970589
-24.177065
-24.356827
-24.529217
-24.688263
-24.991781
-25.127314
-25.372276
-25.555874
-25.927235
-26.087507
-26.373741
-26.512405
-26.960117
-27.098440
-27.380613
-27.601091
-27.877537
-28.181356
-28.421919
-28.652840
-29.044815
-29.306208
-29.571701
-29.814119
-30.123610
-30.394258
-30.736938
-30.868618
-31.152966
-31.387304
-31.593145
-31.848610
-32.077190
-32.262775
-32.361393
-32.587563
-32.779400
-32.975060
-33.088226
-33.404140
-33.578156
-33.873829
-34.052162
-34.249317
-34.455360
-34.708080
-35.021069
-35.125267
-35.404346
-35.537746
-35.857208
-35.850815
-36.084110
-36.343025
-36.475872
-36.523174
-36.957027
-37.177540
-37.344097
-37.539532
-37.826389
-37.892361
-38.249523
-38.493111
-38.764431
-38.765160
-39.072617
-39.335144
-39.479168
-39.677212
-39.849102
-40.040123
-40.157303
-40.464039
-40.700668
-40.886654
-40.902546
-41.163799
-41.487976
-41.643597
-41.801399
-41.952793
-42.125496
-42.377193
-42.570698
-42.742088
-42.909271
-43.065517
-43.123230
-43.370995
-43.554787
-43.661369
-43.774265
-43.986763
-44.178043
-44.258842
-44.423584
-44.706665
-44.793423
-44.998291
-45.201839
-45.336845
-45.509911
-45.539471
-45.703251
-45.932255
-46.199131
-46.115288
-46.284077
-46.543404
-46.592640
-46.696301
-46.925674
-46.984287
-46.996853
-47.119759
-47.343121
-47.499870
-47.634655
-47.724426
-47.719460
-47.836185
-47.999268
-48.053432
-48.190468
-48.254490
-48.377357
-48.516602
-48.612427
-48.510609
-48.603565
-48.696243
-49.002533
-49.236805
-49.429573
-49.358383
-49.467842
-49.559387
-49.673103
-49.746704
-49.919506
-50.064037
-50.074520
-50.046463
-50.122490
-50.320225
-50.487106
-50.467602
-50.503662
-50.673649
-50.894642
-50.916496
-50.829372
-50.944073
-51.181522
-51.009140
-51.085510
-51.118248
-51.243736
-51.276928
-51.569138
-51.587418
-51.674797
-51.751480
-51.808342
-51.773972
-52.136482
-52.295605
-52.311886
-52.486969
-52.550968
-52.673462
-52.599209
-52.684612
-52.672699
-52.882858
-52.969105
-53.012638
-53.123913
-53.075958
-53.161777
-53.048637
-53.198986
-53.271027
-53.444595
-53.352352
-53.669674
-53.752422
-53.731289
-53.672333
-53.831787
-53.890663
-53.996441
-54.080814
-54.251659
-54.236889
-54.337837
-54.396866
-54.507496
-54.455406
-54.620205
-54.714794
-54.813995
-54.871086
-54.928436
-54.943283
-54.914391
-55.098995
-55.106098
-55.080624
-55.160950
-55.273659
-55.292480
-55.211555
-55.200714
-55.348267
-55.335751
-55.198711
-55.419132
-55.497314
-55.458908
-55.364441
-55.459717
-55.499924
-55.574856
-55.548565
-55.624012
-55.725925
-55.735176
-55.693729
-55.776157
-55.804558
-55.756512
-55.837608
-55.885368
-55.930405
-56.088703
-56.118877
-56.003529
-56.186253
-56.217014
-56.223412
-56.305817
-56.263676
-56.269295
-56.448936
-56.446781
-56.217728
-56.319962
-56.389294
-56.347290
-56.361069
-56.374912
-56.550991
-56.436352
-56.391621
-56.556129
-56.644951
-56.661068
-56.635052
-56.792561
-56.843880
-56.879700
-56.933418
-56.948452
-56.957844
-57.035332
-57.090633
-57.136818
-57.161377
-57.103359
-57.148258
-57.268604
-57.218513
-57.366257
-57.440102
-57.298153
-57.399586
-57.526180
-57.489429
-57.482891
-57.582195
-57.473820
-57.654411
-57.720970
-57.626968
-57.674080
-57.747261
-57.838955
-57.805428
-57.866859
-57.864124
-57.988789
-57.930729
-57.974579
-58.149082
-58.119854
-57.965199
-58.032879
-58.283356
-58.191685
-58.199883
-58.262363
-58.276531
-58.304367
-58.488850
-58.555580
-58.583088
-58.585392
-58.660656
-58.826996
-58.865700
-58.855461
-58.924999
-59.009823
-59.029404
-59.133949
-59.038891
-59.161140
-59.269470
-59.310001
-59.231232
-59.229458
-59.400768
-59.407597
-59.372669
-59.532516
-59.769997
-59.683891
-59.550060
-59.721054
-59.851845
-59.932438
-60.001892
-59.933712
-59.989956
-60.059196
-60.106178
-60.094612
-60.146999
-60.180099
-60.172298
-60.348221
-60.291744
-60.278046
-60.114395
-60.152336
-60.468655
-60.282581
-60.239006
-60.227962
-60.479836
-60.338272
-60.378117
-60.497448
-60.621342
-60.579060
-60.496056
-60.681644
-60.652985
-60.719250
-60.550064
-60.679565
-60.824173
-60.895607
-60.951714
-60.990932
-60.982136
-60.957905
-61.051003
-61.174255
-61.136215
-61.097015
-61.323666
-61.230915
-61.287209
-61.229988
-61.260502
-61.282959
-61.346123
-61.436966
-61.547630
-61.684212
-61.603134
-61.941166
-61.997162
-62.063507
-62.191601
-62.294548
-62.378922
-62.667812
-62.885464
-62.830360
-62.830593
-62.760345
-62.838100
-63.042072
-63.043434
-62.836220
-62.882511
-63.026703
-63.146461
-63.119270
-63.061028
-63.026867
-63.067108
-63.081589
-63.155945
-63.213013
-63.274899
-63.216038
-63.254341
-63.362728
-63.336182
-63.265812
-63.344078
-63.467731
-63.372025
-63.397770
-63.325352
-63.349346
-63.330147
-63.283604
-63.285576
-63.370975
-63.295265
-63.104206
-63.363205
-63.389736
-63.522758
-63.634449
-63.694736
-63.356171
-63.503029
-63.683384
-63.748886
-63.706516
-63.572365
-63.531216
-63.643909
-63.632584
-63.628475
-63.709843
-63.689354
-63.695225
-63.735310
-63.877850
-63.910198
-63.775391
-63.907520
-63.927357
-63.729801
-63.773602
-63.872227
-63.840202
-63.740635
-63.744907
-63.798275
-63.899525
-63.905571
-63.830662
-63.954842
-64.053780
-64.078918
-64.035522
-64.181114
-64.244690
-64.189011
-64.135933
-64.237144
-64.225372
-64.196976
-64.176674
-64.208969
-64.176056
-64.265862
-64.178665
-64.137306
-64.253044
-64.291580
-64.298874
-64.151077
-64.239243
-64.358963
-64.336472
-64.387985
-64.247414
-64.254944
-64.306602
-64.300896
-64.318871
-64.440514
-64.449203
-64.276955
-64.257668
-64.304001
-64.384094
-64.303864
-64.393646
-64.406799
-64.396927
-64.380188
-64.347778
-64.384422
-64.368668
-64.408615
-64.424789
-64.362839
-64.375626
-64.457985
-64.492813
-64.403130
-64.469086
-64.424866
-64.489571
-64.391205
-64.421074
-64.464622
-64.475731
-64.459305
-64.442879
-64.456581
-64.473114
-64.489899
-64.340782
-64.382576
-64.415428
-64.546661
-64.402863
-64.413177
-64.498718
-64.495476
-64.432884
-64.351326
-64.494911
-64.370491
-64.379440
-64.345329
-64.534630
-64.408928
-64.231392
-64.324669
-64.401367
-64.244980
-64.272011
-64.292618
-64.330658
-64.273422
-64.420113
-64.262611
-64.296890
-64.306274
-64.433006
-64.336372
-64.305702
-64.350342
-64.426178
-64.258362
-64.330032
-64.336044
-64.284462
-64.219742
-64.184135
-64.286201
-64.344070
-64.216133
-64.258858
-64.369560
-64.276085
-64.285057
-64.345078
-64.269485
-64.322479
-64.300156
-64.288773
-64.276421
-64.320915
-64.220718
-64.293129
-64.355705
-64.312447
-64.128922
-64.278809
-64.213287
-64.249870
-64.218018
-64.226852
-64.142853
-64.185600
-64.161423
-64.140312
-64.046814
-64.202377
-64.084969
-64.131973
-64.047188
-64.037819
-64.083687
-64.011436
-64.021568
-63.861446
-64.016495
-64.019585
-63.935463
-63.919498
-63.973686
-64.004593
-63.887234
-63.937275
-63.949150
-63.756149
-63.798840
-63.952801
-63.906082
-63.746471
-63.835270
-63.784737
-63.820576
-63.929577
-63.727970
-63.728268
-63.680363
-63.799698
-63.741016
-63.837677
-63.748844
-63.671242
-63.716728
-63.628418
-63.649223
-63.644543
-63.626942
-63.625889
-63.588810
-63.643314
-63.472008
-63.572453
-63.511436
-63.550301
-63.481869
-63.568035
-63.422215
-63.514683
-63.545013
-63.520123
-63.438477
-63.381001
-63.271202
-63.338867
-63.411823
-63.423397
-63.333023
-63.158012
-63.315140
-63.372375
-63.298466
-63.242451
-63.326324
-63.213699
-63.243057
-63.308323
-63.201118
-63.317974
-63.231670
-63.141182
-63.202393
-63.297710
-63.163559
-62.987663
-63.209759
-63.165691
-63.156830
-62.987286
-63.036110
-63.087177
-62.988655
-62.982407
-62.943291
-63.069614
-62.945805
-62.908817
-62.917679
-62.900784
-62.846443
-62.878422
-62.880814
-62.810745
-62.818867
-62.618347
-62.799168
-62.748859
-62.551094
-62.588905
-62.523987
-62.539673
-62.462574
-62.609734
-62.320099
-62.392200
-62.433750
-62.319870
-62.312195
-62.311996
-62.392754
-62.247406
-62.284542
-62.185509
-62.283886
-62.304398
-62.085411
-62.312492
-62.151306
-62.066536
-62.096207
-62.281048
-62.177048
-62.054745
-62.211533
-61.986053
-61.905987
-61.854000
-61.950130
-62.080299
-61.851917
-61.829868
-61.832989
-61.845375
-61.800209
-61.853317
-61.906616
-61.775558
-61.769012
-61.880066
-61.646637
-61.576881
-61.540901
-61.726067
-61.694962
-61.632645
-61.497379
-61.653568
-61.625347
-61.353256
-61.574669
-61.433968
-61.526859
-61.427364
-61.487633
-61.340107
-61.423553
-61.502487
-61.445850
-61.331066
-61.397041
-61.385620
-61.236382
-61.097561
-61.195000
-61.333801
-61.316372
-61.336281
-61.203384
-61.274441
-61.100266
-61.127068
-61.202255
-61.274361
-61.210335
-61.131050
-61.104809
-61.245770
-61.234940
-61.093300
-61.072964
-61.167896
-61.173069
-61.166821
-61.184410
-61.016048
-61.076969
-60.977570
-61.093742
-61.154961
-61.105225
-60.877403
-61.080463
-61.250652
-61.057056
-60.950184
-61.058453
-61.160210
-61.002361
-60.992527
-61.055500
-61.086468
-60.985123
-60.931389
-61.048229
-61.031925
-60.944336
-60.980549
-61.002533
-61.001572
-60.998104
-60.918976
-60.975033
-60.819489
-60.808483
-60.837074
-60.988728
-60.721226
-60.717033
-60.642658
-60.752056
-60.600975
-60.617260
-60.556065
-60.664684
-60.556778
-60.518650
-60.456367
-60.470371
-60.280983
-60.204926
-60.225376
-60.303581
-60.234955
-60.005707
-60.122540
-59.999184
-59.983784
-59.819798
-59.898434
-59.877697
-59.782188
-59.708012
-59.663242
-59.581860
-59.530933
-59.398636
-59.449429
-59.213329
-59.189140
-59.164223
-59.224327
-59.089581
-58.875050
-58.885422
-58.864021
-58.778255
-58.617962
-58.672153
-58.465622
-58.457958
-58.277393
-58.169716
-58.139580
-57.967888
-57.835068
-57.886929
-57.752483
-57.610210
-57.318741
-57.556477
-57.245098
-57.184158
-56.984898
-57.074032
-56.857574
-56.643063
-56.634884
-56.423534
-56.411755
-56.201672
-55.971657
-55.926788
-55.744194
-55.713993
-55.532619
-55.430702
-55.237457
-55.148586
-54.949905
-54.861736
-54.816601
-54.581379
-54.457417
-54.354294
-54.172184
-54.049206
-53.846958
-53.748558
-53.552574
-53.554657
-53.308952
-53.262318
-53.182686
-52.893681
-52.859039
-52.791695
-52.722610
-52.560810
-52.544136
-52.345768
-52.230598
-52.238552
-52.080650
-52.097851
-52.003815
-51.916267
-51.711639
-51.752285
-51.666821
-51.568768
-51.628021
-51.442135
-51.494823
-51.284859
-51.271759
-51.203182
-51.206341
-51.091537
-51.121761
-51.104492
-51.015499
-51.076035
-50.947670
-51.017765
-50.936424
-50.982098
-51.114952
-50.998806
-51.030327
-50.887081
-51.179413
-51.031590
-50.968624
-50.973110
-51.144077
-51.013145
-50.994175
-51.094677
-51.080765
-50.948162
-50.964176
-51.292816
-51.016037
-51.115597
-51.104324
-51.207859
-51.182613
-51.211456
-51.181137
-51.326927
-51.318802
-51.303455
-51.458363
-51.485073
-51.172726
-51.340160
-51.464790
-51.491104
-51.357395
-51.410931
-51.561111
-51.549435
-51.603336
-51.559750
-51.472458
-51.676872
-51.635967
-51.609554
-51.704105
-51.750206
-51.729595
-51.660919
-51.724232
-51.857052
-51.839314
-51.523045
-51.723789
-51.820969
-51.874218
-51.811573
-51.871281
-51.771263
-51.863075
-51.893894
-51.855396
-51.920097
-51.856884
-51.738525
-52.053261
-51.974487
-51.948509
-51.919163
-52.051430
-52.044178
-51.939201
-52.013420
-52.007290
-52.172863
-52.071804
-51.917053
-52.213703
-52.117168
-51.976192
-51.959682
-52.047531
-52.078449
-52.099842
-52.095692
-51.954460
-52.047703
-52.024616
-51.933022
-52.101128
-52.025436
-51.830387
-51.896095
-51.940067
-51.903919
-51.848717
-51.955887
-51.876465
-51.940346
-51.904060
-51.905357
-51.876759
-51.806019
-51.835697
-51.816986
-51.844051
-51.874897
-51.747986
-51.818974
-51.698254
-51.623363
-51.727692
-51.745937
-51.672878
-51.773830
-51.675323
-51.782413
-51.715950
-51.652779
-51.620983
-51.642448
-51.779881
-51.689457
-51.753479
-51.607471
-51.685558
-51.642601
-51.691948
-51.655449
-51.655174
-51.642796
-51.652229
-51.671227
-51.758652
-51.508415
-51.675987
-51.699261
-51.641777
-51.652954
-51.618492
-51.582905
-51.603336
-51.691006
-51.632099
-51.574707
-51.546711
-51.675522
-51.587265
-51.585728
-51.546825
-51.656445
-51.561493
-51.518578
-51.598969
-51.626366
-51.540100
-51.454876
-51.464985
-51.565239
-51.434273
-51.486370
-51.461727
-51.418251
-51.368053
-51.388878
-51.479099
-51.422905
-51.247147
-51.283100
-51.341072
-51.384201
-51.204182
-51.245979
-51.291187
-51.260788
-51.144135
-51.096333
-51.227360
-51.199680
-51.113350
-50.855453
-51.072403
-51.037861
-51.011627
-50.891678
-50.893154
-50.794621
-50.935894
-50.814598
-50.777596
-50.655132
-50.714321
-50.722710
-50.754860
-50.551544
-50.721218
-50.469856
-50.543755
-50.545006
-50.537197
-50.387951
-50.372894
-50.347218
-50.424934
-50.342842
-50.336937
-50.296261
-50.162857
-50.156391
-50.220383
-50.183758
-50.099171
-50.118107
-50.111984
-50.053856
-50.026527
-50.057751
-49.996429
-49.882034
-49.992878
-49.975662
-49.971218
-49.869602
-49.807724
-49.939522
-49.843464
-49.865917
-49.749031
-49.736298
-49.856625
-49.866917
-49.686615
-49.835724
-49.733994
-49.662586
-49.754055
-49.717621
-49.730438
-49.749653
-49.631744
-49.719509
-49.764240
-49.773159
-49.639896
-49.604355
-49.750427
-49.787186
-49.670223
-49.729958
-49.709614
-49.823021
-49.641529
-49.775551
-49.712845
-49.754406
-49.749264
-49.803150
-49.719738
-49.772747
-49.758381
-49.738361
-49.792099
-49.835987
-49.680679
-49.847019
-49.702541
-49.871357
-49.871361
-49.769302
-49.764030
-49.805386
-49.933861
-49.812809
-49.873993
-49.776524
-49.852535
-49.836315
-49.905525
-49.921928
-49.758484
-49.978447
-49.955364
-49.957970
-49.746479
-49.851189
-49.978420
-49.873299
-49.930363
-50.073681
-49.883587
-49.916111
-49.890564
-49.880592
-50.019840
-49.984772
-49.924480
-49.797733
-50.059925
-50.018620
-49.905167
-49.889877
-49.862488
-49.928116
-49.984787
-49.943089
-49.955769
-49.971622
-49.901150
-49.802887
-49.872898
-49.932835
-49.848156
-49.958015
-49.893597
-49.993851
-49.826176
-49.935322
-49.858196
-49.860531
-49.785503
-49.799610
-49.830780
-49.864124
-49.865047
-49.738628
-49.739201
-49.838814
-49.761055
-49.670383
-49.759659
-49.815704
-49.699825
-49.646317
-49.770386
-49.742599
-49.619522
-49.524628
-49.721107
-49.672646
-49.538074
-49.452793
-49.634132
-49.578480
-49.506649
-49.474995
-49.581654
-49.500916
-49.430126
-49.414597
-49.450108
-49.438240
-49.377785
-49.472645
-49.376820
-49.334229
-49.426849
-49.335014
-49.328358
-49.367836
-49.290337
-49.168556
-49.304646
-49.334846
-49.149796
-49.088963
-49.251606
-49.187603
-49.084736
-49.145374
-49.063812
-48.956821
-49.003727
-48.832844
-49.023277
-49.007374
-48.785419
-48.806118
-48.864388
-48.765335
-48.749340
-48.773907
-48.616886
-48.616241
-48.682442
-48.525055
-48.485550
-48.424259
-48.456474
-48.298500
-48.360638
-48.294781
-48.160015
-48.161469
-48.222614
-48.042770
-48.047791
-48.026089
-47.903831
-47.882931
-47.911823
-47.888706
-47.699444
-47.663097
-47.694798
-47.604866
-47.615543
-47.511391
-47.549847
-47.368542
-47.328136
-47.376270
-47.247524
-47.286873
-47.029572
-47.143307
-47.151470
-47.059345
-46.866905
-46.980164
-47.024952
-46.891975
-46.875721
-46.770100
-46.787506
-46.763538
-46.716564
-46.674755
-46.679508
-46.518608
-46.626495
-46.449455
-46.646061
-46.461357
-46.518642
-46.390217
-46.513721
-46.494968
-46.321411
-46.405384
-46.293026
-46.431732
-46.410969
-46.365837
-46.316814
-46.236900
-46.427101
-46.366585
-46.286884
-46.272991
-46.297409
-46.380875
-46.328518
-46.359489
-46.326378
-46.285076
-46.260887
-46.403049
-46.439507
-46.288036
-46.384315
-46.339520
-46.365929
-46.483742
-46.406025
-46.424950
-46.409805
-46.462318
-46.377144
-46.513023
-46.565315
-46.377022
-46.369076
-46.516727
-46.589527
-46.548698
-46.562992
-46.479836
-46.603336
-46.573490
-46.583290
-46.636913
-46.592758
-46.620186
-46.699100
-46.619152
-46.691689
-46.707344
-46.562225
-46.577858
-46.812241
-46.635376
-46.654686
-46.681854
-46.782864
-46.698879
-46.585621
-46.719284
-46.818554
-46.633732
-46.652916
-46.819714
-46.863987
-46.615803
-46.772091
-46.719292
-46.666992
-46.595901
-46.710110
-46.753067
-46.778065
-46.561985
-46.658821
-46.798512
-46.725029
-46.510883
-46.816895
-46.679295
-46.731445
-46.696609
-46.805984
-46.664513
-46.682014
-46.654644
-46.792618
-46.703621
-46.596771
-46.587772
-46.726215
-46.725014
-46.669415
-46.607136
-46.698074
-46.651966
-46.575569
-46.648129
-46.634605
-46.608414
-46.574310
-46.584736
-46.658760
-46.611485
-46.566723
-46.459042
-46.608719
-46.596424
-46.606964
-46.558445
-46.573158
-46.516617
-46.545330
-46.493752
-46.554688
-46.502083
-46.437248
-46.554832
-46.561626
-46.475964
-46.401699
-46.541756
-46.404514
-46.333633
-46.537354
-46.584904
-46.370865
-46.321636
-46.498749
-46.401672
-46.465729
-46.240147
-46.434536
-46.478119
-46.298885
-46.304256
-46.422981
-46.421593
-46.183262
-46.416428
-46.415367
-46.346603
-46.227585
-46.323830
-46.293667
-46.290302
-46.277046
-46.286591
-46.148151
-46.305168
-46.171314
-46.295376
-46.215240
-46.213703
-46.157413
-46.097801
-46.203865
-46.246284
-46.201534
-45.983353
-46.168674
-46.174431
-46.059692
-46.124504
-46.072289
-46.207726
-46.026119
-46.021118
-46.120865
-46.128910
-46.023670
-45.978703
-46.109962
-45.967266
-46.080849
-45.958824
-46.059849
-45.970436
-46.024197
-46.061447
-45.902824
-45.909527
-45.867107
-46.053513
-45.880417
-45.910103
-45.836559
-45.912380
-45.923107
-45.844322
-45.823307
-45.840118
-45.852203
-45.831745
-45.763035
-45.829453
-45.859177
-45.719223
-45.729958
-45.711895
-45.793907
-45.613098
-45.722134
-45.587086
-45.704197
-45.746979
-45.610752
-45.582275
-45.625992
-45.616119
-45.540535
-45.575142
-45.427628
-45.470993
-45.502136
-45.520432
-45.491135
-45.317062
-45.365871
-45.402821
-45.366982
-45.295494
-45.240810
-45.417950
-45.281582
-45.170410
-45.178623
-45.326153
-45.180836
-45.146557
-45.068523
-45.231083
-45.137299
-45.048935
-45.155663
-45.133816
-45.000538
-44.949528
-45.020802
-45.018234
-45.007607
-44.905918
-44.885658
-44.994556
-44.933331
-44.927891
-44.799423
-44.850906
-44.953217
-44.837368
-44.729652
-44.873146
-44.890938
-44.630589
-44.793015
-44.919727
-44.735500
-44.716423
-44.720253
-44.699207
-44.806995
-44.659676
-44.689121
-44.704601
-44.709286
-44.570671
-44.706272
-44.755516
-44.647793
-44.660950
-44.556503
-44.630253
-44.740448
-44.652306
-44.495472
-44.671825
-44.648930
-44.644104
-44.607143
-44.543518
-44.601280
-44.700085
-44.543896
-44.572517
-44.610432
-44.676811
-44.487316
-44.567593
-44.631115
-44.580399
-44.516308
-44.617897
-44.540127
-44.597721
-44.468891
-44.643124
-44.481068
-44.565231
-44.502586
-44.563782
-44.560535
-44.577557
-44.570091
-44.400715
-44.577412
-44.433231
-44.415249
-44.539322
-44.535343
-44.504471
-44.428764
-44.592693
-44.439785
-44.443745
-44.343342
-44.457611
-44.536907
-44.458385
-44.387543
-44.496395
-44.470390
-44.440308
-44.338661
-44.438595
-44.373692
-44.383308
-44.342716
-44.385635
-44.535038
-44.299904
-44.311909
-44.288979
-44.389481
-44.329868
-44.289680
-44.388138
-44.308804
-44.237633
-44.272507
-44.411777
-44.150116
-44.222454
-44.286259
-44.350128
-44.218143
-44.232845
-44.360592
-44.217808
-44.297401
-44.090805
-44.271832
-44.243965
-44.195667
-44.168247
-44.239960
-44.152313
-44.127792
-44.201168
-44.141033
-44.197132
-44.097061
-44.076214
-44.170975
-44.178036
-44.108765
-44.090149
-44.079651
-44.016518
-44.181042
-44.112549
-43.992798
-43.972633
-44.125126
-44.043797
-44.067371
-44.100483
-43.898727
-44.013779
-44.019966
-44.068291
-43.977688
-43.999130
-43.928959
-43.941650
-44.103600
-43.974915
-43.911522
-43.971775
-43.983166
-43.974407
-43.869308
-44.044044
-43.952370
-43.895973
-43.853168
-44.040028
-44.041733
-43.797108
-43.950439
-44.009579
-43.979809
-43.879726
-43.906868
-44.002121
-43.925491
-43.912994
-43.974171
-44.049881
-43.859787
-43.923050
-44.013103
-44.086411
-43.965843
-43.899639
-43.977566
-44.111679
-43.981068
-43.963154
-43.924194
-44.047100
-43.968597
-44.056797
-43.952614
-43.969650
-44.086182
-43.910275
-44.053642
-44.079811
-44.110191
-43.995140
-43.967419
-44.143684
-44.046860
-44.015705
-44.035561
-44.156467
-44.115017
-44.058918
-44.135197
-44.231918
-44.076466
-44.051140
-44.241737
-44.214607
-44.194839
-44.109642
-44.093391
-44.293060
-44.211864
-44.144829
-44.011929
-44.287941
-44.210712
-44.163906
-44.234375
-44.143909
-44.288708
-44.034504
-44.282375
-44.220970
-44.302662
-44.109688
-44.105259
-44.363880
-44.183006
-44.137665
-44.216980
-44.232342
-44.244839
-44.136272
-44.298828
-44.217751
-44.248138
-44.079540
-44.325569
-44.234524
-44.141960
-44.161564
-44.224579
-44.125465
-44.326263
-44.190815
-44.214039
-44.192108
-44.209435
-44.169827
-44.284744
-44.170589
-44.122608
-44.205776
-44.203255
-44.291576
-44.143627
-44.215313
-44.175140
-44.150444
-44.269367
-44.216812
-44.199650
-44.188770
-44.272034
-44.172031
-44.337791
-44.216480
-44.137016
-44.111526
-44.299950
-44.278275
-44.224899
-44.246529
-44.234707
-44.244785
-44.345161
-44.118725
-44.261021
-44.199100
-44.344383
-44.296032
-44.300083
-44.286915
-44.217957
-44.233101
-44.331383
-44.308456
-44.275108
-44.192764
-44.339859
-44.290630
-44.440166
-44.273121
-44.324486
-44.249874
-44.349846
-44.366840
-44.258835
-44.415428
-44.272758
-44.333099
-44.253304
-44.421551
-44.258541
-44.362316
-44.352356
-44.320930
-44.357193
-44.323498
-44.358921
-44.376476
-44.380413
-44.308495
-44.254044
-44.488018
-44.389191
-44.360306
-44.232506
-44.318268
-44.626759
-44.338753
-44.323345
-44.270828
-44.497177
-44.364697
-44.290958
-44.405533
-44.340145
-44.432049
-44.226730
-44.445141
-44.373611
-44.268929
-44.287903
-44.456413
-44.364792
-44.248016
-44.374722
-44.304844
-44.322662
-44.333416
-44.281120
-44.338821
-44.180134
-44.245674
-44.293644
-44.356976
-44.322258
-44.197479
-44.273563
-44.365345
-44.345894
-44.359589
-44.194344
-44.238129
-44.339600
-44.332550
-44.323578
-44.358356
-44.212143
-44.214748
-44.373096
-44.400173
-44.146217
-44.332039
-44.258091
-44.298595
-44.270744
-44.349171
-44.191856
-44.218662
-44.062916
-44.291855
-44.383247
-44.191715
-44.123650
-44.260735
-44.312466
-44.149506
-44.077595
-44.101368
-44.209003
-44.160084
-44.214478
-44.194630
-44.150917
-43.957443
-44.124611
-44.222668
-44.185432
-43.997051
-44.185692
-44.167156
-44.089077
-44.238560
-43.904602
-44.077106
-44.062511
-44.108749
-44.121845
-44.198551
-44.047123
-44.058186
-44.043320
-44.092152
-44.025604
-44.029156
-44.053082
-44.082996
-44.070633
-43.949135
-44.013390
-44.012161
-43.957806
-43.897736
-44.070526
-44.139603
-44.084309
-43.948296
-43.968719
-44.081329
-44.035255
-43.975502
-44.020432
-43.858463
-43.976738
-44.021126
-44.078804
-43.908382
-43.922993
-43.957386
-43.948135
-43.901905
-43.961651
-43.949013
-43.865833
-43.965164
-43.911324
-43.956123
-43.812637
-43.855633
-43.892311
-43.977627
-43.856918
-43.829849
-43.868443
-43.833733
-43.987011
-43.799732
-43.827206
-43.746536
-43.929752
-43.714211
-43.946918
-43.796463
-43.706787
-43.840141
-43.830978
-43.809528
-43.813915
-43.723129
-43.652813
-43.819221
-43.799580
-43.645447
-43.756115
-43.710659
-43.735626
-43.680988
-43.691525
-43.726200
-43.611549
-43.528934
-43.667530
-43.751328
-43.543633
-43.618706
-43.497211
-43.595837
-43.590740
-43.587524
-43.572289
-43.486488
-43.623196
-43.408966
-43.557194
-43.523697
-43.417664
-43.462780
-43.445877
-43.458443
-43.431835
-43.563789
-43.428387
-43.375916
-43.346684
-43.462284
-43.414032
-43.313725
-43.303379
-43.388016
-43.425537
-43.206055
-43.342968
-43.311581
-43.390285
-43.362858
-43.211720
-43.297745
-43.277565
-43.250458
-43.188248
-43.344490
-43.232536
-43.184875
-43.321842
-43.193245
-43.217869
-43.151806
-43.266090
-43.190582
-43.207520
-43.075302
-43.306267
-43.244602
-43.126537
-43.164761
-43.278038
-43.169109
-43.117844
-43.102306
-43.242825
-43.179367
-43.148071
-43.065456
-43.288124
-43.125774
-43.106480
-43.139336
-43.295296
-43.182571
-43.047512
-43.103764
-43.186722
-43.185093
-43.101563
-43.046146
-43.196728
-43.199661
-43.052414
-43.110001
-43.283897
-43.212914
-43.048721
-43.063362
-43.302956
-43.183891
-43.151276
-43.045437
-43.312916
-43.159172
-43.131878
-43.142834
-43.241219
-43.097939
-43.115440
-43.387836
-43.248684
-43.116726
-43.069160
-43.188042
-43.310158
-43.245296
-43.258816
-42.973412
-43.343410
-43.306484
-43.198925
-43.068779
-43.249462
-43.195377
-43.135132
-43.322590
-43.169800
-43.278309
-43.070446
-43.202385
-43.208954
-43.241528
-43.105206
-43.145527
-43.313019
-43.233067
-43.263321
-43.105461
-43.201416
-43.174137
-43.228374
-43.125065
-43.235897
-43.219128
-43.134079
-43.076248
-43.175709
-43.289677
-43.154743
-43.126438
-43.158546
-43.229244
-43.177494
-43.120808
-43.255810
-43.095989
-43.199944
-42.972504
-43.253658
-43.182537
-43.078594
-43.019016
-43.158413
-43.302547
-43.113934
-42.983795
-43.135708
-43.276817
-43.187714
-42.957386
-43.115620
-43.113071
-43.149117
-43.094707
-43.054840
-43.149826
-43.162354
-43.085266
-43.070591
-43.076229
-43.067844
-43.149998
-43.102257
-43.145184
-43.169781
-43.091316
-42.901314
-43.130898
-43.144547
-43.177086
-43.020481
-43.095783
-43.120766
-43.133202
-43.060658
-43.046623
-43.114338
-43.076809
-43.024239
-43.134480
-43.168652
-43.035992
-43.062717
-43.033169
-43.139885
-43.065929
-43.040276
-43.052509
-43.149738
-43.041340
-43.015728
-43.046154
-43.180759
-43.050350
-42.959343
-43.092930
-43.116390
-42.961094
-43.038830
-43.040291
-43.083603
-42.997681
-43.015678
-42.996143
-43.029911
-42.982296
-42.958599
-43.025894
-42.965424
-42.999340
-42.841068
-43.094944
-42.959095
-42.857597
-42.907635
-43.048309
-42.770561
-42.837311
-42.995998
-42.794403
-42.758892
-42.763077
-42.868866
-42.660309
-42.696857
-42.725681
-42.742477
-42.727093
-42.602383
-42.612923
-42.625690
-42.655899
-42.467575
-42.511063
-42.476330
-42.582802
-42.449024
-42.410110
-42.426018
-42.371391
-42.416710
-42.362961
-42.162762
-42.240612
-42.247444
-42.254887
-42.100601
-42.217010
-42.050041
-42.146099
-41.928707
-42.055557
-41.993080
-41.881367
-41.899647
-41.822876
-41.895458
-41.754360
-41.782688
-41.716076
-41.749447
-41.647003
-41.542938
-41.674004
-41.462063
-41.433090
-41.494228
-41.512238
-41.459515
-41.312199
-41.343193
-41.274471
-41.316620
-41.159973
-41.175102
-41.220467
-41.203392
-41.054832
-41.044598
-41.094936
-41.003796
-40.941105
-40.921997
-41.018219
-40.898689
-40.829746
-40.819832
-40.844162
-40.864258
-40.724670
-40.806484
-40.637348
-40.762150
-40.638367
-40.732155
-40.509243
-40.555634
-40.517414
-40.578014
-40.484222
-40.524673
-40.387249
-40.303535
-40.452530
-40.388229
-40.332005
-40.306686
-40.208206
-40.223091
-40.203224
-40.232059
-40.005810
-40.014664
-40.035572
-40.129581
-39.976105
-39.821262
-39.940418
-39.728867
-39.803989
-39.712021
-39.709629
-39.625393
-39.520370
-39.514786
-39.381668
-39.460232
-39.212265
-39.159271
-39.252876
-39.072792
-39.016121
-38.955711
-38.862232
-38.735004
-38.753506
-38.662582
-38.585651
-38.536476
-38.404556
-38.382332
-38.221176
-38.174767
-38.079727
-37.997715
-37.965382
-37.887951
-37.796646
-37.631039
-37.617920
-37.434761
-37.420296
-37.344997
-37.134144
-37.139088
-36.990646
-37.058346
-36.787132
-36.742928
-36.667370
-36.566029
-36.430946
-36.391441
-36.392620
-36.283665
-36.082424
-36.100147
-36.141846
-35.812183
-35.620071
-35.859783
-35.690567
-35.555237
-35.510910
-35.487919
-35.344807
-35.233189
-35.180153
-35.122364
-35.114086
-34.966064
-34.979439
-34.979939
-34.816216
-34.836632
-34.620899
-34.715637
-34.569954
-34.642361
-34.473930
-34.603161
-34.410519
-34.387875
-34.396950
-34.410252
-34.343475
-34.292072
-34.184559
-34.219521
-34.286259
-34.301121
-34.061687
-34.193607
-34.216591
-34.142529
-34.067562
-34.024338
-34.241783
-34.032303
-34.048866
-34.140965
-34.139637
-34.018085
-34.072624
-34.126289
-34.163074
-34.039967
-34.100185
-34.054234
-34.153561
-34.102161
-33.984131
-34.082466
-34.228710
-34.171310
-34.160679
-34.176731
-34.115078
-34.196449
-34.206127
-34.193241
-34.175194
-34.230984
-34.289673
-34.254543
-34.369198
-34.206608
-34.303608
-34.173569
-34.406040
-34.362778
-34.358246
-34.417942
-34.384499
-34.379574
-34.308052
-34.398365
-34.482746
-34.493752
-34.343853
-34.376225
-34.616905
-34.514820
-34.403538
-34.306274
-34.484741
-34.616550
-34.437145
-34.425835
-34.544109
-34.526470
-34.283710
-34.492023
-34.451340
-34.365517
-34.273300
-34.483650
-34.508072
-34.246769
-34.402473
-34.306576
-34.369415
-34.263676
-34.228241
-34.219582
-34.345821
-34.200306
-34.045418
-34.145756
-34.274780
-33.946613
-33.976734
-34.149750
-34.191074
-33.940376
-33.826427
-33.932056
-33.972927
-33.922031
-33.844040
-33.863438
-33.796036
-33.699158
-33.651443
-33.718296
-33.703442
-33.526180
-33.417824
-33.535664
-33.530136
-33.397205
-33.264347
-33.372238
-33.282413
-33.116249
-33.071232
-33.095196
-33.118534
-32.894932
-32.830387
-32.910572
-32.866531
-32.595001
-32.621807
-32.608952
-32.629963
-32.514946
-32.416313
-32.353024
-32.254971
-32.227283
-32.234936
-32.072338
-31.953194
-31.802639
-31.893589
-31.834322
-31.720348
-31.568558
-31.600037
-31.577726
-31.483431
-31.332441
-31.397377
-31.451036
-31.233356
-31.205982
-31.306150
-31.245604
-31.134043
-30.869740
-30.964561
-31.026911
-30.932381
-30.728373
-30.779936
-30.804165
-30.662409
-30.611696
-30.608854
-30.654438
-30.543907
-30.449043
-30.509106
-30.507282
-30.604929
-30.309521
-30.330481
-30.448179
-30.464724
-30.332470
-30.254677
-30.149717
-30.346621
-30.355591
-30.218050
-30.303328
-30.190489
-30.106220
-30.242805
-30.242609
-30.343418
-30.135277
-30.165741
-30.293205
-30.336363
-30.261675
-30.194273
-30.164150
-30.382082
-30.339487
-30.285662
-30.284788
-30.349688
-30.405437
-30.335135
-30.367779
-30.433395
-30.572224
-30.381506
-30.454874
-30.550285
-30.552311
-30.570827
-30.589058
-30.600292
-30.592997
-30.644730
-30.793528
-30.714664
-30.682211
-30.772100
-30.838875
-30.862034
-30.711006
-30.970469
-30.901356
-30.844326
-30.891605
-31.066866
-30.990271
-30.905167
-31.107180
-31.057611
-31.179790
-31.022099
-31.114511
-31.187021
-31.173618
-31.136362
-31.423246
-31.371958
-31.187433
-31.213594
-31.312649
-31.536280
-31.384012
-31.355700
-31.348372
-31.565105
-31.512188
-31.439278
-31.473316
-31.593227
-31.496988
-31.554438
-31.605961
-31.662148
-31.566193
-31.552929
-31.673765
-31.703932
-31.681034
-31.607718
-31.610090
-31.802702
-31.704084
-31.672161
-31.719852
-31.646940
-31.721218
-31.709312
-31.783245
-31.824457
-31.700640
-31.727365
-31.805954
-31.876926
-31.698034
-31.697731
-31.786659
-31.866358
-31.761988
-31.757559
-31.762987
-31.813177
-31.686895
-31.761099
-31.782362
-31.864025
-31.748175
-31.870426
-31.764063
-31.802694
-31.790499
-31.858717
-31.742292
-31.799994
-31.752220
-31.780581
-31.790169
-31.690845
-31.619057
-31.809084
-31.867695
-31.620140
-31.689108
-31.729603
-31.783438
-31.692589
-31.696367
-31.716488
-31.667927
-31.706411
-31.519186
-31.768713
-31.718706
-31.580482
-31.498476
-31.689005
-31.607882
-31.631260
-31.672020
-31.565674
-31.604921
-31.697481
-31.608562
-31.649879
-31.635983
-31.461723
-31.577847
-31.588137
-31.619026
-31.369278
-31.441160
-31.555447
-31.597427
-31.550066
-31.461052
-31.490828
-31.453733
-31.611097
-31.472155
-31.599369
-31.630194
-31.472420
-31.433815
-31.567499
-31.548334
-31.516582
-31.435768
-31.368944
-31.585880
-31.528667
-31.420214
-31.418821
-31.605797
-31.473940
-31.383219
-31.521603
-31.656130
-31.555067
-31.561960
-31.634342
-31.636753
-31.536230
-31.591015
-31.667221
-31.542894
-31.635674
-31.642414
-31.647255
-31.676352
-31.581543
-31.719053
-31.628946
-31.498339
-31.588091
-31.792221
-31.685781
-31.667933
-31.662083
-31.676596
-31.760056
-31.725306
-31.772400
-31.893019
-31.939695
-31.725224
-31.897083
-31.784710
-32.046555
-31.930017
-31.991161
-31.939558
-32.050289
-31.962944
-31.984890
-32.027908
-32.149193
-32.187325
-32.000576
-32.003159
-32.094677
-32.222080
-32.197075
-32.105141
-32.202950
-32.284111
-32.307209
-32.171013
-32.439369
-32.277908
-32.315655
-32.324795
-32.473427
-32.437939
-32.509243
-32.546051
-32.587009
-32.703407
-32.559597
-32.670750
-32.814106
-32.905052
-32.791870
-32.818119
-32.879726
-32.978424
-32.986107
-33.015327
-33.034676
-33.038628
-33.087013
-33.134277
-33.267902
-33.239330
-33.136524
-33.361130
-33.444839
-33.404907
-33.355038
-33.328918
-33.552162
-33.500149
-33.559586
-33.511562
-33.614445
-33.628521
-33.755650
-33.668056
-33.689575
-33.728954
-33.822052
-33.875446
-33.766594
-33.959553
-33.977558
-34.042625
-33.888397
-34.040985
-34.143085
-33.974026
-33.993969
-34.129776
-34.241081
-34.117138
-34.195328
-34.268990
-34.347099
-34.168785
-34.201721
-34.205982
-34.420033
-34.400921
-34.398109
-34.259525
-34.328857
-34.325062
-34.267879
-34.391994
-34.394787
-34.278488
-34.264145
-34.484215
-34.394936
-34.335915
-34.251488
-34.374424
-34.382832
-34.312454
-34.313267
-34.353569
-34.253658
-34.235821
-34.346687
-34.140064
-34.097187
-34.212269
-34.159065
-34.298748
-34.090626
-34.052773
-34.048241
-34.071751
-33.896461
-33.986591
-33.917988
-33.919464
-33.887917
-33.869102
-33.754005
-33.754082
-33.624870
-33.599819
-33.633076
-33.541973
-33.430855
-33.601891
-33.433788
-33.324554
-33.251274
-33.369987
-33.421818
-33.133167
-33.049763
-33.319157
-33.259727
-33.157921
-32.906128
-33.055058
-33.133945
-33.118797
-32.855122
-32.928314
-33.084286
-32.890930
-32.785423
-32.841942
-33.005039
-32.844921
-32.645329
-32.805885
-32.948242
-32.882420
-32.773327
-32.790932
-32.932251
-32.950253
-32.703075
-32.930462
-32.980568
-32.987453
-32.947079
-32.954224
-32.985241
-32.973320
-32.996029
-33.026344
-33.135468
-33.106564
-33.040634
-32.997864
-33.244034
-33.257813
-33.226166
-33.134872
-33.415215
-33.426998
-33.331516
