Az       (ft/s^2)
-31.870192
-31.907621
-31.938854
-31.745462
-31.602758
-31.589525
-31.738480
-31.797047
-31.751923
-31.597584
-31.559719
-31.594908
-31.554680
-31.553991
-31.542013
-31.475004
-31.348057
-31.383707
-31.330473
-31.486773
-31.543978
-31.383198
-31.376623
-31.421799
-31.353848
-31.270632
-31.430176
-31.521080
-31.377489
-31.332926
-31.399473
-31.199333
-31.323936
-31.368013
-31.337662
-31.303696
-31.261662
-31.271568
-31.335745
-31.266493
-31.338036
-31.249008
-31.243689
-31.308310
-31.162924
-31.182436
-31.359751
-31.312840
-31.126543
-31.269663
-31.283230
-31.248339
-31.141466
-31.242376
-31.330805
-31.330982
-31.130573
-31.218340
-31.258757
-31.346420
-31.089678
-31.235218
-31.244644
-31.316881
-31.165823
-31.111561
-31.326704
-31.241282
-31.178764
-31.232647
-31.170195
-31.185535
-31.294775
-31.224495
-31.102837
-31.076313
-31.288910
-31.248978
-31.242491
-31.218975
-31.187340
-31.173906
-31.145473
-31.244255
-31.293350
-31.161251
-31.159241
-31.217918
-31.312691
-31.123213
-31.145870
-31.175314
-31.189476
-31.189455
-31.130348
-31.194221
-31.199682
-31.012711
-31.023647
-31.334482
-31.248106
-31.076218
-31.180420
-31.269516
-31.135025
-31.159632
-31.314631
-31.129778
-31.244949
-31.242344
-31.228767
-31.126043
-31.283474
-31.229017
-31.171507
-31.340359
-31.193359
-31.028191
-31.323223
-31.436819
-31.122509
-31.191465
-31.260826
-31.286968
-31.236164
-31.286442
-31.290060
-31.193373
-31.349314
-31.215496
-31.196447
-31.419868
-31.330914
-31.213642
-31.322317
-31.455170
-31.356403
-31.408369
-31.336525
-31.327263
-31.408218
-31.442022
-31.429733
-31.394239
-31.504854
-31.442028
-31.475451
-31.509687
-31.513777
-31.357315
-31.459051
-31.662003
-31.516539
-31.514940
-31.618887
-31.666800
-31.597147
-31.482618
-31.713955
-31.777452
-31.670303
-31.523569
-31.843012
-31.887678
-31.705982
-31.650299
-31.691879
-31.787243
-31.708401
-31.926725
-31.780361
-31.767021
-31.748798
-31.855631
-31.713610
-31.831703
-31.916203
-31.915588
-31.902758
-31.908869
-31.952772
-32.059196
-31.897070
-31.960522
-32.000301
-32.109745
-32.016510
-32.070847
-32.035168
-32.091862
-32.202656
-32.140682
-32.240211
-32.202148
-32.166981
-32.202805
-32.288990
-32.320721
-32.298283
-32.331200
-32.301952
-32.353527
-32.345299
-32.419067
-32.371761
-32.376495
-32.437038
-32.567924
-32.486797
-32.448624
-32.478828
-32.529922
-32.658581
-32.403202
-32.523914
-32.549583
-32.680164
-32.589535
-32.650978
-32.696270
-32.727646
-32.644951
-32.585476
-32.794071
-32.768089
-32.581600
-32.631485
-32.779209
-32.859653
-32.683189
-32.662415
-32.841286
-32.692619
-32.737331
-32.759224
-32.802330
-32.804947
-32.835354
-32.773476
-32.759979
-32.843697
-32.922142
-32.731041
-32.839314
-32.982876
-32.897114
-32.813999
-32.763294
-32.914581
-33.011932
-32.870193
-32.892265
-33.006123
-32.976215
-32.821953
-33.012356
-33.145706
-33.080334
-32.917583
-33.107983
-33.095139
-33.214043
-33.055721
-33.120781
-33.034779
-33.191082
-33.199669
-33.118862
-33.188560
-33.214233
-33.191189
-33.148441
-33.114895
-33.216579
-33.142605
-33.240425
-33.344685
-33.190830
-33.141773
-33.326385
-33.234264
-33.242775
-33.257534
-33.276672
-33.350895
-33.239033
-33.311127
-33.348148
-33.347446
-33.298954
-33.208149
-33.264404
-33.452656
-33.448524
-33.359093
-33.324917
-33.440098
-33.424049
-33.354115
-33.442284
-33.432053
-33.343666
-33.431873
-33.540176
-33.510105
-33.512463
-33.543091
-33.322220
-33.526028
-33.537613
-33.560925
-33.381058
-33.643517
-33.510139
-33.542130
-33.518040
-33.431675
-33.545231
-33.497356
-33.574615
-33.544720
-33.618416
-33.572472
-33.431713
-33.525433
-33.550007
-33.704403
-33.603798
-33.666298
-33.305637
-33.582813
-33.615841
-33.745773
-33.521130
-33.563122
-33.603012
-33.502483
-33.607971
-33.538563
-33.574497
-33.458851
-33.609276
-33.529163
-33.502911
-33.622952
-33.526371
-33.462990
-33.449909
-33.526463
-33.459328
-33.490097
-33.609081
-33.303951
-33.496593
-33.388771
-33.402927
-33.507332
-33.428921
-33.414112
-33.290249
-33.429455
-33.296886
-33.371273
-33.272236
-33.192368
-33.305275
-33.170883
-33.223282
-33.059258
-33.240715
-32.960777
-33.085930
-33.061764
-33.065880
-33.098564
-32.892384
-33.098492
-32.944138
-32.948761
-32.983017
-32.992752
-33.089561
-32.797695
-33.099224
-32.862488
-33.078953
-32.843571
-33.048553
-32.861031
-32.934551
-32.930763
-32.840466
-33.044144
-32.921268
-33.078484
-32.991879
-32.866516
-33.047798
-33.048576
-33.085457
-32.926464
-32.964058
-33.011734
-33.161304
-32.891449
-33.043480
-33.000614
-33.023834
-33.011623
-33.082539
-33.177288
-33.108643
-33.037136
-33.094112
-33.252460
-33.189281
-33.112240
-33.074951
-33.191750
-33.237137
-33.310818
-33.210758
-33.268253
-33.201134
-33.122185
-33.162971
-33.336506
-33.314301
-33.231529
-33.159817
-33.335941
-33.310349
-33.319824
-33.266815
-33.238663
-33.238857
-33.304867
-33.371277
-33.295921
-33.353386
-33.390896
-33.268814
-33.107136
-33.533749
-33.269993
-33.190372
-33.328384
-33.463566
-33.385082
-33.207687
-33.254311
-33.393833
-33.379940
-33.168552
-33.394749
-33.276253
-33.600025
-33.042286
-33.239822
-33.469597
-33.388958
-33.205421
-33.166065
-33.435413
-33.250412
-33.348610
-33.296787
-33.413380
-33.264038
-33.321323
-33.339085
-33.145321
-33.388363
-33.311520
-33.370266
-33.254383
-33.429104
-33.320366
-33.321827
-33.326870
-33.393261
-33.312119
-33.221382
-33.381088
-33.436371
-33.309299
-33.375721
-33.352268
-33.435398
-33.260979
-33.375092
-33.372768
-33.424805
-33.320293
-33.234077
-33.484161
-33.419846
-33.331875
-33.204906
-33.429474
-33.459827
-33.268364
-33.324032
-33.248199
-33.413040
-33.354462
-33.381905
-33.350880
-33.362335
-33.269966
-33.295242
-33.475552
-33.334415
-33.214687
-33.178604
-33.430004
-33.412819
-33.425812
-33.269974
-33.270424
-33.345898
-33.417381
-33.380188
-33.372524
-33.500206
-33.255283
-33.378086
-33.589050
-33.443169
-33.262753
-33.458717
-33.480522
-33.386135
-33.489483
-33.535126
-33.344048
-33.338085
-33.468285
-33.495831
-33.505367
-33.421654
-33.373943
-33.497505
-33.511917
-33.450439
-33.612648
-33.430122
-33.378452
-33.496910
-33.619202
-33.578739
-33.489269
-33.602589
-33.665268
-33.550346
-33.658684
-33.560215
-33.708549
-33.627892
-33.647232
-33.604084
-33.764133
-33.728985
-33.575760
-33.655323
-33.666889
-33.573261
-33.609585
-33.750614
-33.708099
-33.633266
-33.801403
-33.734184
-33.642818
-33.733288
-33.879147
-33.708065
-33.608276
-34.011452
-33.761127
-33.736450
-33.645729
-33.890953
-33.633144
-33.736530
-33.928127
-33.724960
-33.802589
-33.766380
-33.936924
-33.853455
-33.906067
-33.732300
-33.668186
-33.959415
-34.038345
-34.028431
-33.828732
-33.800961
-33.843452
-34.004818
-33.953430
-33.854240
-33.860909
-34.047161
-33.859489
-33.981785
-34.024273
-34.051155
-33.821266
-33.894455
-33.916546
-34.086143
-33.950199
-33.942898
-33.972435
-33.993725
-34.184769
-33.799305
-33.920998
-33.933563
-34.129330
-33.885616
-34.095009
-34.081707
-33.989063
-33.994549
-33.996120
-34.082134
-34.037777
-34.056141
-34.030048
-34.030998
-34.001019
-34.202477
-34.093544
-34.187836
-33.964626
-34.103458
-34.113838
-34.281349
-34.066311
-34.131668
-34.190754
-34.161995
-34.241753
-34.403416
-34.365089
-33.979046
-34.254791
-34.427956
-34.409290
-34.242683
-34.462013
-34.403965
-34.324814
-34.271614
-34.320835
-34.469910
-34.246727
-34.362537
-34.354332
-34.457912
-34.406097
-34.347954
-34.287270
-34.470287
-34.490505
-34.477913
-34.386330
-34.388828
-34.580315
-34.518997
-34.474403
-34.435204
-34.509399
-34.505039
-34.390877
-34.508377
-34.701191
-34.385639
-34.455013
-34.545807
-34.572853
-34.543854
-34.370491
-34.566341
-34.510860
-34.735363
-34.538445
-34.450344
-34.404949
-34.708744
-34.577499
-34.517353
-34.551125
-34.707069
-34.400070
-34.416119
-34.673763
-34.605949
-34.482307
-34.524590
-34.602806
-34.556973
-34.545597
-34.568966
-34.531410
-34.553867
-34.715893
-34.630829
-34.525551
-34.397083
-34.602486
-34.573673
-34.433262
-34.410515
-34.538273
-34.529793
-34.552525
-34.441647
-34.514362
-34.503891
-34.521339
-34.568199
-34.526924
-34.617493
-34.459534
-34.605350
-34.518097
-34.497078
-34.507008
-34.412308
-34.546707
-34.501614
-34.705105
-34.567017
-34.321655
-34.538170
-34.466316
-34.457306
-34.592842
-34.701782
-34.477489
-34.392475
-34.449402
-34.730446
-34.552124
-34.547710
-34.450794
-34.604107
-34.549919
-34.519512
-34.510418
-34.470901
-34.516788
-34.612980
-34.522419
-34.703865
-34.544849
-34.689823
-34.667011
-34.609379
-34.789867
-34.641357
-34.580643
-34.496838
-34.574928
-34.576473
-34.285881
-34.400345
-34.414017
-34.645729
-34.543991
-34.724838
-35.023354
-34.742470
-34.674408
-34.833363
-34.827740
-35.019798
-35.367306
-35.002159
-35.273888
-35.175545
-35.158203
-34.797569
-34.980392
-35.137390
-34.740349
-35.070370
-34.744968
-34.735085
-34.706772
-34.771290
-34.963223
-34.935184
-35.248695
-35.077465
-35.116566
-35.136974
-35.212120
-35.138283
-34.894577
-34.985554
-35.188751
-34.674900
-34.591125
-34.856300
-34.757690
-34.694832
-34.808186
-34.969616
-35.005184
-34.848614
-34.895504
-34.933620
-34.979580
-34.942146
-34.750507
-34.599415
-34.726585
-34.855980
-34.774731
-34.793365
-34.882080
-34.417320
-34.949188
-34.816845
-35.237606
-35.291576
-34.782730
-34.724174
-34.433289
-35.122162
-34.981308
-35.039516
-34.910934
-34.497467
-34.339714
-34.804626
-34.887531
-35.009941
-34.773857
-34.996185
-35.122963
-35.241039
-35.031242
-35.009281
-35.345989
-35.304623
-35.317894
-35.636211
-35.375515
-34.845741
-34.824352
-34.592667
-34.951382
-35.073093
-35.309853
-34.983994
-35.272457
-35.366974
-35.022694
-35.251396
-35.445168
-35.436825
-35.220699
-35.621387
-36.034683
-35.370453
-35.210957
-35.333744
-35.645321
-35.920273
-35.848896
-35.819138
-35.903828
-35.678593
-35.627083
-35.645363
-36.016033
-35.405838
-35.062840
-34.971191
-35.035858
-35.018353
-34.669865
-34.739399
-34.822205
-34.664104
-34.576683
-35.045864
-35.017792
-35.197201
-34.959976
-35.149456
-35.184566
-35.388439
-35.280296
-35.100323
-35.460148
-35.399246
-35.364777
-35.545311
-35.637066
-35.605923
-35.601120
-35.887089
-36.166447
-35.945007
-36.011127
-35.963646
-36.047546
-36.239742
-36.244511
-36.280537
-36.075005
-36.345737
-36.368301
-36.596027
-36.695148
-36.844818
-36.800873
-36.924286
-37.172421
-37.493267
-37.547375
-37.870708
-38.003071
-37.990993
-38.207573
-38.476967
-38.443214
-38.855652
-38.994709
-39.104935
-39.240715
-39.630013
-39.651924
-39.756374
-40.010857
-39.976048
-40.331142
-40.320972
-40.773891
-40.715557
-40.977226
-41.181282
-41.236729
-41.607849
-41.566502
-41.817017
-42.058014
-42.184071
-42.446323
-42.561283
-42.702038
-42.916016
-43.036152
-43.292477
-43.410591
-43.350632
-43.424610
-43.792976
-44.061161
-43.759815
-44.001644
-44.015282
-44.223000
-44.345829
-44.315998
-44.411552
-44.592285
-44.685249
-44.571114
-44.574181
-44.815208
-44.679970
-44.667187
-44.813583
-44.712635
-44.744263
-44.856560
-44.850571
-45.058105
-44.972591
-45.291115
-45.093750
-45.300873
-45.365063
-45.536011
-45.723141
-45.586632
-45.630901
-45.800251
-45.671680
-45.688869
-45.790066
-46.145973
-45.941063
-46.003380
-45.853081
-45.527523
-45.772655
-45.923725
-45.898991
-45.745041
-45.659546
-45.617748
-45.488396
-45.893585
-45.964703
-45.838936
-45.815510
-45.849167
-46.361286
-46.262043
-46.441158
-46.435574
-46.609684
-46.796989
-46.874153
-47.105343
-47.210911
-47.282902
-47.381340
-47.468025
-47.654049
-47.685059
-47.991653
-47.943024
-47.933537
-48.201183
-48.127529
-48.067341
-48.240086
-48.324341
-48.313610
-48.203583
-48.443367
-48.341805
-48.465561
-48.433002
-48.651432
-48.848007
-49.023457
-49.414642
-49.170338
-49.291710
-49.492348
-49.779980
-49.903873
-49.994774
-50.202801
-50.281303
-50.428406
-50.613853
-50.497044
-50.653694
-50.876423
-50.907742
-51.244362
-51.227985
-51.284241
-51.179821
-51.089050
-51.590897
-51.546001
-51.713070
-51.515388
-51.412365
-51.509926
-51.484478
-51.806492
-51.916592
-51.774292
-51.595158
-51.623653
-51.845654
-51.901871
-52.175556
-52.315678
-52.112526
-52.568275
-52.533680
-52.632908
-52.818893
-52.970947
-53.125607
-52.957642
-53.101433
-53.149181
-53.184170
-53.272949
-53.317749
-53.355453
-53.007141
-53.288673
-53.660957
-53.706806
-53.645500
-53.510872
-53.585777
-53.530884
-53.593288
-53.879257
-53.707592
-53.829357
-53.741268
-53.649532
-53.785213
-53.641911
-54.101128
-53.974064
-54.214371
-54.209194
-54.354645
-54.627430
-54.648785
-54.927094
-55.200874
-55.295158
-55.078632
-55.086521
-55.395924
-55.556007
-55.540676
-55.441101
-55.573929
-55.894806
-55.862244
-56.020355
-55.943851
-55.777691
-55.860390
-56.281654
-56.289444
-56.006798
-55.905514
-56.236168
-56.391594
-56.215256
-55.920357
-55.978638
-56.439472
-56.522743
-56.634815
-56.713226
-56.518520
-56.602016
-56.559120
-56.729050
-56.637417
-56.735531
-56.662933
-56.737831
-57.037537
-56.836975
-57.083153
-57.052082
-57.096226
-57.022049
-57.188374
-57.603672
-57.502174
-57.660130
-57.789665
-58.011864
-58.059547
-58.009834
-58.253811
-58.224144
-58.499424
-58.493755
-58.605415
-58.472931
-58.549042
-58.645416
-58.457104
-58.506676
-58.686085
-58.544777
-58.445980
-58.745987
-58.779205
-59.044353
-58.876808
-59.068752
-59.010834
-59.336849
-59.488319
-59.642750
-59.632107
-59.544834
-59.781376
-59.836456
-59.677650
-59.446346
-59.347961
-59.641273
-59.518509
-59.252678
-59.547539
-59.312344
-59.514194
-59.532784
-59.563396
-59.452759
-59.583405
-59.628170
-59.447968
-59.687248
-59.859131
-59.615620
-59.603977
-59.548840
-59.596348
-59.394817
-59.318291
-59.539139
-59.346573
-59.546722
-59.303444
-59.292995
-59.227970
-59.212959
-59.308033
-59.143345
-59.243385
-59.184273
-59.272968
-59.388172
-59.286896
-59.485023
-59.093639
-58.958042
-59.186668
-59.242805
-59.087753
-59.313007
-59.332901
-59.170193
-59.289776
-59.506878
-59.388847
-59.392590
-59.777779
-60.101971
-60.115269
-59.874813
-60.119778
-59.934528
-60.010757
-60.067059
-59.807373
-59.733414
-59.664478
-59.637966
-59.604984
-59.337498
-59.235382
-58.974113
-59.067818
-59.200878
-59.139862
-59.249363
-59.124363
-59.091908
-58.871292
-59.055096
-59.330997
-59.200626
-59.327404
-59.111988
-59.219002
-59.494915
-59.566444
-59.547852
-59.262337
-59.333897
-59.520733
-59.530949
-59.200714
-58.881516
-59.086922
-59.076256
-59.369843
-58.987679
-59.062447
-58.869236
-58.910648
-59.057533
-59.098240
-59.019016
-59.092716
-59.241913
-59.194584
-58.969383
-59.164337
-59.248024
-59.089031
-59.107571
-59.114586
-59.488815
-59.374454
-59.517990
-59.729599
-60.153465
-60.380238
-60.178432
-60.002075
-60.277306
-60.306137
-60.212345
-60.094528
-60.327126
-60.263107
-59.802628
-59.830929
-59.670380
-59.406597
-59.440163
-59.693260
-59.926674
-59.753765
-59.894840
-59.883064
-59.759289
-59.806309
-60.053005
-59.824539
-60.010731
-60.130089
-60.043262
-59.656815
-59.693043
-59.819519
-59.747402
-59.752384
-59.723663
-59.775242
-59.851841
-59.688549
-59.805317
-59.929646
-59.951218
-59.869675
-59.813709
-59.725250
-59.635044
-59.588020
-59.721546
-59.533390
-59.294529
-58.891930
-58.593227
-58.603477
-58.649315
-58.591721
-58.531269
-58.529076
-58.213455
-58.262684
-58.651253
-58.848991
-58.791618
-58.749264
-58.912411
-59.016758
-59.465855
-59.424694
-59.701420
-59.640202
-59.540146
-59.599522
-59.180035
-59.335007
-59.346603
-59.575344
-58.970261
-59.124336
-59.606884
-59.316887
-58.937347
-59.243103
-59.662220
-59.807655
-59.912975
-60.166840
-60.217770
-60.164959
-60.153610
-60.168148
-60.707386
-60.502796
-60.181038
-60.312061
-60.565151
-60.377731
-59.999825
-60.141308
-60.454739
-60.648403
-60.691174
-60.201187
-60.085991
-60.193947
-60.229832
-60.330109
-60.449203
-60.122944
-60.194614
-59.995205
-60.099865
-59.868797
-59.986355
-59.839031
-59.696625
-59.801182
-59.710602
-59.952084
-59.970116
-59.761280
-59.510960
-59.549076
-59.886433
-59.662357
-60.022831
-60.241165
-60.016415
-59.950489
-59.879814
-59.714622
-59.802086
-60.361019
-60.563473
-60.081600
-60.305424
-60.410515
-60.397022
-60.380733
-60.217598
-60.381363
-60.662205
-60.658085
-60.512939
-60.612034
-60.859516
-60.267948
-60.379051
-60.611755
-60.815735
-60.768490
-60.469910
-60.612995
-60.516075
-60.808617
-60.674557
-60.959568
-61.437645
-61.157356
-60.949539
-60.709103
-60.875675
-61.181847
-61.293869
-61.497795
-61.366657
-61.280273
-61.107315
-61.118969
-61.093143
-61.052845
-60.839558
-61.069984
-60.785160
-60.716080
-60.759933
-60.820786
-60.969265
-60.764519
-60.584618
-60.686180
-61.227463
-61.430084
-61.318241
-61.591759
-61.462521
-61.405750
-61.533691
-61.922939
-62.148518
-62.061661
-61.938000
-61.892982
-62.157990
-62.306534
-61.760384
-62.082809
-62.397831
-62.457306
-61.984192
-62.322556
-62.737770
-62.175022
-62.277199
-62.663902
-62.568180
-62.466236
-62.394104
-62.823502
-62.723438
-62.724987
-62.526073
-62.063419
-61.865791
-61.519558
-61.498905
-61.081654
-61.093300
-61.476093
-61.494164
-61.282810
-60.756557
-60.488636
-60.686218
-61.020424
-61.362492
-61.269115
-61.539700
-61.290150
-61.119301
-61.669655
-62.071514
-62.064186
-62.322243
-62.389862
-62.003361
-61.148888
-61.666779
-62.115711
-61.816769
-61.802879
-62.005249
-62.053001
-61.630184
-61.645405
-61.842037
-61.618229
-61.613586
-61.295208
-61.162792
-61.253929
-61.344372
-60.938927
-60.630268
-60.756821
-60.718723
-60.680668
-61.267895
-61.333378
-61.211884
-61.079586
-61.271488
-61.878979
-61.662937
-61.691544
-61.478943
-61.571129
-61.505924
-61.134361
-61.287266
-61.311714
-61.203678
-60.735275
-60.755295
-60.901806
-60.856941
-60.919434
-61.205112
-61.381344
-61.214516
-61.449699
-61.388905
-61.527061
-61.247383
-61.553288
-61.468410
-61.587746
-62.088734
-62.108677
-62.234478
-61.701969
-61.814331
-61.610287
-61.890736
-62.047691
-61.902359
-61.722107
-61.462200
-61.536343
-61.493057
-61.530861
-61.630005
-61.198765
-61.234653
-61.461514
-61.445206
-61.522259
-61.263618
-61.489353
-61.437225
-61.369987
-61.255314
-61.230591
-61.409210
-60.953918
-60.880524
-60.982830
-60.864124
-60.843796
-60.608070
-60.846161
-60.803989
-60.929356
-60.986832
-60.993515
-61.226570
-61.370197
-61.224255
-61.245628
-61.227001
-61.141548
-61.026886
-61.184711
-61.129364
-60.867474
-60.879936
-60.965927
-60.889038
-60.892990
-60.821091
-61.020042
-60.971222
-60.928738
-61.067459
-61.223820
-61.398716
-61.186806
-61.356678
-61.312389
-61.088181
-61.173607
-61.062584
-61.194351
-60.931416
-61.034904
-60.959522
-61.132023
-61.091438
-61.047913
-61.076962
-61.242737
-61.429974
-61.636852
-61.696060
-62.113422
-62.115711
-62.047684
-62.263672
-62.582405
-62.852798
-62.649166
-62.604111
-62.534664
-62.200272
-62.265778
-61.936321
-61.989498
-61.873432
-61.656567
-61.482143
-60.968887
-61.233788
-61.283226
-61.405670
-61.488552
-61.633533
-61.714573
-61.637962
-61.748444
-61.948616
-62.111946
-62.231419
-62.154911
-62.081356
-62.101234
-62.115910
-61.866718
-61.952271
-61.879295
-61.714386
-61.967010
-62.182735
-61.958710
-61.990311
-62.318977
-62.419189
-62.584377
-62.836277
-63.101192
-62.861195
-62.894863
-63.069103
-62.908905
-63.166176
-63.133781
-63.284340
-62.953838
-62.991642
-63.185055
-62.819576
-63.003719
-62.731426
-62.910652
-63.032318
-63.262608
-63.169693
-62.902542
-63.208900
-62.992886
-63.288013
-63.335842
-63.505585
-63.345528
-63.384907
-63.496124
-63.568893
-63.412033
-63.224339
-63.316437
-63.581036
-63.442318
-63.354012
-63.274784
-63.247917
-63.294571
-63.021587
-63.111126
-63.214882
-62.879120
-62.998318
-63.222675
-63.336819
-63.343426
-63.145973
-63.095261
-63.159321
-63.421013
-63.388168
-63.217579
-63.182198
-63.167233
-63.455376
-63.157490
-62.955936
-62.957832
-62.834930
-63.002449
-63.075195
-63.151108
-62.782543
-62.777027
-63.070381
-62.803169
-62.847427
-62.853058
-63.067810
-62.836300
-62.844521
-62.846638
-62.680119
-62.709000
-62.780144
-62.563278
-62.729187
-62.744507
-62.572094
-62.578945
-62.538651
-62.627548
-62.565075
-62.510468
-62.571507
-62.425892
-62.395817
-62.425640
-62.426102
-62.423874
-62.355015
-62.297352
-62.444336
-62.235939
-62.246387
-62.217373
-62.297977
-62.246754
-62.119396
-62.306709
-62.199581
-62.095284
-62.125145
-61.976791
-61.993004
-61.992016
-61.866467
-61.802982
-61.927437
-61.908287
-61.929115
-61.631905
-61.749557
-61.677872
-61.752621
-61.668488
-61.555202
-61.623100
-61.649460
-61.581474
-61.487934
-61.494541
-61.399681
-61.504711
-61.487057
-61.490356
-61.350521
-61.419376
-61.355164
-61.383018
-61.601826
-61.381458
-61.309113
-61.403530
-61.525276
-61.335751
-61.413212
-61.460049
-61.463760
-61.424026
-61.327450
-61.390446
-61.393665
-61.419533
-61.478607
-61.498402
-61.450802
-61.403801
-61.605091
-61.451763
-61.355465
-61.427025
-61.513306
-61.408257
-61.296494
-61.520138
-61.438099
-61.404316
-61.306747
-61.477188
-61.346474
-61.393250
-61.235325
-61.421154
-61.585316
-61.369602
-61.215401
-61.345409
-61.560963
-61.349846
-61.227859
-61.345238
-61.264980
-61.371910
-61.166462
-61.402287
-61.313576
-61.309074
-61.169895
-61.204948
-61.216190
-61.280880
-61.172066
-61.068401
-61.223637
-61.222359
-61.123051
-61.068283
-61.150719
-61.036381
-60.993542
-61.136978
-61.138966
-61.018806
-60.975277
-61.022278
-61.240166
-61.100430
-60.984440
-60.977928
-61.091080
-61.079849
-60.981586
-61.002716
-61.108547
-60.970459
-60.878422
-61.031803
-61.116917
-60.936852
-61.124306
-61.140347
-61.031548
-61.005993
-61.243896
-61.190731
-61.099930
-61.150150
-61.154102
-61.161598
-61.165222
-61.233723
-61.051189
-61.061584
-61.246990
-61.348892
-61.202435
-61.164513
-61.186169
-61.201027
-61.286140
-61.315590
-61.228134
-61.268734
-61.269073
-61.257408
-61.263878
-61.368568
-61.337776
-61.071056
-61.246330
-61.363342
-61.355457
-61.141155
-61.245415
-61.324917
-61.313969
-61.264832
-61.227947
-61.310913
-61.186436
-61.391300
-61.389027
-61.266361
-61.218246
-61.317711
-61.295574
-61.295158
-61.193485
-61.302383
-61.281841
-61.281681
-61.169388
-61.364197
-61.197582
-61.302826
-61.221416
-61.303261
-61.167839
-61.163143
-61.272064
-61.254440
-61.226910
-60.987488
-61.200840
-61.107094
-61.010319
-61.016563
-61.058105
-60.916027
-60.943531
-61.102512
-60.948139
-60.979282
-60.870518
-60.874527
-60.816750
-60.871414
-60.937450
-60.805573
-60.693871
-60.613571
-60.740639
-60.716064
-60.714115
-60.600319
-60.450329
-60.595520
-60.561447
-60.573277
-60.462395
-60.507793
-60.654964
-60.557178
-60.491783
-60.522209
-60.556904
-60.557190
-60.552567
-60.663101
-60.631859
-60.559685
-60.577717
-60.707008
-60.573112
-60.483650
-60.522411
-60.582138
-60.630371
-60.533810
-60.530128
-60.462700
-60.571533
-60.486797
-60.406799
-60.533813
-60.564705
-60.337841
-60.433270
-60.536331
-60.427902
-60.420002
-60.185608
-60.278240
-60.347126
-60.377045
-60.143951
-60.164684
-60.197674
-60.158695
-60.031090
-60.094234
-60.162392
-59.992615
-59.950794
-60.012852
-59.971638
-59.987991
-59.917664
-59.905804
-59.793549
-59.788994
-59.779026
-59.775932
-59.793125
-59.680828
-59.699619
-59.684902
-59.657219
-59.739376
-59.533699
-59.501209
-59.746315
-59.636532
-59.569519
-59.583302
-59.560863
-59.497475
-59.594097
-59.538689
-59.475002
-59.419312
-59.367561
-59.423115
-59.358467
-59.368858
-59.306931
-59.416000
-59.417168
-59.292625
-59.289570
-59.391506
-59.383583
-59.410011
-59.341591
-59.458023
-59.419529
-59.374409
-59.469524
-59.351860
-59.522488
-59.389160
-59.379177
-59.429951
-59.606014
-59.507309
-59.654308
-59.617664
-59.657330
-59.684734
-59.686375
-59.632713
-59.802509
-59.764496
-59.755348
-59.714542
-59.760231
-59.655567
-59.648945
-59.699886
-59.607044
-59.572460
-59.606785
-59.595535
-59.590347
-59.391232
-59.475430
-59.328804
-59.380280
-59.257420
-59.219467
-59.133671
-59.188904
-59.120979
-59.004444
-58.991417
-58.928516
-58.875065
-59.023941
-58.906284
-58.872204
-58.847778
-59.122250
-58.764271
-58.786480
-58.847389
-58.912010
-58.779129
-58.918709
-58.794346
-58.789989
-58.781975
-58.858086
-58.817104
-58.868153
-58.935871
-58.897305
-58.958916
-58.866188
-59.040699
-59.027130
-59.150139
-59.001125
-59.215027
-59.235153
-59.195442
-59.319557
-59.410610
-59.529011
-59.407001
-59.480381
-59.571629
-59.708706
-59.582096
-59.605583
-59.815369
-59.734905
-59.773281
-59.802223
-59.909683
-59.784241
-59.870956
-59.959602
-59.951263
-59.866005
-60.079239
-60.160759
-60.033375
-60.208878
-60.180088
-60.183338
-60.172920
-60.286701
-60.224483
-60.170250
-60.372746
-60.267910
-60.150089
-60.195831
-60.363338
-60.275097
-60.233425
-60.296803
-60.263187
-60.404072
-60.400078
-60.573547
-60.374958
-60.319115
-60.448994
-60.559391
-60.471001
-60.503700
-60.548618
-60.448189
-60.542645
-60.403370
-60.538738
-60.554878
-60.560909
-60.528610
-60.515411
-60.752918
-60.743771
-60.755802
-60.825924
-60.872250
-60.759048
-60.918934
-60.915844
-60.950787
-61.032967
-60.975010
-60.843040
-61.120243
-61.010498
-60.813160
-60.882851
-60.878265
-60.839191
-60.801666
-60.920944
-60.958130
-60.758858
-60.705444
-60.692299
-60.846058
-60.779327
-60.824188
-60.863667
-60.992920
-60.943851
-60.831760
-60.829620
-60.840565
-60.835079
-60.843750
-60.852951
-60.782997
-60.823620
-60.701206
-60.826542
-60.775806
-60.985619
-60.618191
-60.614532
-60.775105
-60.785618
-60.690247
-60.671741
-60.524902
-60.476383
-60.609226
-60.665737
-60.630962
-60.517162
-60.332363
-60.394596
-60.689537
-60.646984
-60.583092
-60.633690
-60.780758
-60.680569
-60.569530
-60.870510
-60.849079
-60.682434
-60.632072
-60.837418
-60.925186
-60.878792
-60.684364
-60.766777
-60.837784
-60.875587
-60.610958
-60.743637
-60.877586
-60.880451
-60.812046
-60.847809
-60.749527
-60.675419
-60.786465
-60.689312
-60.869015
-60.833118
-60.793995
-60.721909
-60.776817
-60.824921
-60.733067
-60.853775
-60.774151
-60.838081
-60.722446
-60.758472
-60.686974
-60.752789
-60.720638
-60.468315
-60.613155
-60.536037
-60.439186
-60.354248
-60.484665
-60.618881
-60.347813
-60.366127
-60.390575
-60.462357
-60.383034
-60.519432
-60.605301
-60.497135
-60.545368
-60.501133
-60.614140
-60.677494
-60.711113
-60.568371
-60.703583
-60.699432
-60.625931
-60.736038
-60.749771
-60.844097
-60.784225
-60.792931
-60.685390
-60.861286
-60.850468
-60.771217
-60.858452
-60.886337
-60.785896
-60.848816
-60.971684
-60.950191
-60.905270
-60.843365
-60.846542
-60.982464
-61.134789
-61.017738
-61.005424
-61.003429
-61.066124
-61.064125
-61.008511
-61.059948
-61.120396
-61.011986
-61.024757
-61.046185
-61.033176
-60.966537
-61.000500
-60.996941
-60.905457
-61.077236
-60.992268
-60.778790
-60.921955
-60.966270
-60.833397
-60.694752
-60.658890
-60.659870
-60.526207
-60.538689
-60.554424
-60.584965
-60.423687
-60.407722
-60.446884
-60.494347
-60.531826
-60.670002
-60.583916
-60.682133
-60.750053
-60.860474
-60.836555
-60.874275
-61.020271
-60.964424
-61.006302
-61.107521
-61.156029
-61.153908
-61.100559
-61.325130
-61.365158
-61.360611
-61.446205
-61.611576
-61.757080
-61.736031
-61.821659
-61.756859
-61.983528
-62.067478
-62.097633
-61.957493
-62.115875
-62.171822
-62.013874
-62.123394
-62.245838
-62.185230
-62.106758
-62.103096
-62.187443
-62.323387
-62.310009
-62.260456
-62.379814
-62.377758
-62.274521
-62.287621
-62.409081
-62.253284
-62.245049
-62.238365
-62.126904
-62.097534
-61.890511
-61.724792
-61.694881
-61.776100
-61.501198
-61.336784
-61.337872
-61.107368
-61.088142
-61.015205
-61.041363
-60.814663
-60.921124
-60.894989
-60.856262
-60.764351
-60.849285
-60.884171
-60.795528
-60.739098
-60.911079
-60.865269
-60.878181
-60.786545
-60.885555
-60.796867
-60.761814
-60.837189
-60.870087
-60.870827
-60.755569
-60.952019
-60.969555
-60.969440
-60.836819
-60.966740
-61.111629
-61.084099
-61.053131
-61.088242
-61.276375
-61.253086
-61.164711
-61.218140
-61.185257
-61.207050
-61.101795
-61.152020
-61.079964
-60.957111
-60.943336
-60.848549
-60.850555
-60.729095
-60.781239
-60.700226
-60.778320
-60.675201
-60.706917
-60.643826
-60.622898
-60.693897
-60.544811
-60.481476
-60.405190
-60.563583
-60.350677
-60.358082
-60.305279
-60.227505
-60.202557
-60.402367
-60.304909
-60.318516
-60.336605
-60.379089
-60.389565
-60.408848
-60.537144
-60.452721
-60.480278
-60.608799
-60.542755
-60.588531
-60.538578
-60.475006
-60.431007
-60.547237
-60.592628
-60.645260
-60.523991
-60.657722
-60.663643
-60.831398
-60.604889
-60.644566
-60.642273
-60.730717
-60.544994
-60.580296
-60.592346
-60.473629
-60.274151
-60.287090
-60.312008
-60.236118
-60.092133
-59.971729
-60.011856
-59.981148
-59.922935
-59.907440
-59.924068
-59.773453
-59.801632
-59.745178
-59.709499
-59.622940
-59.606197
-59.632000
-59.511127
-59.363708
-59.392658
-59.290138
-59.155293
-59.115589
-59.142651
-59.069344
-59.089184
-59.112495
-58.984093
-58.837658
-58.999615
-59.101906
-58.933949
-58.877380
-59.037083
-59.143715
-59.137009
-59.131691
-59.177052
-59.094795
-59.314529
-59.378986
-59.270966
-59.384583
-59.418518
-59.372032
-59.492191
-59.627846
-59.613289
-59.504143
-59.547508
-59.633507
-59.632015
-59.687019
-59.632130
-59.748825
-59.787617
-59.740921
-59.757175
-59.898186
-59.807968
-59.744339
-59.868896
-59.935661
-59.770374
-59.743046
-59.886761
-59.851944
-59.683304
-59.682472
-59.602959
-59.604324
-59.531120
-59.588886
-59.555717
-59.428715
-59.454811
-59.423477
-59.463318
-59.272255
-59.252014
-59.318935
-59.325089
-59.253063
-59.254677
-59.295280
-59.225155
-59.212303
-59.297310
-59.206482
-59.209183
-59.235283
-59.353153
-59.242458
-59.186581
-59.282314
-59.380394
-59.435070
-59.352455
-59.425526
-59.322285
-59.308994
-59.319130
-59.394104
-59.447155
-59.498032
-59.389305
-59.397152
-59.474018
-59.597866
-59.474873
-59.533859
-59.564232
-59.586224
-59.516960
-59.590118
-59.608257
-59.507744
-59.453289
-59.399097
-59.360920
-59.362553
-59.253490
-59.233471
-59.226215
-59.237911
-59.072063
-58.935307
-59.166058
-59.161732
-59.009197
-59.025898
-59.041260
-59.055882
-59.113876
-59.019901
-59.058628
-59.153553
-59.039932
-59.200527
-59.159119
-59.307705
-59.234627
-59.297291
-59.270294
-59.538769
-59.305717
-59.286770
-59.406937
-59.369164
-59.127739
-59.041836
-59.167213
-58.992382
-58.949661
-58.841930
-58.720970
-58.646343
-58.774544
-58.582966
-58.419430
-58.645012
-58.616531
-58.527462
-58.452583
-58.530148
-58.496258
-58.325157
-58.327240
-58.420071
-58.219700
-58.144787
-58.078621
-58.252697
-58.177067
-58.106339
-58.086193
-58.271564
-58.270809
-58.196991
-58.233784
-58.392811
-58.516430
-58.476269
-58.534397
-58.524353
-58.591766
-58.577763
-58.586391
-58.561966
-58.590054
-58.663658
-58.480289
-58.458950
-58.427639
-58.534859
-58.457275
-58.360405
-58.359089
-58.378880
-58.228741
-58.360508
-58.266556
-58.362061
-58.207027
-58.211681
-58.214745
-58.156696
-58.077461
-57.897243
-58.105896
-58.011322
-57.862877
-57.837639
-57.912865
-57.779823
-57.722382
-57.830421
-57.561897
-57.714558
-57.654583
-57.645103
-57.647144
-57.622242
-57.581432
-57.444248
-57.531281
-57.460747
-57.556274
-57.538567
-57.437542
-57.540085
-57.689178
-57.768913
-57.626198
-57.716461
-57.745628
-57.866127
-57.806404
-57.878975
-57.903782
-57.760178
-57.889923
-57.858471
-57.885845
-57.766289
-57.758179
-57.696655
-57.703892
-57.918060
-57.691257
-57.752300
-57.767231
-57.823669
-57.797092
-57.749470
-57.817902
-57.830143
-57.785892
-57.745525
-57.817650
-57.955139
-57.867538
-57.768616
-57.732067
-57.941799
-57.810619
-57.826622
-57.755268
-57.907352
-57.955925
-57.710182
-57.783550
-57.685440
-57.681900
-57.565308
-57.786037
-57.589569
-57.396507
-57.343662
-57.430779
-57.437916
-57.319180
-57.207664
-57.063171
-57.148533
-57.094009
-57.106205
-56.958557
-56.849957
-56.952999
-56.910698
-56.740826
-56.701763
-56.765297
-56.536469
-56.498257
-56.581173
-56.620705
-56.414150
-56.273689
-56.484432
-56.310284
-56.239899
-56.087906
-56.274136
-56.138805
-56.164330
-56.175926
-56.090599
-56.053738
-55.995598
-56.120014
-55.990551
-56.108597
-55.975704
-55.916180
-55.946701
-55.953068
-55.834881
-55.638008
-55.667912
-55.714016
-55.808693
-55.533508
-55.558002
-55.437607
-55.563419
-55.341793
-55.308815
-55.295010
-55.411491
-55.271744
-55.247692
-55.346184
-55.263817
-55.261086
-55.400497
-55.259956
-55.156002
-55.186001
-55.438629
-55.329361
-55.121410
-55.217999
-55.134800
-55.132225
-54.987972
-55.164921
-55.068401
-55.056892
-55.112053
-55.064362
-55.074299
-54.994186
-55.039219
-55.011108
-54.991596
-54.983227
-55.015133
-55.077671
-55.059875
-55.040512
-54.946480
-54.911549
-55.020298
-54.959824
-54.943138
-54.967411
-54.999813
-54.675579
-54.797977
-54.839905
-54.850231
-54.672352
-54.680527
-54.717144
-54.570595
-54.683620
-54.748947
-54.569798
-54.509682
-54.504738
-54.516415
-54.416214
-54.639828
-54.632717
-54.322563
-54.323639
-54.292694
-54.336098
-54.306126
-54.295128
-54.085518
-54.086613
-54.229477
-54.175041
-54.141598
-54.241737
-54.262543
-54.038807
-54.047318
-54.127983
-54.003677
-53.912834
-53.866425
-53.880634
-53.744457
-53.811481
-53.757816
-53.690540
-53.791725
-53.728195
-53.701054
-53.560783
-53.715488
-53.664707
-53.656498
-53.689232
-53.657108
-53.708336
-53.638065
-53.695751
-53.678787
-53.686413
-53.637974
-53.768555
-53.907211
-54.047974
-54.011662
-54.200478
-54.297413
-54.343918
-54.416275
-54.506126
-54.560944
-54.556393
-54.791546
-54.868156
-54.822674
-54.750519
-54.780102
-54.823887
-54.846821
-54.872700
-54.792377
-54.833916
-54.766033
-54.956257
-54.812809
-54.664707
-54.644474
-54.637348
-54.653679
-54.489376
-54.578125
-54.383148
-54.199112
-54.131218
-54.047916
-53.939407
-53.569626
-53.423565
-53.145649
-53.111492
-52.883301
-52.568378
-52.254116
-51.985619
-51.608017
-51.305218
-51.089077
-50.797340
-50.336800
-50.048847
-49.895554
-49.498665
-49.139980
-48.856583
-48.589153
-48.341099
-48.153683
-47.875698
-47.639286
-47.322689
-47.042450
-46.716866
-46.548031
-46.433376
-46.073677
-45.885971
-45.726635
-45.437607
-45.086460
-44.984318
-44.838352
-44.510502
-44.131741
-43.878967
-43.541195
-43.200413
-42.856178
-42.299740
-41.817463
-41.478794
-40.993587
-40.658237
-40.382732
-39.948925
-39.413597
-39.026989
-38.861938
-38.502430
-37.993046
-37.679127
-37.426487
-37.090790
-36.700993
-36.274090
-35.919537
-35.500656
-35.205982
-34.958168
-34.568176
-34.302006
-34.000179
-33.711094
-33.376781
-33.177544
-32.797878
-32.489815
-32.164246
-32.018398
-31.561544
-31.298340
-30.901834
-30.634375
-30.157541
-29.769842
-29.504877
-29.128435
-28.722044
-28.375536
-28.227808
-27.847498
-27.567635
-27.285229
-27.026516
-26.676529
-26.484388
-26.319647
-25.964096
-25.682117
-25.492090
-25.144045
-24.744919
-24.501442
-24.329594
-23.940649
-23.639427
-23.394550
-23.108305
-22.907253
-22.663668
-22.422977
-22.183681
-21.988674
-21.832861
-21.588797
-21.398125
-21.246172
-21.002380
-20.900146
-20.555525
-20.405315
-20.137262
-20.029629
-19.741982
-19.573856
-19.404245
-19.207293
-19.046188
-18.801861
-18.738106
-18.532814
-18.382141
-18.164837
-18.040075
-17.987085
-17.838919
-17.602522
-17.429842
-17.342802
-17.152752
-17.005699
-16.759203
-16.593719
-16.384289
-16.246840
-16.101915
-15.909341
-15.678771
-15.530540
-15.299188
-15.169873
-15.018220
-14.790041
-14.641927
-14.367399
-14.258708
-14.092207
-14.028623
-13.672405
-13.560786
-13.333115
-13.203733
-13.073153
-12.952351
-12.787833
-12.464862
-12.349888
-12.196959
-12.149960
-11.838594
-11.693195
-11.603506
-11.406091
-11.209031
-11.081645
-10.922908
-10.720335
-10.519859
-10.252294
-10.128939
-9.958441
-9.844501
-9.406763
-9.395266
-9.241053
-8.910153
-8.723180
-8.590045
-8.413878
-8.251328
-8.195174
-7.998326
-7.803166
-7.678652
-7.636877
-7.391217
-7.294705
-7.186215
-7.004253
-6.915344
-6.757065
-6.685175
-6.566571
-6.436932
-6.219150
-6.188611
-6.092663
-6.078526
-5.985371
-5.693448
-5.677664
-5.664552
-5.635267
-5.477838
-5.402811
-5.305055
-5.189805
-5.175592
-5.155643
-5.031758
-4.880594
-4.861799
-4.768909
-4.730970
-4.606734
-4.586633
-4.356208
-4.397013
-4.345174
-4.336385
-4.200631
-4.135573
-4.038269
-4.074356
-4.123876
-4.005519
-3.993641
-4.040864
-3.923129
-3.956521
-4.011288
-4.015105
-3.918358
-3.881952
-3.799173
-3.946761
-3.893667
-3.912893
-3.892670
-3.879392
-3.913641
-3.857105
-3.965155
-3.896614
-3.852889
-3.846440
-3.932603
-3.935528
-3.884194
-3.850486
-3.825800
-3.833153
-3.780778
-3.878909
-3.786012
-3.805809
-3.795572
-3.836833
-3.739052
-3.709992
-3.773526
-3.712529
-3.713548
-3.720910
-3.715773
-3.650661
-3.600772
-3.627071
-3.521936
-3.511349
-3.431540
-3.379897
-3.335931
-3.254875
-3.256101
-3.195613
-3.167031
-3.079300
-3.009489
-2.948173
-2.972560
-3.004478
-2.862704
-2.918206
-2.847427
-2.856296
-2.757044
-2.803706
-2.761914
-2.618021
-2.692852
-2.725939
-2.625206
-2.571656
-2.596546
-2.488039
-2.440308
-2.374169
-2.446050
-2.360293
-2.434714
-2.265312
-2.300333
-2.170136
-2.221750
-2.179514
-2.201976
-2.180994
-2.119179
-2.182204
-2.259927
-2.131453
-2.134999
-2.101142
-2.110556
-2.090391
-2.187613
-2.073427
-2.093559
-2.064271
-2.121692
-2.167285
-2.148527
-2.123066
-2.011321
-2.104142
-2.168284
-2.193692
-2.107639
-2.129754
-2.073157
-2.050753
-2.074179
-2.019786
-1.942796
-1.873371
-1.892307
-1.789238
-1.741590
-1.806832
-1.652818
-1.621600
-1.640604
-1.655124
-1.564992
-1.604538
-1.601686
-1.643343
-1.564993
-1.621380
-1.592753
-1.556886
-1.542960
-1.624942
-1.609401
-1.489950
-1.568553
-1.511338
-1.510373
-1.479027
-1.500018
-1.566072
-1.467648
-1.575602
-1.489548
-1.650246
-1.606757
-1.631690
-1.619543
-1.616430
-1.690905
-1.721866
-1.614262
-1.616766
-1.524415
-1.648449
-1.517952
-1.548649
-1.522576
-1.420036
-1.453263
-1.519810
-1.618068
-1.500569
-1.449246
-1.371106
-1.517794
-1.548928
-1.501620
-1.548999
-1.500647
-1.448614
-1.422960
-1.453841
-1.436439
-1.366377
-1.385759
-1.336737
-1.263713
-1.317458
-1.305580
-1.249450
-1.224876
-1.302538
-1.245496
-1.264882
-1.251617
-1.278938
-1.189518
-1.236082
-1.177997
-1.216577
-1.204322
-1.170334
-1.069040
-1.123039
-1.198934
-0.984571
-1.073754
-1.001929
-1.081014
-0.987103
-1.008552
-0.947941
-0.979389
-0.869807
-0.921815
-0.894856
-0.989729
-0.967795
-0.946224
-0.918785
-0.957144
-0.997531
-0.937609
-0.929269
-1.022574
-1.061876
-0.978921
-1.059764
-0.945722
-0.968086
-0.921621
-0.987608
-0.853172
-0.871898
-0.874126
-0.822165
-0.810574
-0.835418
-0.715892
-0.673643
-0.662511
-0.670647
-0.576332
-0.499702
-0.589866
-0.437077
-0.307059
-0.156134
-0.214252
-0.014109
-0.100808
-0.045747
0.073724
0.182144
0.335627
0.436044
0.372305
0.334958
0.445493
0.527872
0.517687
0.549027
0.617926
0.517043
0.587263
0.714014
0.731928
0.704420
0.758834
0.846754
0.882893
0.991603
1.170340
1.121566
1.186290
1.222179
1.378176
1.277884
1.459543
1.417437
1.511330
1.346676
1.390875
1.382228
1.364841
1.342202
1.508516
1.450361
1.374988
1.416095
1.406948
1.485622
1.454926
1.493880
1.486304
1.503452
1.475079
1.457305
1.571751
1.492771
1.435374
1.361975
1.340781
1.381133
1.370699
1.349337
1.319719
1.269038
1.258886
1.158676
1.214313
1.219493
1.164001
1.168633
1.091023
1.086587
1.099284
1.019511
0.982463
0.950034
0.945696
0.839352
0.830605
0.862311
0.756700
0.695764
0.717412
0.677516
0.578105
0.547371
0.592630
0.609375
0.477419
0.478673
0.476061
0.426283
0.436610
0.341575
0.343945
0.306481
0.424422
0.299859
0.304623
0.243904
0.193325
0.278405
0.286763
0.263525
0.095190
0.098377
0.182155
0.042159
0.069105
0.034009
-0.016729
-0.014114
0.005370
-0.109834
-0.171209
-0.137336
-0.125567
-0.262248
-0.181793
-0.291639
-0.343132
-0.286497
-0.327186
-0.388369
-0.421393
-0.505405
-0.548881
-0.612868
-0.596529
-0.665585
-0.755808
-0.808897
-0.827156
-0.887295
-0.858419
-0.766315
-0.970239
-0.959240
-0.948350
-1.044225
-1.085435
-0.983332
-1.073830
-1.181099
-1.225825
-1.165297
-1.171429
-1.244080
-1.234644
-1.310463
-1.272520
-1.225022
-1.236975
-1.233062
-1.219548
-1.388205
-1.313322
-1.234872
-1.128974
-1.208282
-1.405085
-1.266406
-1.280799
-1.220470
-1.296707
-1.214549
-1.320205
-1.348673
-1.282583
-1.223614
-1.206634
-1.318756
-1.291901
-1.245906
-1.138301
-1.219049
-1.209900
-1.196364
-1.245041
-1.194732
-1.189284
-1.124625
-1.144389
-1.174890
-1.129954
-1.098712
-1.002231
-1.055161
-1.065211
-1.043243
-0.984753
-0.992224
-0.866127
-0.850191
-0.843404
-0.925135
-0.866402
-0.827601
-0.784189
-0.715982
-0.746094
-0.798976
-0.690349
-0.711085
-0.701471
-0.722166
-0.617621
-0.730313
-0.629056
-0.697732
-0.644247
-0.663291
-0.655565
-0.632421
-0.732437
-0.605559
-0.652198
-0.536650
-0.670187
-0.654029
-0.614314
-0.596457
-0.465682
-0.458137
-0.555713
-0.570441
-0.414274
-0.389237
-0.444348
-0.329209
-0.442640
-0.422448
-0.447610
-0.404843
-0.484982
-0.469159
-0.592167
-0.490999
-0.432766
-0.580917
-0.538456
-0.609398
-0.579007
-0.643754
-0.559429
-0.608082
-0.565324
-0.606829
-0.566035
-0.545758
-0.612270
-0.608050
-0.687190
-0.643671
-0.536730
-0.653973
-0.679351
-0.655415
-0.591724
-0.676439
-0.526320
-0.595748
-0.686012
-0.492457
-0.541467
-0.572218
-0.513670
-0.477623
-0.591405
-0.597187
-0.497532
-0.512458
-0.603428
-0.587647
-0.636481
-0.622043
-0.670234
-0.591754
-0.693983
-0.619232
-0.703669
-0.682763
-0.649613
-0.603320
-0.684388
-0.722978
-0.569444
-0.612002
-0.598497
-0.660135
-0.625086
-0.562086
-0.646124
-0.659986
-0.644292
-0.563959
-0.613179
-0.618818
-0.581192
-0.579874
-0.622774
-0.589725
-0.630588
-0.527710
-0.559020
-0.549984
-0.638636
-0.551198
-0.576782
-0.605353
-0.633245
-0.625169
-0.612613
-0.546295
-0.620414
-0.633258
-0.673550
-0.652219
-0.578265
-0.600887
-0.589573
-0.619139
-0.665693
-0.592207
-0.623840
-0.623342
-0.591453
-0.685180
-0.662058
-0.634755
-0.558656
-0.678572
-0.648004
-0.688356
-0.608317
-0.676454
-0.561660
-0.599314
-0.624653
-0.566757
-0.612170
-0.514113
-0.669871
-0.599329
-0.690448
-0.613743
-0.577670
-0.683882
-0.634427
-0.620878
-0.633689
-0.754532
-0.663341
-0.597426
-0.704351
-0.698045
-0.701367
-0.600846
-0.620564
-0.651914
-0.719204
-0.642146
-0.604000
-0.647229
-0.646007
-0.624916
-0.635515
-0.599395
-0.626460
-0.638949
-0.653529
-0.640934
-0.575409
-0.605446
-0.570737
-0.550666
-0.598149
-0.602887
-0.513668
-0.486670
-0.548791
-0.490594
-0.484740
-0.462082
-0.468293
-0.431752
-0.434215
-0.507574
-0.358940
-0.351281
-0.380176
-0.420638
-0.374885
-0.353957
-0.341243
-0.306626
-0.334928
-0.354350
-0.268615
-0.292385
-0.236501
-0.296855
-0.211353
-0.258282
-0.198776
-0.258902
-0.149674
-0.194331
-0.235537
-0.199743
-0.173947
-0.204953
-0.226249
-0.121708
-0.239505
-0.129253
-0.172636
-0.109702
-0.123154
-0.174290
-0.240241
-0.107826
-0.047980
-0.167483
-0.112299
-0.179082
-0.108468
-0.089569
-0.152898
-0.163299
-0.090646
-0.073702
-0.144996
-0.120075
-0.114235
-0.070669
-0.092017
-0.135555
-0.095848
-0.091689
-0.121684
-0.115389
-0.182566
-0.153158
-0.147977
-0.045244
-0.132921
-0.217619
-0.146064
-0.107447
-0.110060
-0.185592
-0.167085
-0.156294
-0.147076
-0.207356
-0.166842
-0.138858
-0.153255
-0.260697
-0.256823
-0.167637
-0.174766
-0.220713
-0.272034
-0.290528
-0.241591
-0.222954
-0.251603
-0.296959
-0.273560
-0.259166
-0.253018
-0.309207
-0.313983
-0.349272
-0.279991
-0.274856
-0.321102
-0.416449
-0.361962
-0.342216
-0.405343
-0.424454
-0.373352
-0.366255
-0.421903
-0.460979
-0.425184
-0.400147
-0.369757
-0.514719
-0.498475
-0.453980
-0.421989
-0.453238
-0.516234
-0.574675
-0.497587
-0.413201
-0.573151
-0.596517
-0.596821
-0.500997
-0.590240
-0.624894
-0.619084
-0.580145
-0.571058
-0.610510
-0.665596
-0.667392
-0.657341
-0.598885
-0.690150
-0.678424
-0.692051
-0.640980
-0.718703
-0.721251
-0.711349
-0.734161
-0.744595
-0.738377
-0.738500
-0.694911
-0.758943
-0.742963
-0.796924
-0.739717
-0.756397
-0.710030
-0.865496
-0.826032
-0.661212
-0.717241
-0.836063
-0.847883
-0.825185
-0.827391
-0.812102
-0.812070
-0.797996
-0.819844
-0.878130
-0.856692
-0.852123
-0.870711
-0.799435
-0.830557
-0.850961
-0.878759
-0.799967
-0.877507
-0.880734
-0.899909
-0.847660
-0.797415
-0.934708
-0.881399
-0.856576
-0.846551
-0.923486
-0.897780
-0.849531
-0.895752
-0.908751
-0.904547
-0.865672
-0.877176
-0.828543
-0.863444
-0.914523
-0.844550
-0.862732
-0.900944
-0.916360
-0.822328
-0.823636
-0.891990
-0.858110
-0.882682
-0.798196
-0.810566
-0.841684
-0.837833
-0.770467
-0.709916
-0.866349
-0.811385
-0.860478
-0.789120
-0.769226
-0.818949
-0.822155
-0.807135
-0.748047
-0.802318
-0.809282
-0.798916
-0.715779
-0.742722
-0.764391
-0.718739
-0.665763
-0.740771
-0.808721
-0.772816
-0.699624
-0.663783
-0.668193
-0.745989
-0.708811
-0.715674
-0.613854
-0.704722
-0.696293
-0.684897
-0.652411
-0.606491
-0.597484
-0.623121
-0.636276
-0.608935
-0.662065
-0.610760
-0.529380
-0.579751
-0.605167
-0.631084
-0.515599
-0.544925
-0.585483
-0.585998
-0.525839
-0.460069
-0.569336
-0.516046
-0.510475
-0.394141
-0.559488
-0.497053
-0.510767
-0.400140
-0.454437
-0.448804
-0.425064
-0.432336
-0.421151
-0.393118
-0.407887
-0.388644
-0.358341
-0.353907
-0.449236
-0.302215
-0.359387
-0.316913
-0.355942
-0.358456
-0.344073
-0.276768
-0.256982
-0.302737
-0.311327
-0.280860
-0.227879
-0.287377
-0.245226
-0.242282
-0.247014
-0.285724
-0.209117
-0.220361
-0.196813
-0.228397
-0.233705
-0.198316
-0.185534
-0.178074
-0.240771
-0.217282
-0.189819
-0.191240
-0.249638
-0.185591
-0.169707
-0.191544
-0.171204
-0.179010
-0.230693
-0.208665
-0.176066
-0.224035
-0.161577
-0.223063
-0.155875
-0.195907
-0.250693
-0.195747
-0.205323
-0.176853
-0.218097
-0.170192
-0.179977
-0.199521
-0.175282
-0.244634
-0.211672
-0.205920
-0.107758
-0.236507
-0.268797
-0.183896
-0.141802
-0.245388
-0.309095
-0.239770
-0.147849
-0.249314
-0.283179
-0.201828
-0.215275
-0.278716
-0.311721
-0.250330
-0.186293
-0.211355
-0.274021
-0.273033
-0.304293
-0.259923
-0.237516
-0.338031
-0.348112
-0.301203
-0.203304
-0.258410
-0.309564
-0.306754
-0.319179
-0.307576
-0.294968
-0.272647
-0.294837
-0.296439
-0.301287
-0.306341
-0.338472
-0.258454
-0.327772
-0.399661
-0.294346
-0.253401
-0.305659
-0.331028
-0.344740
-0.345274
-0.334758
-0.341026
-0.355523
-0.339965
-0.326831
-0.318724
-0.355022
-0.344096
-0.339007
-0.324205
-0.379942
-0.373124
-0.369746
-0.275440
-0.404375
-0.384983
-0.354910
-0.287222
-0.389910
-0.372508
-0.337461
-0.328682
-0.328278
-0.410313
-0.356070
-0.306833
-0.289046
-0.396062
-0.401504
-0.301723
-0.319126
-0.294001
-0.379171
-0.357623
-0.385879
-0.313908
-0.300806
-0.319932
-0.323466
-0.306038
-0.355518
-0.360061
-0.309413
-0.300333
-0.252200
-0.317777
-0.365674
-0.323855
-0.187076
-0.281162
-0.353289
-0.311185
-0.308064
-0.271551
-0.265247
-0.298485
-0.248063
-0.245512
-0.302501
-0.268000
-0.237967
-0.223864
-0.291578
-0.290739
-0.275124
-0.223470
-0.244833
-0.259047
-0.281716
-0.229074
-0.235407
-0.291983
-0.229117
-0.272699
-0.215989
-0.153315
-0.225152
-0.257834
-0.214308
-0.150847
-0.246113
-0.237879
-0.246418
-0.179591
-0.223374
-0.173840
-0.200223
-0.255960
-0.141270
-0.219287
-0.227946
-0.240562
-0.141633
-0.181881
-0.207507
-0.186060
-0.190265
-0.126846
-0.209771
-0.257586
-0.156384
-0.158307
-0.214637
-0.232547
-0.155067
-0.204664
-0.146842
-0.227976
-0.202667
-0.180998
-0.176800
-0.191343
-0.210913
-0.124745
-0.163392
-0.160978
-0.232955
-0.200966
-0.118545
-0.130058
-0.209096
-0.205807
-0.146349
-0.132150
-0.186309
-0.220612
-0.150006
-0.094250
-0.236011
-0.167247
-0.184805
-0.096324
-0.180697
-0.137168
-0.148731
-0.163668
-0.153081
-0.153300
-0.212678
-0.134577
-0.084324
-0.125252
-0.254555
-0.194445
-0.118902
-0.099310
-0.171794
-0.211315
-0.160849
-0.067692
-0.127518
-0.244675
-0.129484
-0.077935
-0.160068
-0.215866
-0.136508
-0.098203
-0.180571
-0.207009
-0.230513
-0.155399
-0.175555
-0.184827
-0.271312
-0.159418
-0.148170
-0.199174
-0.233550
-0.243067
-0.209233
-0.147963
-0.204668
-0.254776
-0.283810
-0.211630
-0.204812
-0.237223
-0.279825
-0.236884
-0.298518
-0.253666
-0.318563
-0.215185
-0.207299
-0.247828
-0.387931
-0.299198
-0.254431
-0.163494
-0.346509
-0.321157
-0.253370
-0.223571
-0.266563
-0.402638
-0.313345
-0.285140
-0.292216
-0.326521
-0.318331
-0.248103
-0.352615
-0.459005
-0.312077
-0.229392
-0.322528
-0.407704
-0.344361
-0.274701
-0.352705
-0.380622
-0.410421
-0.345270
-0.355354
-0.367224
-0.484400
-0.341117
-0.337999
-0.399723
-0.437929
-0.483754
-0.358660
-0.366509
-0.422529
-0.426437
-0.429841
-0.384061
-0.449757
-0.485069
-0.423418
-0.392820
-0.425404
-0.557483
-0.491919
-0.472591
-0.481195
-0.516752
-0.523360
-0.471496
-0.502716
-0.523688
-0.511263
-0.511521
-0.512851
-0.583710
-0.515113
-0.549938
-0.474424
-0.545033
-0.609963
-0.615206
-0.474144
-0.545074
-0.592015
-0.645367
-0.532774
-0.533418
-0.616234
-0.565180
-0.569499
-0.535235
-0.612882
-0.606437
-0.633631
-0.596595
-0.621609
-0.638877
-0.631955
-0.589410
-0.599321
-0.716514
-0.683503
-0.593377
-0.579863
-0.699376
-0.678480
-0.652017
-0.616919
-0.653423
-0.707745
-0.718124
-0.585450
-0.676178
-0.739630
-0.725904
-0.613989
-0.732883
-0.677152
-0.714633
-0.727605
-0.672778
-0.678266
-0.745671
-0.707933
-0.618799
-0.725734
-0.784524
-0.727420
-0.645094
-0.667621
-0.731815
-0.805344
-0.703345
-0.668074
-0.713897
-0.739051
-0.741166
-0.685545
-0.698378
-0.726946
-0.753994
-0.676154
-0.643146
-0.693323
-0.726103
-0.636797
-0.650591
-0.729529
-0.689260
-0.657644
-0.626058
-0.669079
-0.697261
-0.663277
-0.617873
-0.631757
-0.712348
-0.671691
-0.572226
-0.658204
-0.672154
-0.676265
-0.574601
-0.608049
-0.617150
-0.688719
-0.647668
-0.564918
-0.596298
-0.672187
-0.613273
-0.590239
-0.528811
-0.689624
-0.585215
-0.549994
-0.547172
-0.653900
-0.611065
-0.502484
-0.472596
-0.576650
-0.608525
-0.534743
-0.522069
-0.525352
-0.611663
-0.493207
-0.455327
-0.516190
-0.586168
-0.522978
-0.473771
-0.507424
-0.534696
-0.508122
-0.462002
-0.514871
-0.504546
-0.408934
-0.463262
-0.449308
-0.505188
-0.524210
-0.404850
-0.395010
-0.470750
-0.498827
-0.397994
-0.408101
-0.436725
-0.474281
-0.462886
-0.395188
-0.313196
-0.437397
-0.466588
-0.407944
-0.387740
-0.415686
-0.422723
-0.366116
-0.376767
-0.386141
-0.420339
-0.415484
-0.363679
-0.311452
-0.372603
-0.416730
-0.429399
-0.264410
-0.279970
-0.398763
-0.386782
-0.256081
-0.273868
-0.347855
-0.305382
-0.298867
-0.332306
-0.413973
-0.267236
-0.314250
-0.295135
-0.340778
-0.398551
-0.226998
-0.274032
-0.323117
-0.401145
-0.306786
-0.271376
-0.243764
-0.382350
-0.295159
-0.303541
-0.233286
-0.324829
-0.318392
-0.346958
-0.227916
-0.290095
-0.305549
-0.294222
-0.225145
-0.322540
-0.355990
-0.284402
-0.225139
-0.202548
-0.386677
-0.299546
-0.268922
-0.196594
-0.263684
-0.381718
-0.222530
-0.196931
-0.290737
-0.349318
-0.272708
-0.181781
-0.220964
-0.351122
-0.320733
-0.200646
-0.240603
-0.296572
-0.267376
-0.162173
-0.226888
-0.333434
-0.262065
-0.157396
-0.274242
-0.285358
-0.209240
-0.227869
-0.252330
-0.180706
-0.260422
-0.237911
-0.254460
-0.190427
-0.237627
-0.192355
-0.258213
-0.305838
-0.213376
-0.211818
-0.237604
-0.215113
-0.147540
-0.255250
-0.275154
-0.242199
-0.145123
-0.221230
-0.300537
-0.195432
-0.107826
-0.218223
-0.270852
-0.261214
-0.181576
-0.184486
-0.214998
-0.208889
-0.168918
-0.215893
-0.200053
-0.145379
-0.173017
-0.147166
-0.220043
-0.234810
-0.182319
-0.173869
-0.142042
-0.174217
-0.206132
-0.208149
-0.128332
-0.154648
-0.198138
-0.208550
-0.218464
-0.143931
-0.118733
-0.160092
-0.147239
-0.170558
-0.130298
-0.156796
-0.138561
-0.133637
-0.104713
-0.156036
-0.156846
-0.100929
0.022866
-0.166059
-0.128683
-0.056975
-0.042406
-0.117971
-0.144195
0.026936
-0.098122
-0.022759
-0.096465
-0.039377
-0.072313
-0.005392
-0.033809
-0.120922
-0.010140
-0.069697
0.000519
-0.080073
0.047443
-0.097274
-0.046871
0.020394
-0.072147
-0.038075
-0.046968
0.018997
-0.030992
-0.037969
-0.020999
-0.025819
-0.006987
-0.071063
0.032509
-0.023139
-0.040440
-0.041602
0.026474
0.018096
0.041849
-0.045791
-0.001107
-0.018226
0.071991
0.024149
0.042195
-0.011946
0.012323
-0.016280
0.109575
0.028403
0.012593
0.090768
0.046987
0.089816
0.066383
0.049935
0.105813
0.141958
0.115266
0.074586
0.095670
0.099749
0.121498
0.141602
0.144075
0.090463
0.155571
0.212066
0.130835
0.241721
0.090953
0.232458
0.156495
0.212038
0.181182
0.247269
0.194235
0.200125
0.255784
0.226387
0.199424
0.246401
0.279108
0.212170
0.310615
0.195065
0.212826
0.268201
0.333932
0.209430
0.297239
0.260035
0.181035
0.205252
0.265918
0.193076
0.232022
0.238284
0.164814
0.177305
0.239983
0.197644
0.075277
0.150590
0.161213
0.114067
0.077101
0.115557
0.067238
0.040146
0.045367
0.057925
-0.044395
-0.035108
-0.090991
-0.101398
-0.134244
-0.052272
-0.167738
-0.180109
-0.187226
-0.136068
-0.184756
-0.190555
-0.122471
-0.250339
-0.219091
-0.200450
-0.156170
-0.236847
-0.269211
-0.317427
-0.325802
-0.183690
-0.310175
-0.334174
-0.397487
-0.308958
-0.413386
-0.341554
-0.345792
-0.431864
-0.437771
-0.358547
-0.373583
-0.446119
-0.394228
-0.441006
-0.343715
-0.547777
-0.432669
-0.436799
-0.376983
-0.497770
-0.462554
-0.530861
-0.578062
-0.617403
-0.595441
-0.577014
-0.678338
-0.626516
-0.703771
-0.623829
-0.750802
-0.760697
-0.752948
-0.735448
-0.800582
-0.755106
-0.788971
-0.790375
-0.801202
-0.790424
-0.769312
-0.825193
-0.741252
-0.813751
-0.802639
-0.823534
-0.711434
-0.775668
-0.788612
-0.857837
-0.822088
-0.702296
-0.778944
-0.659660
-0.678252
-0.754653
-0.698193
-0.639681
-0.739142
-0.708844
-0.599737
-0.660438
-0.700845
-0.699028
-0.618518
-0.710266
-0.730938
-0.620859
-0.715361
-0.622929
-0.702762
-0.564110
-0.622902
-0.595845
-0.690508
-0.633771
-0.559489
-0.606471
-0.653773
-0.591118
-0.576743
-0.601878
-0.553877
-0.582582
-0.616195
-0.645049
-0.515782
-0.597411
-0.551431
-0.584856
-0.600937
-0.646299
-0.547812
-0.588497
-0.594662
-0.605037
-0.514542
-0.539027
-0.556720
-0.410015
-0.477074
-0.489490
-0.349341
-0.258988
-0.330838
-0.307454
-0.241711
-0.095823
-0.128232
-0.093362
-0.056008
0.084262
0.029068
0.079313
0.160446
0.199706
0.183446
0.247222
0.288458
0.313758
0.352669
0.359550
0.400821
0.400962
0.415299
0.413630
0.465100
0.469694
0.440332
0.495797
0.532606
0.568676
0.563350
0.663790
0.622893
0.666215
0.717732
0.839404
0.813067
0.849140
0.890680
0.895875
1.019412
1.005455
1.030810
1.084717
1.145027
1.133371
1.176898
1.200931
1.201581
1.231808
1.274320
1.225701
1.274533
1.299689
1.242470
1.200664
1.345606
1.278270
1.227531
1.299067
1.340688
1.293959
1.232575
1.301690
1.325967
1.342905
1.395743
1.362619
1.360168
1.337832
1.343378
1.433557
1.320885
1.399212
1.253271
1.344306
1.331123
1.351214
1.271583
1.195801
1.177351
1.209645
1.191636
1.122201
1.125026
1.073629
1.009329
1.068749
1.060087
0.978777
0.936536
0.906770
0.924680
0.862746
0.856883
0.810881
0.811362
0.737826
0.636729
0.708011
0.608978
0.594605
0.531773
0.531176
0.468530
0.373928
0.509719
0.419053
0.383686
0.256909
0.321663
0.335724
0.310800
0.182491
0.280605
0.197506
0.249278
0.223128
0.279465
0.185719
0.198639
0.229507
0.250481
0.302218
0.329539
0.351570
0.344260
0.362798
0.333479
0.334885
0.400932
0.386245
0.352278
0.296182
0.371702
0.278478
0.292633
0.228248
0.280763
0.165554
0.206403
0.206491
0.248781
0.160238
0.091908
0.209365
0.206585
0.089755
0.100169
0.131305
0.123529
0.068882
0.062058
0.012693
-0.042418
-0.100183
-0.041763
-0.048494
-0.150787
-0.190389
-0.191754
-0.168531
-0.186669
-0.196589
-0.162460
-0.362701
-0.285222
-0.389079
-0.314259
-0.431798
-0.493476
-0.478548
-0.662510
-0.579041
-0.819793
-0.740818
-0.723526
-0.721517
-0.857065
-0.869975
-0.829179
-0.900674
-1.003101
-0.954327
-0.954883
-1.013464
-1.069467
-1.028594
-1.176136
-1.199509
-1.220566
-1.364981
-1.319638
-1.310675
-1.411859
-1.518170
-1.383341
-1.503901
-1.585069
-1.707375
-1.635281
-1.757537
-1.900110
-1.859661
-1.949643
-2.092267
-2.282899
-2.321754
-2.384208
-2.597953
-2.606176
-2.859677
-2.980853
-3.105916
-3.212682
-3.320634
-3.363020
-3.542343
-3.694731
-3.836874
-3.886754
-4.007158
-4.172957
-4.281235
-4.388491
-4.542479
-4.652363
-4.820551
-5.053367
-5.258150
-5.486347
-5.681121
-5.893286
-5.987784
-6.381579
-6.651170
-6.764299
-7.118285
-7.244805
-7.420703
-7.675480
-7.802144
-8.087085
-8.272560
-8.508181
-8.628464
-8.940053
-9.073752
-9.322580
-9.546134
-9.795760
-9.990993
-10.056471
-10.425233
-10.602480
-10.844820
-10.890480
-11.198832
-11.439684
-11.648091
-11.812764
-12.041800
-12.365055
-12.399346
-12.782658
-13.115679
-13.233372
-13.523250
-13.621866
-13.977720
-14.195653
-14.437647
-14.555159
-14.809411
-15.079616
-15.410714
-15.615587
-15.670422
-15.898682
-16.096704
-16.349758
-16.583124
-16.815714
-16.942068
-17.019995
-17.365267
-17.700914
-17.878941
-17.946997
-18.196909
-18.401880
-18.537703
-18.824715
-18.971075
-19.081423
-19.281048
-19.535795
-19.669605
-19.853010
-19.951153
-20.240271
-20.431351
-20.485777
-20.717718
-20.807579
-20.993534
-21.163458
-21.355722
-21.486208
-21.531261
-21.709394
-21.915125
-22.157875
-22.241976
-22.354485
-22.645996
-22.833269
-22.901369
-23.064693
-23.374001
-23.444864
-23.608244
-23.838327
-23.995661
-24.152039
-24.268320
-24.475191
-24.596239
-24.765566
-24.859379
-25.100628
-25.224077
-25.532869
-25.594030
-25.717459
-25.880301
-26.067234
-26.256908
-26.439972
-26.667540
-26.773735
-27.002777
-27.204853
-27.255699
-27.486309
-27.713913
-27.831326
-27.966589
-28.116236
-28.348278
-28.441015
-28.717392
-28.794662
-29.002415
-29.180443
-29.420851
-29.521019
-29.796751
-29.979353
-30.095295
-30.374872
-30.532671
-30.786469
-30.909063
-31.142437
-31.366951
-31.639359
-31.743496
-31.948111
-32.218430
-32.388897
-32.551109
-32.854065
-32.939034
-33.322411
-33.514229
-33.685310
-33.854603
-34.211487
-34.396992
-34.522991
-34.804085
-35.016663
-35.189129
-35.435894
-35.657383
-35.823574
-35.844757
-36.079952
-36.207462
-36.440720
-36.670437
-36.702549
-36.822483
-37.022209
-37.176388
-37.316036
-37.504154
-37.608402
-37.669403
-37.898003
-38.177746
-38.273994
-38.420074
-38.554836
-38.720512
-38.921921
-39.128132
-39.161072
-39.380901
-39.528042
-39.623589
-39.842754
-39.990631
-40.044029
-40.113098
-40.319275
-40.466263
-40.690456
-40.762402
-40.963337
-41.060291
-41.230061
-41.401382
-41.540878
-41.731018
-41.826740
-41.927486
-42.114620
-42.292145
-42.359627
-42.376877
-42.568771
-42.738907
-42.866322
-42.895241
-43.057697
-43.193935
-43.300694
-43.412930
-43.540276
-43.717659
-43.843124
-43.876560
-44.054920
-44.250412
-44.297699
-44.358948
-44.497002
-44.675022
-44.682056
-44.733643
-44.927444
-45.101231
-45.132191
-45.115746
-45.229343
-45.400482
-45.493076
-45.464615
-45.536152
-45.663391
-45.776634
-45.698059
-45.868393
-45.960121
-45.975101
-46.011044
-46.211323
-46.278267
-46.272900
-46.394314
-46.479530
-46.589634
-46.650703
-46.850552
-46.847885
-46.852077
-47.065338
-47.181026
-47.137833
-47.150631
-47.365921
-47.399818
-47.379875
-47.452755
-47.580544
-47.597794
-47.591221
-47.674236
-47.749107
-47.779709
-47.878540
-47.863373
-47.951908
-48.005909
-48.000813
-48.024395
-48.181255
-48.163315
-48.131512
-48.153206
-48.308655
-48.281677
-48.277714
-48.342342
-48.447815
-48.485714
-48.568893
-48.627384
-48.672970
-48.806034
-48.823177
-48.847496
-48.933155
-48.982063
-48.958008
-49.012268
-49.108101
-49.172619
-49.123127
-49.203312
-49.217365
-49.325783
-49.364372
-49.358845
-49.503719
-49.544498
-49.594421
-49.731117
-49.778786
-49.847038
-49.819698
-49.883545
-50.009754
-50.010387
-49.985523
-50.071007
-50.146854
-50.187462
-50.205799
-50.215767
-50.259640
-50.414845
-50.433022
-50.412167
-50.520794
-50.671379
-50.594604
-50.725941
-50.847763
-50.883972
-50.806091
-51.039898
-51.091164
-51.151310
-51.139236
-51.286583
-51.345135
-51.386307
-51.401752
-51.438835
-51.542519
-51.570908
-51.607094
-51.678776
-51.775093
-51.913280
-51.943539
-51.896900
-52.038815
-52.058159
-52.169582
-52.142048
-52.318321
-52.349174
-52.478554
-52.523819
-52.621254
-52.649563
-52.692425
-52.795273
-52.822002
-52.957001
-52.938301
-53.085880
-53.097706
-53.139977
-53.117584
-53.250877
-53.300621
-53.345791
-53.338123
-53.373344
-53.621346
-53.558388
-53.521896
-53.585426
-53.858231
-53.767891
-53.808090
-53.815166
-54.060089
-54.031273
-54.093117
-54.085709
-54.216640
-54.201885
-54.357910
-54.278759
-54.396866
-54.411716
-54.578548
-54.474586
-54.487286
-54.610783
-54.708858
-54.702232
-54.741161
-54.761681
-54.857044
-54.950226
-54.963223
-55.021854
-55.094418
-55.109749
-55.047298
-55.128899
-55.204498
-55.234829
-55.294922
-55.226109
-55.206329
-55.334461
-55.263023
-55.188145
-55.251873
-55.345367
-55.198605
-55.236771
-55.278484
-55.291618
-55.146034
-55.270004
-55.328259
-55.161320
-55.262901
-55.401272
-55.363998
-55.309658
-55.297939
-55.418243
-55.400410
-55.402576
-55.335503
-55.412632
-55.451641
-55.394985
-55.265694
-55.376053
-55.338989
-55.328045
-55.343544
-55.277618
-55.305000
-55.523769
-55.412350
-55.281654
-55.489143
-55.531544
-55.490437
-55.517944
-55.686398
-55.659058
-55.673214
-55.774132
-55.777039
-55.754730
-55.780556
-55.874805
-55.812183
-55.839272
-55.875801
-55.898895
-55.939789
-55.969120
-56.024754
-56.099442
-56.136295
-56.128838
-56.184380
-56.342571
-56.248314
-56.352154
-56.472191
-56.541924
-56.358250
-56.373959
-56.642708
-56.470200
-56.459717
-56.515652
-56.562225
-56.564281
-56.611694
-56.725517
-56.544762
-56.646717
-56.757690
-56.725777
-56.739803
-56.796547
-56.921570
-56.743206
-56.771484
-56.924698
-56.865265
-56.747295
-56.773537
-56.919769
-56.847404
-56.891716
-56.935352
-56.923412
-56.936905
-56.943054
-57.009697
-56.982216
-57.107864
-57.149357
-57.082775
-57.219639
-57.296055
-57.178772
-57.255848
-57.235668
-57.383831
-57.250305
-57.283012
-57.373661
-57.414742
-57.385067
-57.238724
-57.517288
-57.456509
-57.437237
-57.478630
-57.723621
-57.766479
-57.885494
-57.835281
-57.990215
-58.171227
-58.242317
-58.201397
-58.357849
-58.625912
-58.624046
-58.441563
-58.655148
-58.679691
-58.681229
-58.688889
-58.884922
-58.954678
-58.962280
-59.006798
-58.974102
-59.091736
-59.410900
-59.368671
-59.231483
-59.469475
-59.684872
-59.766987
-59.830879
-59.979607
-59.977554
-59.846004
-60.038212
-60.304520
-60.234135
-60.204895
-60.270401
-60.411179
-60.440586
-60.358685
-60.334766
-60.332657
-60.484528
-60.507000
-60.299984
-60.302723
-60.345005
-60.305496
-60.142406
-60.381268
-60.395603
-60.312180
-60.236523
-60.433445
-60.607491
-60.530132
-60.350204
-60.320156
-60.540192
-60.455467
-60.410965
-60.497326
-60.455059
-60.317257
-60.269791
-60.293293
-60.261608
-60.171368
-60.099739
-60.093361
-60.125172
-60.122707
-59.997845
-59.963570
-60.164200
-60.119644
-59.904114
-59.856976
-59.988125
-59.857361
-59.676796
-59.723824
-59.898670
-59.776588
-59.595703
-59.658211
-59.693184
-59.559322
-59.564381
-59.605305
-59.617928
-59.515125
-59.595268
-59.575207
-59.637905
-59.505188
-59.500813
-59.477913
-59.491039
-59.520847
-59.294998
-59.518921
-59.511562
-59.324486
-59.284042
-59.381516
-59.375469
-59.211456
-59.361668
-59.413437
-59.387604
-59.423416
-59.435814
-59.440971
-59.502468
-59.353165
-59.474007
-59.500267
-59.454475
-59.385460
-59.534908
-59.474960
-59.446255
-59.434242
-59.533184
-59.548565
-59.443230
-59.507088
-59.666252
-59.693760
-59.575466
-59.604115
-59.689659
-59.612614
-59.639297
-59.729786
-59.625328
-59.747013
-59.683849
-59.662235
-59.714203
-59.786266
-59.732899
-59.633831
-59.738583
-59.833187
-59.792122
-59.862774
-59.950836
-59.933331
-60.012733
-59.893318
-59.986862
-60.101696
-60.053249
-59.922943
-59.928089
-60.075607
-60.108124
-59.988522
-60.056610
-60.058590
-59.975842
-59.941032
-60.145115
-60.004112
-60.077290
-60.078171
-60.093254
-60.045681
-60.201077
-60.231499
-60.078091
-60.281685
-60.224033
-60.276615
-60.169220
-60.265427
-60.231831
-60.350273
-60.358376
-60.254330
-60.310059
-60.269356
-60.347225
-60.347275
-60.398296
-60.338696
-60.288834
-60.453938
-60.491428
-60.519672
-60.427586
-60.371220
-60.494324
-60.509117
-60.439053
-60.436104
-60.595268
-60.609196
-60.528088
-60.554005
-60.613476
-60.670403
-60.531414
-60.673981
-60.692020
-60.767548
-60.637280
-60.676613
-60.814056
-60.718708
-60.742146
-60.815670
-60.837345
-60.797455
-60.909451
-60.921371
-60.843513
-60.972519
-60.914032
-61.028374
-61.041210
-61.118725
-61.044521
-61.114445
-61.034706
-61.136681
-61.300503
-61.150799
-61.134697
-61.246944
-61.357571
-61.268219
-61.348389
-61.356880
-61.252346
-61.396427
-61.503994
-61.556519
-61.311520
-61.570953
-61.611004
-61.554451
-61.521866
-61.620880
-61.668491
-61.619343
-61.649391
-61.710426
-61.600990
-61.747524
-61.685047
-61.799690
-61.738670
-61.851849
-61.757530
-61.882713
-61.863178
-62.009163
-61.983185
-61.831944
-62.026855
-62.049831
-62.032761
-62.112217
-62.106491
-62.161533
-62.099121
-62.128689
-62.265213
-62.241943
-62.229019
-62.248268
-62.357742
-62.341000
-62.336784
-62.397137
-62.365440
-62.437428
-62.525127
-62.556343
-62.451744
-62.563400
-62.643368
-62.534168
-62.540466
-62.692989
-62.701019
-62.574337
-62.659443
-62.854149
-62.708569
-62.758438
-62.782875
-62.862934
-62.751469
-62.779240
-62.966412
-62.782715
-62.851559
-62.855213
-62.900200
-62.838791
-62.901657
-62.824142
-62.815754
-62.937195
-62.778542
-62.735035
-62.722961
-62.951363
-62.853958
-62.661865
-62.696461
-62.782036
-62.764683
-62.771027
-62.765598
-62.706760
-62.742863
-62.614510
-62.584663
-62.716751
-62.598392
-62.642715
-62.610146
-62.689411
-62.585571
-62.572960
-62.503906
-62.570873
-62.585228
-62.362179
-62.334122
-62.457001
-62.469582
-62.344387
-62.162132
-62.378765
-62.303951
-62.219746
-62.180130
-62.353565
-62.272724
-62.112793
-62.173512
-62.126072
-62.163845
-62.107609
-61.990749
-61.940807
-62.065449
-61.956532
-61.833508
-61.960823
-61.743073
-61.791084
-61.819939
-61.900486
-61.705578
-61.699993
-61.708176
-61.591377
-61.580772
-61.605843
-61.697227
-61.589931
-61.525028
-61.592815
-61.502357
-61.498920
-61.460247
-61.518841
-61.457569
-61.450172
-61.501202
-61.394299
-61.293327
-61.458607
-61.419655
-61.286541
-61.279598
-61.397289
-61.376106
-61.335232
-61.226109
-61.223228
-61.393505
-61.362465
-61.185688
-61.163612
-61.339233
-61.330025
-61.100513
-61.198380
-61.315792
-61.262737
-61.166409
-61.159912
-61.326580
-61.179070
-61.085510
-61.207878
-61.261841
-61.263660
-61.027130
-61.125954
-61.185825
-61.163654
-61.131264
-61.045067
-61.166012
-61.098049
-61.124947
-61.133469
-61.179218
-61.085754
-61.003544
-61.039749
-61.186268
-61.086849
-61.054596
-60.936142
-61.089981
-61.008141
-61.030525
-60.920692
-60.911758
-61.003014
-60.824638
-60.976292
-60.954128
-60.914291
-60.747604
-60.880676
-60.927784
-60.775932
-60.794685
-60.799191
-60.856216
-60.674168
-60.722271
-60.755543
-60.623833
-60.599838
-60.717415
-60.620754
-60.526691
-60.639412
-60.636051
-60.545670
-60.554527
-60.492043
-60.515396
-60.405560
-60.573166
-60.509083
-60.456619
-60.467731
-60.363213
-60.460022
-60.327389
-60.498379
-60.293880
-60.369835
-60.382282
-60.361507
-60.295723
-60.244057
-60.299427
-60.208488
-60.157917
-60.299538
-60.212605
-60.141140
-60.079422
-60.205643
-60.059505
-60.075123
-60.031380
-60.019272
-60.141609
-59.924973
-59.924809
-60.010723
-60.051109
-59.846378
-59.879536
-59.992184
-59.828621
-59.850391
-59.798603
-59.923084
-59.791386
-59.801548
-59.743454
-59.816586
-59.740105
-59.736675
-59.691624
-59.743130
-59.727104
-59.678474
-59.606113
-59.650055
-59.702930
-59.497112
-59.615612
-59.594624
-59.577988
-59.460396
-59.471157
-59.570820
-59.452057
-59.439381
-59.434605
-59.424507
-59.353172
-59.423691
-59.397850
-59.298229
-59.302643
-59.331104
-59.341347
-59.256115
-59.287090
-59.226086
-59.251743
-59.292542
-59.225140
-59.145485
-59.123882
-59.191807
-59.102215
-59.195210
-59.221222
-59.114941
-59.077003
-59.095669
-59.150734
-59.015793
-59.190067
-59.132477
-59.031273
-59.025669
-59.144566
-59.208809
-58.975540
-58.917511
-59.125690
-59.151279
-58.986252
-58.887276
-59.092419
-59.061222
-58.959846
-58.868694
-59.080296
-59.027531
-58.922550
-58.952579
-58.965675
-59.013809
-58.891769
-58.951603
-58.978340
-59.037663
-59.016716
-58.977215
-58.956917
-58.991684
-58.947456
-59.001072
-59.025890
-59.059601
-58.880974
-58.962910
-59.094032
-59.028881
-58.976040
-58.995167
-59.096519
-58.984203
-59.076923
-59.108822
-59.053570
-59.010777
-59.096848
-59.067059
-59.149918
-59.084660
-59.071564
-59.021809
-59.194073
-59.104561
-59.109661
-59.126209
-59.189503
-59.187134
-59.129528
-59.146957
-59.261623
-59.246372
-59.157604
-59.191475
-59.235683
-59.170349
-59.231491
-59.334923
-59.391003
-59.241020
-59.242897
-59.270035
-59.350555
-59.411659
-59.338322
-59.381168
-59.434803
-59.523041
-59.404774
-59.396164
-59.512371
-59.499233
-59.528728
-59.502113
-59.586891
-59.594543
-59.558975
-59.623268
-59.688698
-59.682880
-59.583267
-59.636284
-59.748127
-59.793949
-59.810123
-59.673706
-59.727726
-59.770191
-59.870300
-59.820763
-59.817829
-59.844070
-59.901295
-59.888672
-59.849121
-59.966057
-59.898018
-59.899555
-59.993301
-60.061516
-59.885223
-59.958607
-59.999279
-60.052628
-60.060246
-60.067299
-60.050076
-60.096970
-60.129799
-60.031567
-60.151566
-60.136223
-60.130589
-60.144447
-60.231293
-60.222252
-60.185665
-60.141087
-60.199070
-60.238461
-60.259766
-60.240814
-60.255684
-60.203442
-60.290668
-60.274387
-60.193577
-60.274025
-60.194324
-60.341072
-60.174973
-60.221737
-60.192440
-60.199940
-60.211720
-60.103287
-60.131557
-60.092659
-60.077484
-60.084904
-60.036484
-60.035042
-59.911263
-59.851330
-59.767319
-59.966656
-59.834541
-59.734829
-59.577702
-59.679016
-59.652897
-59.546326
-59.516998
-59.427097
-59.376965
-59.300606
-59.293110
-59.212669
-59.157410
-59.040771
-58.917358
-58.871979
-59.021969
-58.749420
-58.587540
-58.622505
-58.636856
-58.352840
-58.321938
-58.325329
-58.288048
-58.216911
-57.997120
-58.087818
-57.951653
-57.961880
-57.732666
-57.636421
-57.715424
-57.616734
-57.488903
-57.333786
-57.452950
-57.281548
-57.104702
-57.018391
-57.120857
-57.023132
-56.870640
-56.856083
-56.851093
-56.702103
-56.543919
-56.619164
-56.601749
-56.494991
-56.317677
-56.378162
-56.350536
-56.357040
-56.107315
-56.097614
-56.089417
-56.068188
-56.050568
-55.934807
-56.020710
-55.881989
-55.881535
-55.898865
-55.782036
-55.812782
-55.723850
-55.756618
-55.746689
-55.717663
-55.678310
-55.568493
-55.633621
-55.605198
-55.612194
-55.569527
-55.571133
-55.610786
-55.543716
-55.459938
-55.485775
-55.587513
-55.486588
-55.425167
-55.501640
-55.624016
-55.479401
-55.480740
-55.570744
-55.598431
-55.366791
-55.537861
-55.571754
-55.474251
-55.493156
-55.538090
-55.574657
-55.438816
-55.455986
-55.433071
-55.473358
-55.488678
-55.461212
-55.516487
-55.352978
-55.482143
-55.346764
-55.496609
-55.365219
-55.386284
-55.320545
-55.255325
-55.242889
-55.293659
-55.258995
-55.096806
-55.207508
-54.977745
-55.053890
-54.996777
-54.969048
-54.816288
-54.861553
-54.726669
-54.739456
-54.523941
-54.607712
-54.667919
-54.330700
-54.273037
-54.234081
-54.275726
-54.048218
-54.006989
-54.005695
-53.929939
-53.768044
-53.599499
-53.598988
-53.658348
-53.426083
-53.282433
-53.234364
-53.270218
-53.059719
-52.885117
-52.875095
-52.847645
-52.647888
-52.494419
-52.492859
-52.288857
-52.275124
-52.093830
-52.049587
-51.902729
-51.874306
-51.659283
-51.608784
-51.545086
-51.267643
-51.290436
-51.168537
-51.157154
-50.932201
-50.880833
-50.799751
-50.691936
-50.533482
-50.474121
-50.353947
-50.291096
-50.307850
-50.082367
-49.878918
-50.011818
-49.916180
-49.636513
-49.696342
-49.668266
-49.544136
-49.320866
-49.401779
-49.317402
-49.282513
-49.191883
-49.098087
-49.178013
-48.945980
-48.912270
-48.889534
-48.905365
-48.810749
-48.653885
-48.609131
-48.663010
-48.605083
-48.602905
-48.412235
-48.419968
-48.401253
-48.504139
-48.267139
-48.449879
-48.344952
-48.230362
-48.245434
-48.200878
-48.289730
-48.041630
-48.157280
-48.140133
-48.183365
-48.204678
-47.988697
-47.987480
-48.060581
-47.996136
-47.900959
-47.843414
-47.991867
-47.869114
-47.852787
-47.714539
-47.882698
-47.695862
-47.575695
-47.711990
-47.610950
-47.731529
-47.469997
-47.521938
-47.534840
-47.438301
-47.363499
-47.338570
-47.306297
-47.254021
-47.144592
-47.170658
-47.144741
-47.097729
-46.906578
-46.914665
-46.861908
-46.783962
-46.772980
-46.714130
-46.670010
-46.576893
-46.471340
-46.373180
-46.417992
-46.312870
-46.255424
-46.246407
-46.049068
-46.037064
-45.926781
-45.915493
-45.842545
-45.728539
-45.587891
-45.587933
-45.554924
-45.360767
-45.330635
-45.350498
-45.160583
-45.072193
-45.060368
-44.994690
-44.844421
-44.810253
-44.655647
-44.659752
-44.566319
-44.477966
-44.320683
-44.316864
-44.297688
-44.141666
-44.151794
-43.973679
-43.935413
-43.841892
-43.847172
-43.799026
-43.647972
-43.573414
-43.450397
-43.415215
-43.562756
-43.319847
-43.287857
-43.137596
-43.259651
-43.101185
-43.005886
-42.965672
-42.993298
-42.916161
-42.838078
-42.812332
-42.826038
-42.674641
-42.567963
-42.727264
-42.627380
-42.591923
-42.588081
-42.457138
-42.436543
-42.564384
-42.485580
-42.344646
-42.422157
-42.404148
-42.423073
-42.350010
-42.318016
-42.220989
-42.300045
-42.330990
-42.311344
-42.253616
-42.134117
-42.210541
-42.259068
-42.230846
-42.019566
-42.175049
-42.261738
-42.191208
-42.128204
-42.141701
-42.246845
-42.109131
-42.096832
-42.028996
-42.137566
-42.011406
-42.113548
-42.110355
-42.023445
-41.965858
-41.909214
-41.966812
-42.083698
-41.976532
-41.965321
-41.887657
-41.992844
-41.970028
-41.858803
-41.893780
-41.882263
-41.866707
-41.818108
-41.851620
-41.878841
-41.826130
-41.689098
-41.754795
-41.885159
-41.844643
-41.703575
-41.697910
-41.875660
-41.897682
-41.678402
-41.874023
-41.878494
-41.787151
-41.765339
-41.846844
-41.852909
-41.864300
-41.835419
-41.932945
-41.953289
-41.993519
-41.941891
-41.823792
-42.073112
-42.117451
-41.973751
-42.091469
-42.164696
-42.171375
-42.114838
-42.136219
-42.329041
-42.317734
-42.315605
-42.272617
-42.340660
-42.517345
-42.521313
-42.484741
-42.375828
-42.659161
-42.617558
-42.653759
-42.563042
-42.729698
-42.859440
-42.665337
-42.824303
-42.895222
-42.942204
-42.809303
-42.966984
-43.077862
-42.891037
-43.037735
-43.034279
-43.162754
-43.035271
-43.207638
-43.240707
-43.115238
-43.307556
-43.306290
-43.067226
-43.234726
-43.503765
-43.350666
-43.259441
-43.440956
-43.415619
-43.351921
-43.331188
-43.421959
-43.460659
-43.408855
-43.400543
-43.420712
-43.482830
-43.397324
-43.272118
-43.434464
-43.499683
-43.467957
-43.187233
-43.349602
-43.370930
-43.426647
-43.211174
-43.284538
-43.346004
-43.287598
-43.241245
-43.146610
-43.276554
-43.080765
-43.123318
-43.165455
-43.121811
-43.135632
-42.981560
-42.965603
-42.966637
-43.008789
-42.889019
-42.735954
-42.840496
-42.982159
-42.703270
-42.647022
-42.584541
-42.654068
-42.601509
-42.530975
-42.478775
-42.528599
-42.402401
-42.294224
-42.273014
-42.177143
-42.283077
-42.236568
-42.045597
-42.099895
-41.927502
-42.034161
-41.886314
-41.968479
-41.718449
-41.685055
-41.679890
-41.800823
-41.599586
-41.508823
-41.416336
-41.505108
-41.384148
-41.435455
-41.319511
-41.241020
-41.274242
-41.213917
-41.106686
-41.097786
-41.143475
-40.981003
-40.882088
-40.954334
-40.850075
-40.881184
-40.794231
-40.698517
-40.711205
-40.692635
-40.653767
-40.505272
-40.499195
-40.661812
-40.431931
-40.439655
-40.444878
-40.376804
-40.327972
-40.245922
-40.293022
-40.252220
-40.201435
-40.158443
-40.181458
-40.064568
-40.026287
-40.094814
-40.046589
-40.030548
-40.035854
-39.925495
-39.936203
-39.945278
-39.918907
-39.939636
-39.917030
-39.668858
-39.733814
-39.892296
-39.852901
-39.692856
-39.697983
-39.778751
-39.669083
-39.650574
-39.643318
-39.741734
-39.620682
-39.650600
-39.609695
-39.614254
-39.746384
-39.489944
-39.543621
-39.600723
-39.663605
-39.457951
-39.585510
-39.584255
-39.576263
-39.513657
-39.599373
-39.602249
-39.451603
-39.517437
-39.604504
-39.591526
-39.474842
-39.522831
-39.602280
-39.471451
-39.458801
-39.551701
-39.473438
-39.376457
-39.455082
-39.495506
-39.432011
-39.471878
-39.380165
-39.263107
-39.285442
-39.250538
-39.274712
-39.286709
-39.296032
-39.062542
-39.021030
-39.054771
-39.164352
-38.833641
-38.823074
-38.864189
-38.774143
-38.757519
-38.724480
-38.580700
-38.386772
-38.475105
-38.392567
-38.363636
-38.117508
-38.155350
-37.943302
-37.985264
-37.837154
-37.893723
-37.710892
-37.493202
-37.485298
-37.386124
-37.309998
-37.184799
-37.106918
-37.022579
-36.944267
-36.732220
-36.743065
-36.707954
-36.533108
-36.225155
-36.242676
-36.279480
-36.204887
-36.015797
-35.808422
-35.676609
-35.773983
-35.619160
-35.421314
-35.300602
-35.348309
-35.203426
-35.045418
-35.046032
-34.991009
-34.788254
-34.579788
-34.527527
-34.627399
-34.555511
-34.324711
-34.111652
-34.343967
-34.136173
-33.920078
-33.952702
-34.049244
-33.862652
-33.599255
-33.726830
-33.701298
-33.608650
-33.471470
-33.478561
-33.561157
-33.398563
-33.323135
-33.293053
-33.359421
-33.175049
-33.178146
-33.164104
-33.239590
-33.256260
-33.022461
-33.125313
-33.203152
-33.117081
-33.055058
-33.084629
-33.258095
-33.095444
-33.096451
-33.097294
-33.216190
-33.204975
-33.078903
-33.107273
-33.335983
-33.226475
-33.215649
-33.206863
-33.444462
-33.268269
-33.339561
-33.391247
-33.328968
-33.426548
-33.513630
-33.520905
-33.503883
-33.598698
-33.607330
-33.715782
-33.651726
-33.799870
-33.655300
-33.725948
-33.913193
-33.913013
-33.910210
-33.948338
-34.014198
-34.032944
-34.060131
-34.002476
-34.244350
-34.168175
-34.242237
-34.231556
-34.335392
-34.284191
-34.250465
-34.398788
-34.520828
-34.389145
-34.490456
-34.536705
-34.514400
-34.512905
-34.521057
-34.575863
-34.620590
-34.647861
-34.733486
-34.661701
-34.787880
-34.745037
-34.774204
-34.656338
-34.744125
-34.852386
