Az       (ft/s^2)
-32.510757
-32.574360
-32.560986
-32.450851
-32.540138
-32.494617
-32.508972
-32.461342
-32.510162
-32.440243
-32.528534
-32.489555
-32.517384
-32.358219
-32.554955
-32.483242
-32.487904
-32.377903
-32.447739
-32.381798
-32.453537
-32.574837
-32.494541
-32.362160
-32.415245
-32.375835
-32.412666
-32.478672
-32.429604
-32.417221
-32.462803
-32.545849
-32.434654
-32.334221
-32.374413
-32.492523
-32.447758
-32.382259
-32.454941
-32.402493
-32.512150
-32.439529
-32.437504
-32.361431
-32.481583
-32.473831
-32.538120
-32.649967
-32.481045
-32.384045
-32.443272
-32.605877
-32.601192
-32.514065
-32.525742
-32.513344
-32.568279
-32.522896
-32.533882
-32.599640
-32.575840
-32.519279
-32.625542
-32.690884
-32.533970
-32.472488
-32.518330
-32.644936
-32.610542
-32.600548
-32.520458
-32.665527
-32.711098
-32.542862
-32.616932
-32.638081
-32.624058
-32.490601
-32.737625
-32.632973
-32.721195
-32.498100
-32.747459
-32.657745
-32.581390
-32.605602
-32.833904
-32.750324
-32.724953
-32.770645
-32.729786
-32.924316
-32.728256
-32.711903
-32.804516
-32.836102
-32.811558
-32.921246
-32.889198
-32.682472
-32.930431
-32.877632
-32.918629
-32.885288
-32.907326
-32.864872
-33.087158
-32.814663
-32.722965
-32.869125
-32.987705
-32.840099
-32.835846
-33.003033
-32.893791
-32.822994
-32.879246
-32.980042
-32.896263
-32.961296
-32.905254
-32.860165
-32.905563
-32.825153
-32.843357
-32.846886
-32.841133
-32.991478
-32.675957
-32.853741
-32.865707
-32.861015
-32.636372
-32.942123
-32.942730
-32.746166
-32.667549
-32.739559
-33.026260
-32.660305
-32.758102
-32.656223
-32.962357
-32.658546
-32.654934
-32.868370
-32.840527
-32.912060
-32.555534
-32.819244
-32.938549
-32.772999
-32.581364
-32.835083
-32.975189
-32.702984
-32.712101
-32.714695
-32.835213
-32.781826
-32.801758
-32.760807
-32.741192
-32.764957
-32.879936
-32.881908
-32.788872
-32.816833
-32.937866
-32.784527
-32.843166
-32.844463
-32.909508
-32.677120
-32.744774
-32.955425
-32.909466
-32.810543
-32.673351
-32.833561
-32.895176
-32.921650
-32.813103
-32.873177
-32.932930
-32.864803
-32.957169
-32.989189
-32.806595
-32.742451
-32.909348
-33.006500
-33.039310
-32.887943
-32.863403
-32.995285
-32.855331
-33.042332
-32.957664
-33.061779
-32.962948
-33.081005
-33.142361
-33.212383
-33.244770
-33.128693
-33.140350
-33.424072
-33.317589
-33.131004
-33.362484
-33.528503
-33.285191
-33.293625
-33.279221
-33.388573
-33.381699
-33.386723
-33.370102
-33.358234
-33.305462
-33.239998
-33.354679
-33.476696
-33.217495
-33.480404
-33.301239
-33.283005
-33.318542
-33.320137
-33.331959
-33.394283
-33.321636
-33.347340
-33.280716
-33.385101
-33.229538
-33.316380
-33.178936
-33.538994
-33.284130
-33.130493
-33.336109
-33.299229
-33.369850
-33.211987
-33.302864
-33.396049
-33.377884
-33.300274
-33.352844
-33.348194
-33.295883
-33.383549
-33.409420
-33.360729
-33.213963
-33.533924
-33.406776
-33.426861
-33.208759
-33.384346
-33.472115
-33.340950
-33.504261
-33.413074
-33.386589
-33.419598
-33.434391
-33.264664
-33.504372
-33.381104
-33.350353
-33.445408
-33.409519
-33.450367
-33.198704
-33.288288
-33.368576
-33.352173
-33.258598
-33.222977
-33.399872
-33.263668
-33.184002
-33.158390
-33.319519
-33.216408
-33.145378
-33.215176
-33.340157
-33.298962
-33.109699
-33.121269
-33.204144
-33.276024
-33.161980
-33.177368
-33.311668
-33.249485
-33.179539
-33.217674
-33.303654
-33.199970
-33.197216
-33.128010
-33.350189
-33.348083
-33.198601
-33.131672
-33.269844
-33.252857
-33.190647
-33.288815
-33.286510
-33.155003
-33.241436
-33.306000
-33.263744
-33.242481
-33.311588
-33.265392
-33.313038
-33.262619
-33.349091
-33.330574
-33.253975
-33.257904
-33.323502
-33.412861
-33.287201
-33.213169
-33.272812
-33.425686
-33.286766
-33.196655
-33.290985
-33.361740
-33.280262
-33.451141
-33.393333
-33.286045
-33.106873
-33.270912
-33.521687
-33.338036
-33.239784
-33.277645
-33.468853
-33.248371
-33.375111
-33.379353
-33.428299
-33.090611
-33.382572
-33.508141
-33.380451
-33.258778
-33.266468
-33.402420
-33.529274
-33.275059
-33.113724
-33.447254
-33.443493
-33.350979
-33.246132
-33.345898
-33.465069
-33.278927
-33.358814
-33.333191
-33.544525
-33.319809
-33.249245
-33.269688
-33.617573
-33.421406
-33.248524
-33.397793
-33.420975
-33.251354
-33.400307
-33.465389
-33.558937
-33.380493
-33.430271
-33.437653
-33.538296
-33.314400
-33.289383
-33.398300
-33.573303
-33.479340
-33.384731
-33.329323
-33.459656
-33.565239
-33.405071
-33.331596
-33.374840
-33.474033
-33.480602
-33.404167
-33.420696
-33.484009
-33.375866
-33.392193
-33.326775
-33.446407
-33.350327
-33.526112
-33.317699
-33.494453
-33.349968
-33.439747
-33.326344
-33.415699
-33.407825
-33.395542
-33.346779
-33.404984
-33.476009
-33.342026
-33.455658
-33.315479
-33.369316
-33.343536
-33.365646
-33.504040
-33.333099
-33.381218
-33.387337
-33.449574
-33.290722
-33.303932
-33.309231
-33.595802
-33.285511
-33.461098
-33.307167
-33.473705
-33.237415
-33.346539
-33.335423
-33.378822
-33.332340
-33.304527
-33.283581
-33.359657
-33.439491
-33.182735
-33.354870
-33.164398
-33.451706
-33.255661
-33.456871
-33.371071
-33.224545
-33.308464
-33.317036
-33.299004
-33.297710
-33.186207
-33.303917
-33.274723
-33.226807
-33.213448
-33.359711
-33.213749
-33.088196
-33.337399
-33.310719
-33.191235
-33.117249
-33.328663
-33.226273
-33.276318
-33.133827
-33.186375
-33.219505
-33.256382
-33.226120
-33.043224
-33.023193
-33.103382
-33.108837
-33.280796
-32.979488
-33.154045
-33.085636
-33.160172
-33.011887
-32.956936
-32.969189
-33.018028
-33.035404
-33.019699
-32.976025
-32.994316
-32.794003
-32.974499
-32.966938
-32.884037
-32.846298
-32.942993
-32.823689
-32.875866
-32.829350
-32.858742
-32.708076
-32.693260
-32.856602
-32.815895
-32.710087
-32.778103
-32.690170
-32.752769
-32.658367
-32.706093
-32.606331
-32.600681
-32.519264
-32.589993
-32.661667
-32.637981
-32.567184
-32.395782
-32.421455
-32.576561
-32.569519
-32.468948
-32.376736
-32.399429
-32.743626
-32.451157
-32.436195
-32.292274
-32.510788
-32.432339
-32.541603
-32.452709
-32.523357
-32.390667
-32.386280
-32.349606
-32.519539
-32.404125
-32.366211
-32.460190
-32.441216
-32.450127
-32.482346
-32.394676
-32.388538
-32.368336
-32.495285
-32.552780
-32.220634
-32.458241
-32.424789
-32.393139
-32.294910
-32.476574
-32.460384
-32.460236
-32.236473
-32.390533
-32.407532
-32.431545
-32.332546
-32.257534
-32.339485
-32.366871
-32.455597
-32.225887
-32.326714
-32.401802
-32.310257
-32.203453
-32.392647
-32.421741
-32.270908
-32.209015
-32.324257
-32.394917
-32.287830
-32.203136
-32.277622
-32.403400
-32.323303
-32.183567
-32.298069
-32.450081
-32.260849
-32.260212
-32.282822
-32.256535
-32.157875
-32.353825
-31.986986
-32.396587
-32.200806
-32.113762
-32.126720
-32.249424
-32.182266
-32.041080
-32.189148
-32.127121
-32.126797
-32.164265
-32.202915
-32.023788
-32.092529
-32.098335
-32.053600
-31.970263
-31.943348
-32.026409
-32.058472
-31.830841
-32.073406
-31.947674
-31.990511
-31.854067
-31.937225
-31.897875
-31.868057
-31.979374
-31.824690
-32.003597
-31.784803
-31.796799
-31.802372
-31.832003
-31.765770
-31.979465
-31.741320
-31.633696
-31.748289
-31.793371
-31.800695
-31.556480
-31.716949
-31.724684
-31.607994
-31.662159
-31.668203
-31.620764
-31.624514
-31.617083
-31.546999
-31.655947
-31.447750
-31.657238
-31.592617
-31.522148
-31.344219
-31.612312
-31.651014
-31.506844
-31.408424
-31.487932
-31.528801
-31.566038
-31.286850
-31.528131
-31.436996
-31.414949
-31.361206
-31.481230
-31.474655
-31.403494
-31.242964
-31.444927
-31.458355
-31.451813
-31.256046
-31.400324
-31.489998
-31.373823
-31.352890
-31.259369
-31.566547
-31.371792
-31.378017
-31.384937
-31.399633
-31.426445
-31.368557
-31.410873
-31.429773
-31.400715
-31.433344
-31.503712
-31.437057
-31.489397
-31.392790
-31.488964
-31.434004
-31.585455
-31.458530
-31.436596
-31.384325
-31.680332
-31.351822
-31.440676
-31.526157
-31.530466
-31.265020
-31.484573
-31.627090
-31.530767
-31.346237
-31.422375
-31.441965
-31.446472
-31.521992
-31.453093
-31.416124
-31.371918
-31.467497
-31.453131
-31.228260
-31.638384
-31.349838
-31.495331
-31.267302
-31.420206
-31.389698
-31.378239
-31.529940
-31.253090
-31.428410
-31.319847
-31.427347
-31.442310
-31.295404
-31.442545
-31.474226
-31.369341
-31.493633
-31.400805
-31.349976
-31.546759
-31.580317
-31.303974
-31.406982
-31.554106
-31.533176
-31.582565
-31.437374
-31.511850
-31.545048
-31.547352
-31.450356
-31.691065
-31.664837
-31.515223
-31.572254
-31.432447
-31.661945
-31.698019
-31.675049
-31.441521
-31.547878
-31.716949
-31.584702
-31.582787
-31.665260
-31.448317
-31.510994
-31.631353
-31.674559
-31.462185
-31.525095
-31.450798
-31.709763
-31.478395
-31.475206
-31.610151
-31.604843
-31.457144
-31.340424
-31.576378
-31.409740
-31.379539
-31.488514
-31.473217
-31.430784
-31.259882
-31.299486
-31.283861
-31.397425
-31.387022
-31.147171
-31.517738
-31.156849
-31.309271
-31.181263
-31.194851
-31.363167
-31.089670
-31.098431
-31.146559
-31.286541
-31.111895
-31.043139
-31.197990
-31.025429
-30.901438
-31.129089
-31.128092
-31.115141
-30.885742
-30.897015
-30.950920
-30.983917
-30.913601
-30.769489
-30.836241
-30.839905
-30.631124
-30.835215
-30.742233
-30.638227
-30.691158
-30.660492
-30.685066
-30.695547
-30.616138
-30.575922
-30.491245
-30.542967
-30.557451
-30.579035
-30.496164
-30.232834
-30.628149
-30.301598
-30.524553
-30.386080
-30.326393
-30.447428
-30.447374
-30.473156
-30.226849
-30.419638
-30.494013
-30.178181
-30.378794
-30.349874
-30.492844
-30.410837
-30.198195
-30.325169
-30.395878
-30.292444
-30.308031
-30.347504
-30.294819
-30.331470
-30.258844
-30.376577
-30.333117
-30.461990
-30.184385
-30.349051
-30.251793
-30.405882
-30.354469
-30.300863
-30.326975
-30.366253
-30.269899
-30.401964
-30.417818
-30.293653
-30.423485
-30.396276
-30.580961
-30.240459
-30.409174
-30.599485
-30.343039
-30.473831
-30.405073
-30.574135
-30.405300
-30.568512
-30.488249
-30.489662
-30.549543
-30.519257
-30.531244
-30.593849
-30.313778
-30.674276
-30.529596
-30.536940
-30.539013
-30.687357
-30.509918
-30.358416
-30.541285
-30.746738
-30.526299
-30.638536
-30.559067
-30.583000
-30.479853
-30.639196
-30.699989
-30.481165
-30.526194
-30.584297
-30.699921
-30.728954
-30.498793
-30.449537
-30.751760
-30.553234
-30.611458
-30.549232
-30.806536
-30.427774
-30.521811
-30.711597
-30.708891
-30.625328
-30.601830
-30.440767
-30.632265
-30.563835
-30.613735
-30.572351
-30.620600
-30.592453
-30.609385
-30.568373
-30.508242
-30.787159
-30.515429
-30.489103
-30.665916
-30.788153
-30.494379
-30.598993
-30.421314
-30.810165
-30.566427
-30.454128
-30.555052
-30.674122
-30.550674
-30.482269
-30.651594
-30.671515
-30.491926
-30.505409
-30.385689
-30.756313
-30.851288
-30.297848
-30.653042
-30.670456
-30.556601
-30.450861
-30.603142
-30.800728
-30.540232
-30.495863
-30.581764
-30.675783
-30.745840
-30.448166
-30.535830
-30.697748
-30.592943
-30.565624
-30.657101
-30.634495
-30.594040
-30.471527
-30.724316
-30.448591
-30.764986
-30.536070
-30.524916
-30.605398
-30.687187
-30.567732
-30.469187
-30.541134
-30.790152
-30.529352
-30.558008
-30.561665
-30.667961
-30.554237
-30.497330
-30.595770
-30.762688
-30.743097
-30.496128
-30.584850
-30.775103
-30.536922
-30.695127
-30.700317
-30.506245
-30.699945
-30.519678
-30.776489
-30.604137
-30.580889
-30.572168
-30.656937
-30.785933
-30.618721
-30.826426
-30.614496
-30.590782
-30.828182
-30.788919
-30.515944
-30.769104
-30.648445
-30.821674
-30.756418
-30.726471
-30.582018
-30.767340
-30.841059
-30.568802
-30.789063
-30.753220
-30.798935
-30.646093
-30.738134
-30.816626
-30.745636
-30.562563
-30.917141
-30.723328
-30.885569
-30.687639
-30.771908
-30.845499
-30.804152
-30.895498
-30.870466
-30.723715
-30.926394
-30.802561
-30.981361
-31.005564
-30.711836
-30.865360
-30.761473
-31.069117
-30.859585
-30.859905
-31.148539
-30.766939
-30.954906
-30.949875
-31.130533
-30.846449
-31.008022
-30.960827
-31.139223
-31.128183
-31.126125
-31.085352
-31.071054
-30.978252
-31.189636
-31.262005
-31.123209
-31.134224
-31.163073
-31.189281
-31.150248
-31.142902
-31.325613
-31.193451
-31.110218
-31.115582
-31.332663
-31.374289
-30.943474
-31.155447
-31.316790
-31.480398
-31.195202
-31.249990
-31.501616
-31.418331
-31.197458
-31.460663
-31.511799
-31.526976
-31.359463
-31.330332
-31.673182
-31.509014
-31.694454
-31.501589
-31.499975
-31.788445
-31.822552
-31.883875
-31.811502
-31.907583
-31.894947
-31.903214
-32.054234
-32.218285
-32.150875
-32.076225
-32.039104
-32.435619
-32.315353
-32.220432
-32.336067
-32.293781
-32.865505
-32.495308
-32.642296
-32.727444
-32.656284
-32.792885
-32.810101
-33.119705
-32.944054
-32.936649
-32.870975
-33.285496
-33.469322
-33.114983
-33.171993
-33.324646
-33.428921
-33.488197
-33.838551
-33.520279
-33.838848
-33.764370
-33.821541
-34.090553
-33.932011
-34.210545
-34.174557
-34.320580
-34.214119
-34.456738
-34.604015
-34.458344
-34.828304
-34.723633
-34.801800
-34.956005
-35.050453
-35.141693
-35.152500
-35.350086
-35.468201
-35.567787
-35.585960
-35.755421
-35.876484
-35.910831
-35.973026
-36.246262
-36.220234
-36.335644
-36.344070
-36.428837
-36.706730
-36.638512
-36.782780
-36.857231
-36.992222
-37.129585
-37.176094
-37.316856
-37.482193
-37.463509
-37.699043
-37.537819
-37.897751
-37.920216
-37.893349
-38.304482
-38.098595
-38.098248
-38.262058
-38.307766
-38.562199
-38.279202
-38.508289
-38.712341
-38.709335
-38.752243
-38.923271
-38.984528
-38.718769
-39.145168
-39.327835
-39.230759
-39.244556
-39.375340
-39.449402
-39.450394
-39.553055
-39.560524
-39.694431
-39.690945
-39.680466
-39.913498
-40.033779
-39.798584
-40.005539
-40.154865
-40.179653
-40.144169
-40.244370
-40.293518
-40.475517
-40.279140
-40.633190
-40.357170
-40.622738
-40.799709
-40.643925
-40.742802
-40.690117
-40.847961
-40.896217
-40.930393
-41.050842
-41.096722
-41.146030
-41.134262
-41.125526
-41.306686
-41.392574
-41.619389
-41.250168
-41.661846
-41.791672
-41.858383
-41.648842
-41.761368
-41.909786
-42.186428
-42.234535
-42.111687
-42.143600
-42.333565
-42.453449
-42.377956
-42.506359
-42.567406
-42.738846
-42.644802
-42.710167
-43.095871
-42.855766
-43.064655
-42.938488
-43.250973
-43.457081
-43.358414
-43.422600
-43.294353
-43.691814
-43.501034
-43.792728
-43.906197
-43.974785
-43.843884
-44.028763
-44.180893
-44.231701
-44.138420
-44.420906
-44.581635
-44.395157
-44.562126
-44.802731
-44.802471
-44.764118
-44.759220
-45.041622
-45.030342
-45.147030
-45.057610
-45.234749
-45.415638
-45.299141
-45.612995
-45.507000
-45.530308
-45.585106
-45.745949
-45.897762
-45.648308
-45.893307
-46.181911
-45.845562
-46.066574
-46.067554
-46.324463
-46.129154
-46.184414
-46.317566
-46.462009
-46.493992
-46.419849
-46.639385
-46.559719
-46.452557
-46.678616
-46.644341
-46.742058
-46.939091
-46.654865
-46.826008
-47.039963
-46.865547
-46.862427
-46.985733
-47.203621
-47.097931
-47.063084
-47.099598
-47.109039
-47.253216
-47.124424
-47.264683
-47.317116
-47.206165
-47.375534
-47.263260
-47.389412
-47.350586
-47.421577
-47.453392
-47.478321
-47.477715
-47.504536
-47.504539
-47.557312
-47.586098
-47.676914
-47.564663
-47.600651
-47.631763
-47.622223
-47.828857
-47.628399
-47.593704
-47.694859
-47.871254
-47.754677
-47.726505
-47.978535
-47.861446
-47.670849
-47.858410
-48.035889
-48.208206
-47.824486
-47.907818
-48.040569
-48.199627
-48.079124
-48.086464
-48.112095
-48.401283
-48.222698
-48.138161
-48.430725
-48.564251
-48.482811
-48.225941
-48.710587
-48.590103
-48.524422
-48.602867
-48.711121
-48.827404
-48.733414
-48.800808
-48.726208
-48.949062
-49.148857
-48.869583
-49.036938
-49.088634
-49.192940
-49.097294
-49.174545
-49.461075
-49.296364
-49.305149
-49.527660
-49.465401
-49.605961
-49.585075
-49.652504
-49.648361
-49.715012
-49.796673
-49.752468
-50.017021
-49.933186
-50.058094
-50.011841
-50.069553
-50.166847
-50.317265
-50.241348
-50.396484
-50.414940
-50.479267
-50.365650
-50.648396
-50.697475
-50.593311
-50.728626
-50.831406
-50.862396
-51.089218
-51.018940
-50.939034
-51.078396
-51.244381
-51.174416
-51.303093
-51.443874
-51.454491
-51.403648
-51.430214
-51.600792
-51.722076
-51.687332
-51.787853
-51.744160
-51.836121
-51.947430
-51.905155
-52.136662
-52.049255
-52.050568
-52.238274
-52.266891
-52.401508
-52.158371
-52.485268
-52.576969
-52.615150
-52.508060
-52.543785
-52.929874
-52.694302
-52.874115
-52.830734
-52.831669
-53.088467
-53.149933
-53.319347
-52.964184
-53.361206
-53.377831
-53.457607
-53.399456
-53.569241
-53.603352
-53.672920
-53.623711
-53.918407
-53.936886
-53.872547
-53.948120
-54.078743
-54.362976
-54.310226
-54.284222
-54.424904
-54.481056
-54.749142
-54.652088
-54.988377
-54.858650
-54.952000
-55.112759
-55.181969
-55.457661
-55.313999
-55.451260
-55.573238
-55.650108
-55.846722
-55.777256
-56.028511
-56.005234
-56.105442
-56.302982
-56.300236
-56.514172
-56.249626
-56.556393
-56.673519
-56.835983
-56.637714
-56.699684
-57.011898
-57.142403
-57.058243
-57.104454
-57.215477
-57.242680
-57.407982
-57.447216
-57.527538
-57.615868
-57.554070
-57.738960
-57.822792
-57.933548
-57.679184
-57.932789
-58.047192
-58.034431
-58.201469
-58.049034
-58.206852
-58.262592
-58.370457
-58.399567
-58.324551
-58.590363
-58.353439
-58.661179
-58.566845
-58.648865
-58.665619
-58.767113
-58.828362
-58.724644
-58.881241
-58.910416
-58.827900
-59.006878
-59.081638
-59.214375
-58.938240
-59.197044
-59.169098
-59.164635
-59.262127
-59.338879
-59.445122
-59.321819
-59.349781
-59.462219
-59.570175
-59.518177
-59.544544
-59.586380
-59.594215
-59.569798
-59.883255
-59.810715
-59.695900
-59.771564
-59.759083
-59.959938
-59.956505
-59.896259
-59.992371
-60.096066
-60.194618
-60.146606
-60.148502
-60.175083
-60.062561
-60.408588
-60.348949
-60.391640
-60.394379
-60.555225
-60.453087
-60.550804
-60.671860
-60.451050
-60.583488
-60.700394
-60.777672
-60.792187
-60.806683
-60.946220
-60.808025
-60.699905
-61.009361
-61.051666
-61.139290
-60.734219
-61.189835
-61.117863
-61.247730
-61.205307
-61.072681
-61.391197
-61.272907
-61.468815
-61.447369
-61.523209
-61.442474
-61.439808
-61.607468
-61.791519
-61.579762
-61.701424
-61.772964
-61.923000
-61.744080
-61.876434
-61.904930
-61.983227
-61.933880
-62.137825
-62.118233
-62.255219
-61.990677
-62.277473
-62.143055
-62.271713
-62.271854
-62.394608
-62.483147
-62.390331
-62.500881
-62.374786
-62.658009
-62.586624
-62.455853
-62.641781
-62.709690
-62.920425
-62.607021
-62.872189
-62.819088
-62.809429
-63.016331
-62.804222
-62.983822
-63.106895
-63.083267
-62.989391
-63.100681
-63.255978
-63.143963
-63.222233
-63.242050
-63.210396
-63.301815
-63.244118
-63.498051
-63.260532
-63.487480
-63.494537
-63.417702
-63.500946
-63.495373
-63.529892
-63.407681
-63.619072
-63.578579
-63.467426
-63.511639
-63.689835
-63.598904
-63.588352
-63.609409
-63.677849
-63.584675
-63.580250
-63.613323
-63.742847
-63.659534
-63.497322
-63.788864
-63.588158
-63.619045
-63.560085
-63.600338
-63.739330
-63.607418
-63.632244
-63.557102
-63.673119
-63.510963
-63.245277
-63.690628
-63.457436
-63.455662
-63.294830
-63.534130
-63.467686
-63.425938
-63.174950
-63.169643
-63.473362
-63.343357
-63.175102
-63.327362
-63.311596
-63.149731
-63.118126
-63.191967
-63.222458
-63.067993
-62.961010
-63.206577
-63.034256
-63.152821
-62.863808
-63.086861
-63.019855
-62.977856
-62.909843
-62.927429
-63.180305
-62.848572
-62.951077
-62.798351
-62.848389
-63.024872
-62.886082
-62.880592
-62.736847
-62.931881
-62.776886
-62.735863
-62.915646
-62.862103
-62.908905
-62.648006
-62.890053
-62.896488
-62.729282
-62.788925
-62.718685
-62.958771
-62.862595
-62.752842
-62.781368
-62.849792
-62.868225
-62.802441
-62.776287
-62.845665
-62.860626
-62.800842
-62.829922
-62.995499
-62.792313
-62.754147
-62.814152
-62.898109
-62.837463
-62.837486
-62.798908
-62.962585
-62.740765
-62.946896
-62.755142
-62.811443
-62.866013
-62.832703
-62.872669
-62.675991
-62.805706
-62.901306
-62.823021
-62.690746
-62.624748
-62.865234
-62.604954
-62.803562
-62.744457
-62.618580
-62.615227
-62.617508
-62.871086
-62.504814
-62.481060
-62.545387
-62.457489
-62.718292
-62.437599
-62.411186
-62.300365
-62.625286
-62.383804
-62.372681
-62.347122
-62.316288
-62.178547
-62.230473
-62.289909
-62.323143
-61.989025
-62.231709
-62.053925
-62.123268
-62.166412
-61.948841
-61.952545
-62.017155
-62.074238
-62.011169
-61.972092
-61.971828
-61.755817
-61.946865
-61.843632
-61.854160
-61.873890
-61.785122
-61.773354
-61.805977
-61.850361
-61.855938
-61.575119
-61.880241
-61.787251
-61.724468
-61.826035
-61.828300
-61.853409
-61.832489
-61.868515
-61.675095
-61.722065
-61.855652
-61.751289
-61.937576
-61.771770
-61.838451
-61.764290
-61.839199
-62.040710
-61.751884
-61.852623
-61.827553
-61.832207
-62.097401
-61.871349
-62.010757
-61.962948
-62.026287
-61.952633
-61.907028
-61.989204
-61.929577
-62.094177
-62.077187
-62.046650
-62.133770
-62.043774
-62.122498
-62.059978
-62.087990
-62.211590
-62.123524
-62.193428
-62.217876
-62.249748
-62.139812
-62.096287
-62.245384
-62.294701
-62.295979
-62.040241
-62.274590
-62.208271
-62.293537
-62.120758
-62.203056
-62.256348
-62.216843
-62.070610
-62.266045
-62.170441
-62.236828
-62.052185
-62.294064
-62.180889
-62.093262
-61.973629
-62.132217
-62.210487
-62.181492
-61.831421
-62.098843
-62.242012
-61.897594
-61.895351
-62.033997
-62.274036
-61.862007
-62.007660
-61.902161
-62.157261
-62.079391
-61.796234
-61.969097
-62.053253
-61.955856
-61.853642
-62.036072
-62.178200
-61.836884
-61.839581
-61.987682
-62.087658
-61.995777
-61.645332
-61.966530
-61.987621
-62.145504
-61.815582
-61.994213
-62.029057
-61.911457
-61.951839
-61.905056
-62.011848
-62.034729
-61.960709
-61.969902
-61.897774
-61.991627
-61.862568
-62.001705
-62.026546
-62.034725
-62.044823
-61.833328
-62.052238
-61.940876
-62.021778
-62.053318
-61.906170
-61.895355
-62.040730
-62.065517
-61.979679
-61.922676
-61.873604
-62.072380
-61.995090
-62.091305
-61.739338
-61.970108
-61.969280
-61.988655
-61.844517
-61.893242
-61.969433
-61.907700
-62.044743
-61.909851
-61.809097
-61.910912
-61.909756
-61.950893
-61.997631
-61.936420
-61.874706
-61.786022
-61.946602
-62.007229
-61.967567
-61.841717
-61.892227
-61.920139
-61.798084
-61.841522
-61.800014
-61.831860
-61.749767
-61.914063
-61.875504
-61.703247
-61.924446
-61.936111
-61.794758
-61.910664
-61.900791
-61.880795
-61.908936
-61.791981
-61.910919
-61.820896
-61.967587
-61.672863
-61.703094
-61.895519
-61.819603
-61.728252
-61.644775
-61.954723
-61.834980
-61.708035
-61.833668
-61.923538
-62.027828
-61.605282
-61.721989
-61.912937
-61.873875
-61.647423
-61.694759
-61.751087
-61.862225
-61.819565
-61.679817
-61.787228
-61.938862
-62.085426
-61.783184
-61.824722
-61.794781
-62.100422
-61.780518
-61.917496
-62.086151
-62.023479
-61.967083
-61.893127
-61.904697
-62.049484
-61.897377
-61.959064
-61.962204
-62.013359
-61.929745
-61.966743
-62.174828
-61.832886
-61.927280
-61.953003
-61.998981
-61.888233
-61.749454
-62.036797
-61.886150
-61.856617
-61.841251
-61.847610
-61.985298
-61.785934
-61.793648
-61.781490
-61.887794
-61.908401
-61.731449
-61.966461
-61.656845
-61.650658
-61.777752
-61.817673
-61.746250
-61.557018
-61.744041
-61.755985
-61.817928
-61.664516
-61.694534
-61.750813
-61.676243
-61.728310
-61.813515
-61.674660
-61.660271
-61.838657
-61.884571
-61.549610
-61.576046
-61.745289
-61.684639
-61.775246
-61.607178
-61.754219
-61.773903
-61.719261
-61.508492
-61.595081
-61.966595
-61.684689
-61.650967
-61.812435
-61.706772
-61.872555
-61.673862
-61.938046
-61.810051
-61.774441
-61.838387
-61.852642
-61.868309
-61.650543
-61.858212
-61.897797
-61.834934
-61.828220
-61.787220
-61.964306
-61.653675
-61.854107
-61.847183
-61.836349
-61.871948
-61.863274
-61.946903
-61.812401
-61.733978
-61.836182
-61.838943
-61.977631
-61.717426
-61.984081
-61.854553
-61.941620
-61.807922
-61.806557
-61.989212
-61.926975
-61.878525
-62.008137
-62.105839
-61.966629
-61.880322
-62.137901
-62.142933
-61.861172
-61.959999
-62.033394
-62.259892
-62.010651
-61.931458
-62.189358
-62.134209
-62.029766
-62.036388
-62.133118
-62.309418
-62.135460
-62.117264
-62.089794
-62.334354
-62.084007
-62.140766
-62.331573
-62.325748
-62.064728
-62.098927
-62.290764
-62.315098
-62.226151
-62.262699
-62.243114
-62.404819
-62.323154
-62.264637
-62.416920
-62.260494
-62.313934
-62.245949
-62.504246
-62.413460
-62.269981
-62.420506
-62.353054
-62.360695
-62.245995
-62.314663
-62.526081
-62.305923
-62.427032
-62.133541
-62.395504
-62.475002
-62.395901
-62.284367
-62.299950
-62.496601
-62.412937
-62.446491
-62.406273
-62.373753
-62.473900
-62.364563
-62.448101
-62.539055
-62.571163
-62.520111
-62.460712
-62.541534
-62.624321
-62.579006
-62.437866
-62.473320
-62.665977
-62.664303
-62.472672
-62.599480
-62.615711
-62.752232
-62.447311
-62.535873
-62.635937
-62.520786
-62.703255
-62.701111
-62.640026
-62.466782
-62.545979
-62.687065
-62.643723
-62.621346
-62.498005
-62.459473
-62.517128
-62.532688
-62.555508
-62.500912
-62.467209
-62.498749
-62.317146
-62.456375
-62.501904
-62.344311
-62.441128
-62.470295
-62.441700
-62.420654
-62.249268
-62.321949
-62.251102
-62.489697
-62.167770
-62.260105
-62.178093
-62.384960
-62.214176
-62.017750
-62.355782
-62.128025
-61.992985
-62.146931
-62.088028
-62.072609
-61.997131
-62.020794
-62.126343
-61.903358
-62.020557
-62.021717
-62.013287
-62.040989
-61.929031
-62.012878
-62.069740
-62.089970
-61.959965
-61.959587
-62.205620
-62.076855
-62.078636
-62.021023
-62.110874
-62.125874
-62.158302
-62.340366
-62.190186
-62.124184
-62.292862
-62.419239
-62.291256
-62.190479
-62.354984
-62.333176
-62.482643
-62.440491
-62.502106
-62.357479
-62.295452
-62.537064
-62.602058
-62.398365
-62.483562
-62.558506
-62.501289
-62.572216
-62.421951
-62.648727
-62.449120
-62.553200
-62.580925
-62.754902
-62.737999
-62.398003
-62.729275
-62.803158
-62.777607
-62.713963
-62.695499
-62.851112
-62.880955
-62.955303
-62.758934
-62.924725
-62.990028
-62.922539
-62.881382
-63.113331
-63.115673
-62.895519
-63.085640
-63.194511
-63.318123
-63.165451
-63.158016
-63.347614
-63.367939
-63.310074
-63.532558
-63.559105
-63.488396
-63.565140
-63.524597
-63.661316
-63.605247
-63.743130
-63.740662
-63.634872
-63.834297
-63.731075
-63.825386
-63.898849
-63.965183
-63.846729
-63.841324
-64.084885
-64.014137
-64.008781
-63.974987
-64.093109
-64.178848
-64.240456
-64.040817
-64.056908
-64.274040
-64.080231
-64.288780
-64.180779
-64.353065
-64.257988
-64.437752
-64.366074
-64.285995
-64.433655
-64.477013
-64.468941
-64.579613
-64.563316
-64.556633
-64.524620
-64.698021
-64.593613
-64.829048
-64.642311
-64.703712
-64.716133
-64.840034
-64.910210
-64.754425
-64.975937
-64.744804
-64.923347
-64.850655
-65.039848
-64.870422
-64.928398
-64.897385
-64.994621
-65.137489
-64.850815
-65.030533
-65.011772
-65.102135
-65.031975
-65.095963
-65.061172
-64.931244
-65.163292
-65.192337
-65.180077
-65.154877
-65.181587
-65.054214
-64.985573
-65.329033
-65.293991
-65.311226
-65.101768
-65.301140
-65.442352
-65.360046
-65.315025
-65.294144
-65.454712
-65.481865
-65.482391
-65.463715
-65.406410
-65.647751
-65.499237
-65.539253
-65.446365
-65.615601
-65.554436
-65.597221
-65.779083
-65.758072
-65.560257
-65.471489
-65.825684
-65.695396
-65.674774
-65.556770
-65.722473
-65.732651
-65.586945
-65.742744
-65.637451
-65.578011
-65.500206
-65.641586
-65.667442
-65.651703
-65.530861
-65.586647
-65.588165
-65.441505
-65.453461
-65.614288
-65.531868
-65.473694
-65.551910
-65.537964
-65.293442
-65.262833
-65.264130
-65.354965
-65.203293
-65.134743
-65.053131
-64.826210
-64.812500
-64.795036
-64.786934
-64.577522
-64.546806
-64.720184
-64.688652
-64.514870
-64.450089
-64.469460
-64.569031
-64.483284
-64.556976
-64.511818
-64.579659
-64.391235
-64.457962
-64.408722
-64.401939
-64.379944
-64.411186
-64.472046
-64.387100
-64.540939
-64.453369
-64.341263
-64.613640
-64.505997
-64.588585
-64.498375
-64.582405
-64.433815
-64.464523
-64.556541
-64.247002
-64.540833
-64.388687
-64.508331
-64.298386
-64.443283
-64.472984
-64.376938
-64.468712
-64.421478
-64.538811
-64.501778
-64.493828
-64.492561
-64.464485
-64.426987
-64.320656
-64.504097
-64.366982
-64.365456
-64.339104
-64.259407
-64.499924
-64.248360
-64.248917
-64.178230
-64.368988
-64.361191
-64.261978
-64.300247
-64.262390
-64.341621
-64.155426
-64.164185
-64.207306
-64.219467
-64.265961
-64.110123
-64.263771
-64.221420
-64.279778
-64.312111
-64.222221
-64.335083
-64.381699
-64.475822
-64.388916
-64.395752
-64.435356
-64.563148
-64.688286
-64.505142
-64.701485
-64.538582
-64.890106
-64.841942
-64.797668
-64.961655
-65.053131
-65.226952
-65.146988
-65.350204
-65.470779
-65.477287
-65.411034
-65.404358
-65.775124
-65.559105
-65.584396
-65.611717
-65.792473
-65.710228
-65.577370
-65.759712
-65.637566
-65.806702
-65.619637
-66.003075
-65.802513
-65.900459
-65.893951
-65.933029
-66.098671
-65.880592
-66.055374
-65.983177
-66.301620
-66.135887
-66.004738
-66.116714
-66.242203
-66.132759
-66.099777
-66.415245
-66.339081
-66.200195
-66.256355
-66.186852
-66.373169
-66.393463
-66.407478
-66.324036
-66.411674
-66.281281
-66.316925
-66.734695
-66.456795
-66.299866
-66.174423
-66.355545
-66.217323
-66.076309
-66.093666
-66.041290
-66.228790
-66.264404
-66.153625
-66.245499
-66.225052
-66.118797
-66.183052
-66.470551
-66.309044
-66.215271
-66.233192
-66.247025
-66.332916
-66.208252
-66.174713
-66.116066
-66.395042
-66.303360
-66.267815
-66.298996
-66.197403
-66.351311
-66.496826
-66.433189
-66.179039
-66.346809
-66.429588
-66.377350
-66.287964
-66.189049
-66.438530
-66.423843
-66.462234
-66.251068
-66.349060
-66.435455
-66.476555
-66.395874
-66.622597
-66.512657
-66.493546
-66.526337
-66.518761
-66.467369
-66.447296
-66.465294
-66.351326
-66.637474
-66.493515
-66.520546
-66.461884
-66.770668
-66.474777
-66.597610
-66.686844
-66.767586
-66.689659
-66.783226
-66.905205
-66.768356
-66.787827
-66.869629
-66.774643
-66.718208
-66.941322
-67.016632
-66.975983
-67.158768
-67.016724
-66.866539
-66.836266
-67.174400
-67.010864
-66.927139
-67.049110
-66.999138
-67.126633
-66.826477
-66.822418
-66.733421
-66.739738
-66.951958
-66.960388
-66.852509
-66.704048
-66.687874
-66.600159
-66.640808
-66.735451
-66.710571
-66.681023
-66.691467
-66.781494
-66.550369
-66.339676
-66.056412
-66.026558
-66.211555
-66.350471
-66.277084
-65.974594
-65.957436
-66.089088
-66.429207
-66.618309
-66.347374
-66.372841
-66.527367
-66.678329
-66.531952
-66.525887
-66.544617
-66.463440
-66.601295
-66.646873
-66.470306
-66.261360
-66.227966
-66.426491
-66.603683
-66.601112
-66.348557
-66.278908
-66.676224
-66.664925
-66.613113
-66.472015
-66.557487
-66.615959
-66.489006
-66.244644
-66.223862
-66.177551
-66.026962
-66.047523
-66.243950
-66.277405
-65.763542
-65.881386
-66.046463
-65.913742
-65.958374
-66.044548
-65.920990
-65.819122
-66.077736
-66.020699
-66.134071
-65.897827
-65.756981
-65.841850
-65.940926
-65.893951
-65.706802
-66.039467
-66.140762
-66.239639
-66.253685
-66.417450
-66.474731
-66.583397
-66.773811
-66.646797
-66.538399
-66.661736
-66.678947
-66.397926
-66.255333
-66.097290
-66.092819
-66.122086
-65.923119
-65.834496
-65.760612
-65.780396
-65.724968
-65.870621
-65.899933
-65.775993
-66.001099
-66.059860
-66.210625
-66.265526
-66.417389
-66.514656
-66.424637
-66.518280
-66.697388
-67.092796
-67.046448
-66.777397
-66.796089
-66.713585
-66.695442
-66.828362
-66.924278
-66.715492
-66.680389
-66.495552
-66.436295
-66.707596
-66.885864
-66.577278
-66.602127
-66.588387
-66.632416
-66.618240
-66.666023
-66.527405
-66.375893
-66.538368
-66.529152
-66.431770
-66.379562
-66.228012
-66.191078
-66.157936
-66.081520
-65.973953
-66.055420
-66.376373
-66.177666
-66.065529
-66.193985
-66.345230
-66.385132
-66.266327
-66.335518
-66.280991
-66.290749
-66.091560
-66.253906
-66.285652
-66.249199
-65.958794
-66.012939
-66.210693
-66.246613
-66.219254
-66.163330
-66.229134
-66.346886
-66.318062
-66.281204
-66.279793
-66.412422
-66.267967
-66.235519
-66.244415
-66.262459
-66.256149
-66.022064
-65.944511
-65.862839
-65.843414
-65.841240
-66.008347
-65.844841
-65.804558
-65.773788
-65.723747
-65.666420
-65.750557
-65.917793
-65.793335
-65.622437
-65.698814
-65.660873
-65.540413
-65.360558
-65.241425
-65.326454
-65.345085
-65.452560
-65.241058
-65.129501
-65.238808
-65.151260
-65.061005
-65.079872
-65.131340
-65.194649
-65.064575
-65.053673
-64.940018
-64.950279
-64.906570
-64.873764
-64.838669
-64.749954
-64.748314
-64.731537
-64.720322
-64.614479
-64.534744
-64.691071
-64.462700
-64.498413
-64.485123
-64.650970
-64.503166
-64.406738
-64.366730
-64.499924
-64.407059
-64.210953
-64.341492
-64.407722
-64.283249
-64.232132
-64.235703
-64.282181
-64.232590
-64.080482
-64.194733
-64.189468
-64.130058
-64.077904
-64.043922
-64.058296
-63.985558
-63.967022
-63.910595
-63.868587
-63.854340
-63.834896
-63.926300
-63.798695
-63.805202
-63.771313
-63.905300
-63.792419
-63.757885
-63.933052
-63.873077
-63.721745
-63.805588
-63.910038
-63.756546
-63.793617
-63.774918
-63.763168
-63.741150
-63.676384
-63.759075
-63.708782
-63.810081
-63.820572
-63.724693
-63.795116
-63.934891
-63.884045
-63.908173
-63.943645
-63.856766
-64.098007
-63.980064
-63.918461
-63.877666
-63.967739
-63.954338
-63.867886
-63.835007
-63.709774
-63.472992
-63.452251
-63.367126
-63.425041
-63.272537
-63.354534
-63.303249
-63.314754
-63.270302
-63.253132
-63.097599
-63.207405
-63.312878
-63.130989
-63.107803
-63.249924
-63.107735
-62.924892
-62.933453
-62.937771
-63.006660
-62.904743
-62.725780
-62.748646
-62.952339
-63.007496
-62.995472
-62.799503
-62.821640
-62.719967
-63.251884
-63.202118
-63.092907
-63.113174
-62.968506
-62.666698
-62.910549
-62.909889
-62.808651
-62.508305
-62.269611
-61.819164
-61.888809
-61.865246
-61.968098
-61.968601
-61.722080
-61.617580
-61.780903
-62.060139
-62.211426
-62.470467
-62.329597
-62.380871
-61.993343
-62.170135
-62.411587
-62.289207
-61.931450
-61.518639
-61.312313
-61.139236
-61.026810
-60.941013
-61.189175
-61.036865
-61.025799
-61.209583
-61.401581
-61.607975
-61.742538
-61.580204
-61.770840
-62.041542
-62.053280
-61.863354
-61.842991
-61.850342
-61.456173
-61.564751
-61.551224
-61.303577
-61.254681
-61.410938
-61.661991
-61.744022
-61.715946
-61.762493
-61.984215
-62.156158
-62.139618
-62.013504
-61.933651
-62.023888
-61.902149
-61.671059
-61.435455
-61.550415
-61.435635
-61.373356
-61.542305
-61.670475
-61.535679
-61.483376
-61.709534
-61.650143
-61.614113
-61.670486
-61.739853
-61.725933
-61.416248
-61.370152
-61.220688
-61.272873
-61.178135
-61.377842
-61.355927
-61.272507
-61.228188
-61.169903
-61.182522
-61.104015
-61.059147
-60.876419
-60.744583
-60.903988
-60.869541
-60.430443
-60.112328
-60.215557
-59.868374
-59.808990
-59.537964
-59.630257
-59.688690
-59.507236
-59.443176
-59.706848
-59.880184
-59.498474
-59.489033
-59.642448
-59.551662
-59.501026
-59.377850
-59.552540
-59.426334
-59.571945
-59.420380
-59.401169
-59.010365
-58.890800
-59.138008
-59.263802
-59.532578
-59.263386
-59.260384
-59.332180
-59.325878
-59.153561
-59.003235
-59.060452
-59.176964
-58.998543
-59.068470
-59.053085
-59.061275
-58.952324
-58.942631
-59.050404
-59.055752
-59.032406
-59.040524
-59.120823
-59.078815
-59.099300
-58.948639
-58.973438
-59.019703
-58.953548
-58.903927
-58.759895
-58.820553
-58.903561
-58.895054
-58.856659
-58.853706
-58.855469
-58.914845
-58.759537
-58.866184
-58.835670
-58.914997
-58.796101
-58.909389
-58.817543
-58.916138
-58.772747
-58.798779
-58.949188
-58.791344
-58.639950
-58.638210
-58.887131
-58.778606
-58.679325
-58.801834
-58.799503
-58.699429
-58.438965
-58.377480
-58.396225
-58.397312
-58.077793
-58.040016
-58.053509
-57.849991
-57.985428
-57.911030
-57.808750
-57.580849
-57.540222
-57.466133
-57.589188
-57.747944
-57.705338
-57.619007
-57.460159
-57.418362
-57.292469
-57.324184
-57.270844
-57.135052
-57.123631
-57.202560
-56.865120
-56.819038
-56.795914
-56.716145
-56.523540
-56.594570
-56.598938
-56.495331
-56.074665
-56.080139
-55.991665
-55.827007
-55.547329
-55.342575
-55.290356
-55.047459
-54.930637
-54.565540
-54.463619
-54.279282
-54.207447
-53.873978
-53.747704
-53.660717
-53.398335
-53.165989
-52.958515
-52.864922
-52.467224
-52.193836
-51.969109
-51.757572
-51.457272
-51.192818
-50.832027
-50.547977
-50.365555
-49.939838
-49.716621
-49.409264
-49.103260
-48.709393
-48.504154
-48.184555
-47.756096
-47.396500
-47.190411
-46.822861
-46.428181
-46.010437
-45.687691
-45.372387
-44.868267
-44.531960
-44.303608
-43.911724
-43.476780
-43.153637
-42.823254
-42.488598
-42.070789
-41.616863
-41.383560
-40.873695
-40.419182
-40.191963
-39.849430
-39.404667
-38.993034
-38.564636
-38.223141
-37.888584
-37.498764
-37.037605
-36.797665
-36.446209
-36.047131
-35.497448
-35.328320
-34.913532
-34.544525
-34.107098
-33.803005
-33.495567
-33.022217
-32.648853
-32.364948
-31.993530
-31.634672
-31.115307
-30.847614
-30.579176
-30.188416
-29.747513
-29.537279
-29.158167
-28.855186
-28.447260
-28.147945
-27.937078
-27.586519
-27.148296
-26.847496
-26.829882
-26.424980
-26.092577
-25.723135
-25.546566
-25.304811
-24.967939
-24.911074
-24.490812
-24.293880
-23.931511
-23.790543
-23.546406
-23.316761
-23.085022
-22.827909
-22.611643
-22.526993
-22.203411
-22.003984
-21.765364
-21.647858
-21.347160
-21.139833
-20.882402
-20.695993
-20.439417
-20.190151
-19.930729
-19.721786
-19.633289
-19.167826
-19.002115
-18.874245
-18.679441
-18.301615
-18.086960
-17.989513
-17.678125
-17.284904
-17.201965
-17.043787
-16.776049
-16.432987
-16.289654
-16.078554
-15.835731
-15.547743
-15.282746
-15.067366
-14.927342
-14.584690
-14.441003
-14.198381
-13.890035
-13.612269
-13.491160
-13.215195
-13.028708
-12.733300
-12.538338
-12.241726
-12.072924
-11.885517
-11.677530
-11.479520
-11.245857
-11.051903
-10.843712
-10.628969
-10.382013
-10.188819
-9.968426
-9.740249
-9.592045
-9.332311
-9.215199
-9.034113
-8.757327
-8.565735
-8.518085
-8.441724
-8.228725
-8.120649
-7.968131
-7.697576
-7.520144
-7.374620
-7.191998
-7.142549
-6.856971
-6.643128
-6.537295
-6.298668
-6.115287
-5.843204
-5.668976
-5.621421
-5.526296
-5.493011
-5.383941
-5.227325
-4.986278
-5.143435
-5.093822
-5.119827
-4.941173
-4.925574
-4.866068
-4.795646
-4.797963
-4.679943
-4.645842
-4.569324
-4.518185
-4.562529
-4.525471
-4.530602
-4.379739
-4.392115
-4.420581
-4.528901
-4.483158
-4.459155
-4.407290
-4.391801
-4.460924
-4.393997
-4.337973
-4.355717
-4.348830
-4.292085
-4.299258
-4.299221
-4.297652
-4.298748
-4.221746
-4.222999
-4.256715
-4.205233
-4.230042
-4.245893
-4.256279
-4.203622
-4.175157
-4.095004
-4.056851
-4.114049
-4.013828
-4.109702
-4.111495
-4.028636
-3.908684
-4.053926
-3.938903
-3.897014
-3.881101
-3.918551
-3.821522
-3.837364
-3.786766
-3.783940
-3.635432
-3.587396
-3.553529
-3.537222
-3.516877
-3.398265
-3.322871
-3.289623
-3.285785
-3.140531
-3.065833
-3.072620
-3.067088
-2.890044
-2.806919
-2.743641
-2.828848
-2.684025
-2.549762
-2.523087
-2.552589
-2.397954
-2.267799
-2.335280
-2.260965
-2.088151
-2.155257
-2.094157
-2.061828
-1.925872
-1.894914
-1.762177
-1.806162
-1.719594
-1.657496
-1.464770
-1.414237
-1.424737
-1.296920
-1.155534
-1.139073
-1.078149
-0.991139
-1.002997
-1.012694
-0.883360
-0.902898
-0.828790
-0.797667
-0.728872
-0.752308
-0.682103
-0.624632
-0.619693
-0.636508
-0.571563
-0.459928
-0.461359
-0.468785
-0.459280
-0.464829
-0.504919
-0.499690
-0.358810
-0.303542
-0.458961
-0.327160
-0.223887
-0.159902
-0.112165
-0.024094
-0.011839
0.133825
0.268539
0.278174
0.265026
0.365252
0.331733
0.497040
0.611760
0.587305
0.711034
0.656701
0.681863
0.757824
0.858465
0.910296
0.734918
0.875461
0.929874
0.995752
0.995477
0.954731
0.930701
0.963859
1.113300
1.069892
1.037975
0.955881
0.961170
1.027711
1.102835
1.030002
1.027621
0.844584
0.854539
0.914245
0.940737
0.920424
0.780299
0.701724
0.613733
0.656212
0.644851
0.501626
0.547653
0.524798
0.441002
0.399963
0.501765
0.463385
0.325987
0.350158
0.303379
0.305739
0.201581
0.252258
0.130561
0.079043
-0.102938
0.045016
0.077614
-0.173239
-0.229676
-0.183606
-0.168163
-0.312798
-0.260244
-0.242303
-0.402414
-0.482548
-0.395771
-0.379838
-0.380323
-0.446922
-0.421848
-0.477408
-0.579947
-0.556420
-0.517587
-0.637953
-0.764393
-0.772887
-0.692257
-0.802745
-0.852104
-0.858012
-0.817816
-0.842369
-0.910831
-0.927854
-0.818024
-0.733826
-0.862508
-0.750166
-0.725038
-0.750315
-0.792072
-0.618806
-0.757947
-0.830930
-0.849633
-0.841480
-0.798211
-0.883270
-1.030652
-1.107507
-1.073062
-1.142924
-1.151444
-1.219667
-1.357933
-1.409478
-1.259862
-1.299976
-1.261551
-1.389754
-1.405041
-1.506176
-1.373707
-1.369328
-1.346841
-1.462793
-1.510568
-1.531865
-1.417446
-1.408267
-1.538460
-1.569748
-1.613466
-1.398057
-1.384648
-1.349699
-1.364459
-1.415284
-1.338539
-1.270302
-1.172491
-1.161996
-1.143858
-1.081128
-1.056406
-0.848837
-0.787336
-0.786171
-0.864596
-0.734430
-0.610803
-0.519475
-0.503099
-0.522068
-0.476037
-0.441840
-0.364584
-0.344610
-0.319704
-0.291906
-0.207644
-0.169907
-0.032374
-0.117990
-0.058679
0.015006
0.040712
0.065946
0.084325
0.157593
0.196646
0.262026
0.168282
0.304159
0.249536
0.370695
0.401199
0.448686
0.570988
0.556259
0.517001
0.566819
0.668213
0.671461
0.596935
0.791528
0.763317
0.706809
0.751670
0.859090
0.734035
0.755717
0.841146
0.812923
0.900989
0.965590
0.923235
0.770987
0.937924
0.991530
0.983667
0.996875
0.935644
0.928074
0.909658
1.043445
1.104286
0.960257
0.862472
0.934822
1.089740
1.028231
0.996152
0.956123
0.952280
0.962976
1.049941
0.985096
0.974526
0.871094
0.939493
1.005733
0.994085
0.871268
0.865537
0.972949
0.853632
0.805269
0.872255
0.930330
0.761931
0.738229
0.813453
0.849518
0.731381
0.709819
0.749368
0.804261
0.661226
0.647884
0.658693
0.740914
0.575296
0.528740
0.703352
0.525254
0.511802
0.505651
0.565553
0.453345
0.534577
0.378156
0.466376
0.501198
0.361958
0.390070
0.523953
0.370211
0.225407
0.359685
0.430431
0.296635
0.305752
0.367895
0.398057
0.307162
0.413605
0.435112
0.497504
0.473207
0.459175
0.548091
0.442213
0.514354
0.552499
0.636016
0.536496
0.452583
0.529061
0.491319
0.500261
0.410990
0.487735
0.354606
0.340219
0.305781
0.312048
0.313259
0.225209
0.113954
0.132180
0.156216
0.164362
0.142001
0.070712
-0.040183
0.035573
0.036006
-0.100213
-0.096856
-0.072682
-0.135537
-0.256511
-0.138329
-0.262538
-0.356618
-0.396750
-0.334843
-0.328953
-0.368325
-0.377405
-0.405007
-0.418663
-0.464410
-0.413962
-0.411836
-0.490683
-0.500654
-0.486341
-0.574116
-0.527842
-0.577040
-0.671594
-0.645863
-0.643018
-0.624779
-0.653304
-0.665924
-0.732904
-0.665417
-0.734591
-0.608449
-0.675483
-0.764427
-0.685018
-0.713597
-0.815221
-0.767309
-0.733669
-0.751336
-0.866262
-0.793562
-0.688708
-0.716505
-0.842027
-0.680667
-0.604517
-0.623054
-0.635055
-0.420507
-0.513835
-0.508007
-0.428292
-0.372735
-0.397144
-0.455262
-0.392982
-0.375365
-0.491883
-0.488662
-0.419411
-0.424967
-0.552982
-0.467515
-0.441503
-0.413725
-0.405030
-0.361839
-0.453203
-0.424901
-0.315812
-0.282669
-0.412694
-0.349516
-0.275676
-0.257202
-0.421972
-0.323897
-0.232235
-0.240819
-0.351317
-0.247143
-0.281750
-0.242808
-0.230394
-0.104641
-0.111978
-0.148135
-0.160212
-0.112647
0.019008
-0.111686
-0.118993
-0.066742
0.034381
-0.077805
-0.081414
-0.090055
-0.071915
-0.139059
-0.056282
-0.003811
-0.000122
-0.035295
0.005022
-0.072335
0.063910
0.004919
0.020612
-0.058468
0.062283
-0.005325
-0.071702
0.106557
0.009009
-0.057961
-0.074627
-0.039898
0.028375
-0.048069
-0.004860
0.029022
0.053335
0.012133
0.049217
0.063889
-0.024984
-0.011584
0.004504
-0.037676
-0.035548
0.142053
-0.061079
-0.044214
-0.100126
-0.020887
0.022405
0.040417
0.022335
-0.013531
-0.013170
0.024145
0.134753
0.038530
0.000792
0.033056
0.119299
0.032452
0.110745
0.072364
0.071511
0.050056
0.094547
0.142544
0.119365
0.131633
0.115932
0.194364
0.107824
0.256059
0.105901
0.080117
0.158232
0.226280
0.119057
0.156103
0.107039
-0.051696
0.062063
0.127772
0.101464
0.126180
0.110595
0.104420
0.101667
0.125767
0.059529
0.155554
0.182982
0.127682
0.163836
0.113166
0.015143
0.031230
0.098844
0.059162
0.050331
-0.008540
0.059446
0.115691
0.039492
0.080656
0.038608
0.102506
0.026133
0.131358
0.102870
0.084904
0.034365
0.090468
0.089842
0.169232
0.063086
-0.026529
0.050457
0.049923
0.020693
0.039773
-0.015105
-0.079974
-0.051790
-0.103373
-0.068417
-0.166533
-0.155340
-0.209785
-0.109311
-0.114125
-0.183532
-0.275511
-0.236060
-0.189179
-0.249269
-0.207141
-0.233103
-0.311769
-0.314858
-0.186719
-0.167088
-0.258057
-0.224766
-0.211480
-0.159237
-0.184286
-0.095532
-0.174511
-0.252918
-0.301282
-0.237519
-0.217799
-0.312788
-0.290462
-0.350398
-0.399683
-0.401892
-0.455000
-0.402385
-0.417866
-0.409557
-0.226118
-0.321860
-0.358057
-0.335826
-0.285737
-0.367609
-0.328205
-0.303507
-0.412776
-0.376183
-0.404482
-0.430869
-0.445675
-0.428486
-0.484671
-0.485017
-0.465623
-0.472957
-0.496381
-0.518994
-0.399454
-0.479333
-0.481051
-0.491046
-0.557140
-0.647898
-0.570619
-0.519009
-0.645054
-0.616414
-0.669234
-0.615280
-0.560043
-0.554481
-0.657797
-0.719155
-0.585322
-0.593511
-0.531873
-0.556566
-0.509823
-0.682032
-0.659204
-0.575258
-0.571009
-0.531531
-0.615382
-0.621442
-0.672210
-0.585562
-0.590833
-0.617958
-0.682437
-0.616107
-0.685838
-0.618395
-0.651006
-0.753796
-0.714244
-0.694752
-0.709425
-0.667287
-0.553091
-0.701529
-0.762896
-0.598724
-0.549175
-0.590588
-0.614117
-0.725401
-0.720023
-0.568721
-0.579399
-0.681967
-0.763368
-0.731622
-0.690091
-0.585996
-0.572414
-0.636820
-0.643509
-0.701473
-0.597376
-0.535265
-0.537301
-0.660271
-0.639080
-0.696157
-0.576847
-0.530856
-0.574592
-0.588875
-0.673730
-0.588295
-0.540345
-0.448633
-0.564655
-0.505245
-0.465169
-0.518315
-0.452341
-0.437797
-0.468140
-0.479769
-0.475150
-0.441572
-0.392572
-0.428944
-0.341562
-0.418931
-0.454104
-0.439066
-0.284503
-0.354889
-0.402014
-0.323616
-0.366651
-0.310715
-0.402854
-0.263370
-0.269941
-0.316504
-0.382395
-0.310860
-0.335225
-0.349216
-0.240314
-0.343770
-0.397785
-0.335372
-0.320200
-0.311329
-0.225624
-0.253057
-0.305773
-0.232977
-0.210134
-0.287387
-0.247340
-0.166551
-0.244788
-0.267518
-0.130685
-0.168957
-0.153226
-0.160383
-0.273362
-0.213591
-0.039958
-0.115194
-0.079580
-0.165139
-0.149985
-0.137755
-0.026641
-0.125016
-0.165412
-0.157287
-0.174719
-0.154700
-0.168530
-0.202553
-0.173237
-0.225563
-0.266633
-0.166992
-0.128124
-0.080909
-0.236981
-0.276583
-0.190959
-0.154833
-0.221988
-0.271101
-0.276887
-0.268430
-0.263885
-0.265855
-0.385858
-0.366634
-0.353502
-0.310365
-0.349065
-0.314430
-0.331862
-0.235865
-0.303395
-0.221125
-0.160882
-0.203007
-0.077262
-0.128177
-0.105812
-0.136258
-0.032543
-0.185521
-0.072681
-0.101451
-0.071835
-0.133193
-0.051620
-0.127854
-0.161544
-0.089812
-0.151491
-0.212212
-0.203263
-0.194789
-0.240204
-0.320871
-0.190405
-0.222085
-0.171488
-0.252377
-0.132965
-0.110732
-0.191661
-0.107371
-0.098935
-0.135344
-0.149243
-0.163030
-0.160900
-0.152732
-0.234566
-0.263786
-0.230048
-0.285116
-0.298050
-0.291760
-0.219832
-0.248214
-0.171839
-0.257752
-0.201128
-0.212230
-0.129571
-0.132625
-0.320487
-0.289706
-0.268803
-0.264226
-0.277112
-0.287564
-0.321818
-0.300017
-0.321547
-0.275535
-0.285771
-0.281275
-0.240238
-0.181441
-0.258881
-0.213944
-0.158985
-0.324888
-0.307936
-0.302217
-0.278870
-0.245217
-0.312613
-0.324965
-0.327220
-0.331464
-0.291203
-0.287727
-0.320416
-0.256160
-0.250408
-0.258966
-0.320863
-0.230784
-0.260708
-0.319257
-0.352311
-0.387670
-0.310511
-0.311829
-0.429413
-0.457618
-0.304645
-0.310721
-0.431704
-0.372185
-0.351437
-0.356085
-0.399918
-0.372255
-0.419428
-0.398526
-0.407074
-0.370296
-0.422970
-0.376983
-0.490410
-0.478521
-0.465607
-0.396148
-0.430337
-0.418424
-0.459364
-0.385033
-0.392934
-0.350047
-0.412208
-0.363250
-0.412280
-0.459622
-0.399753
-0.375527
-0.416429
-0.490557
-0.480767
-0.471250
-0.410068
-0.527175
-0.516198
-0.475909
-0.475225
-0.474457
-0.485837
-0.508978
-0.497364
-0.491840
-0.517915
-0.464834
-0.405411
-0.545173
-0.527099
-0.481074
-0.500555
-0.571391
-0.572746
-0.563013
-0.547461
-0.568000
-0.607018
-0.552581
-0.592319
-0.578563
-0.635224
-0.590228
-0.600666
-0.616678
-0.621523
-0.564074
-0.543468
-0.663467
-0.614741
-0.616197
-0.673658
-0.645000
-0.596331
-0.621320
-0.712455
-0.681069
-0.641611
-0.571558
-0.684859
-0.689324
-0.628834
-0.579104
-0.613933
-0.668911
-0.605776
-0.629961
-0.697763
-0.632568
-0.632542
-0.674418
-0.713575
-0.745137
-0.675911
-0.638200
-0.722691
-0.732569
-0.641289
-0.594840
-0.666366
-0.687774
-0.621279
-0.651622
-0.672074
-0.682136
-0.629648
-0.621868
-0.664447
-0.700588
-0.576727
-0.628742
-0.797762
-0.756534
-0.615232
-0.595256
-0.785329
-0.682260
-0.661122
-0.731520
-0.722719
-0.640796
-0.625361
-0.732717
-0.695705
-0.624316
-0.576855
-0.619058
-0.711296
-0.637139
-0.633806
-0.604484
-0.640058
-0.592973
-0.619458
-0.684039
-0.655173
-0.531767
-0.603096
-0.725220
-0.662884
-0.572363
-0.575529
-0.605441
-0.598988
-0.628580
-0.591236
-0.554287
-0.532788
-0.495065
-0.575533
-0.571316
-0.517839
-0.499803
-0.502547
-0.534534
-0.488924
-0.490977
-0.538775
-0.510730
-0.523285
-0.550682
-0.518392
-0.461728
-0.515309
-0.515479
-0.479596
-0.467949
-0.448817
-0.480810
-0.412466
-0.440076
-0.415579
-0.429042
-0.439148
-0.454329
-0.455131
-0.391729
-0.452506
-0.442940
-0.372793
-0.392945
-0.459192
-0.341326
-0.380421
-0.340200
-0.329568
-0.448240
-0.357006
-0.297435
-0.280678
-0.406945
-0.350380
-0.347702
-0.286509
-0.327271
-0.385304
-0.345024
-0.357920
-0.281078
-0.275001
-0.264913
-0.291666
-0.320748
-0.233982
-0.231710
-0.247160
-0.260433
-0.333965
-0.262811
-0.259864
-0.243733
-0.265173
-0.284338
-0.260577
-0.253488
-0.231119
-0.236972
-0.228660
-0.285139
-0.226261
-0.156073
-0.218755
-0.216457
-0.222946
-0.265857
-0.180984
-0.219803
-0.223034
-0.212855
-0.274934
-0.292046
-0.259320
-0.088937
-0.196689
-0.285408
-0.279458
-0.154964
-0.167555
-0.206996
-0.199255
-0.203374
-0.166407
-0.172039
-0.164917
-0.247520
-0.231907
-0.294089
-0.175659
-0.130253
-0.181873
-0.280988
-0.324642
-0.230265
-0.222598
-0.279270
-0.329119
-0.290308
-0.206006
-0.261786
-0.253084
-0.295751
-0.285432
-0.293815
-0.238566
-0.215674
-0.312640
-0.269366
-0.345950
-0.327770
-0.382927
-0.303465
-0.370499
-0.346163
-0.346294
-0.317403
-0.405483
-0.282461
-0.283153
-0.354316
-0.288797
-0.324707
-0.296778
-0.388487
-0.308100
-0.276883
-0.333476
-0.441249
-0.387855
-0.354865
-0.295277
-0.331842
-0.482705
-0.443231
-0.398228
-0.398396
-0.411210
-0.350447
-0.345928
-0.356307
-0.365580
-0.362587
-0.282602
-0.368690
-0.296805
-0.301617
-0.362296
-0.364543
-0.400211
-0.363673
-0.425887
-0.373106
-0.438942
-0.467431
-0.509981
-0.478828
-0.429017
-0.467404
-0.411080
-0.418328
-0.342111
-0.312228
-0.246843
-0.380411
-0.413649
-0.340658
-0.261215
-0.316449
-0.378700
-0.420913
-0.415868
-0.359162
-0.380507
-0.369054
-0.453477
-0.414575
-0.353219
-0.275913
-0.369173
-0.395362
-0.456366
-0.428357
-0.340515
-0.303380
-0.436030
-0.490002
-0.541387
-0.474463
-0.420390
-0.419616
-0.448722
-0.530698
-0.509964
-0.476910
-0.398280
-0.361004
-0.417812
-0.386360
-0.367985
-0.344233
-0.385621
-0.336039
-0.439850
-0.372401
-0.341170
-0.406787
-0.462592
-0.447053
-0.377708
-0.461737
-0.460198
-0.374399
-0.413255
-0.427496
-0.338720
-0.264868
-0.378866
-0.378128
-0.330696
-0.269533
-0.309412
-0.432263
-0.367540
-0.400949
-0.391648
-0.373156
-0.410874
-0.433753
-0.515671
-0.467609
-0.398021
-0.342539
-0.365785
-0.358291
-0.329263
-0.234373
-0.222773
-0.258760
-0.260652
-0.215079
-0.233612
-0.252303
-0.221307
-0.186377
-0.292518
-0.273958
-0.228661
-0.257073
-0.235709
-0.181434
-0.162603
-0.213411
-0.150923
-0.209060
-0.184754
-0.225539
-0.217492
-0.256109
-0.300697
-0.395299
-0.330483
-0.276478
-0.375683
-0.383403
-0.368018
-0.322491
-0.277442
-0.248339
-0.333770
-0.234446
-0.181661
-0.233010
-0.123713
-0.197933
-0.261140
-0.185332
-0.135962
-0.226054
-0.284428
-0.264239
-0.337960
-0.269373
-0.253082
-0.279895
-0.410521
-0.373767
-0.335765
-0.304315
-0.384940
-0.269862
-0.347505
-0.403436
-0.395866
-0.413711
-0.332171
-0.423058
-0.412037
-0.409436
-0.424812
-0.306068
-0.318822
-0.289798
-0.312297
-0.203176
-0.254290
-0.236101
-0.233419
-0.134199
-0.196881
-0.312581
-0.390284
-0.346835
-0.336509
-0.405405
-0.415195
-0.479149
-0.436333
-0.376949
-0.343702
-0.436449
-0.398075
-0.338570
-0.298312
-0.157977
-0.181821
-0.188724
-0.343421
-0.205434
-0.188114
-0.249203
-0.326570
-0.337948
-0.332672
-0.335876
-0.292954
-0.329076
-0.231740
-0.270794
-0.250781
-0.161033
-0.096270
-0.134828
-0.184145
-0.155567
-0.167563
-0.158084
-0.159179
-0.181544
-0.347390
-0.356284
-0.282611
-0.330877
-0.317889
-0.345625
-0.266047
-0.310081
-0.209403
-0.126905
-0.104328
-0.156431
-0.236254
-0.239881
-0.126209
-0.109274
-0.239682
-0.224422
-0.304327
-0.335858
-0.353657
-0.270811
-0.204996
-0.282044
-0.262538
-0.206357
-0.175119
-0.187193
-0.163011
-0.107354
-0.126899
-0.180939
-0.138609
-0.110942
-0.035263
-0.063634
-0.078506
-0.113825
-0.130366
-0.118642
-0.026143
-0.077892
0.006525
-0.039134
0.004084
0.089316
0.136086
0.019898
-0.003677
0.066694
0.182584
0.213802
0.172042
0.096356
0.090307
0.095374
0.206705
0.212742
0.108695
0.046763
0.110643
0.167254
0.149997
0.150418
0.084234
0.135266
0.123857
0.164795
0.198064
0.123548
0.201696
0.139753
0.122970
0.080745
0.183270
0.104479
0.099701
0.034897
0.090451
0.068985
0.122854
0.065551
0.104842
0.047607
0.100185
0.149831
0.141376
0.087245
0.085961
0.164006
0.134069
0.141195
0.145006
0.093074
0.024839
0.154478
0.184927
0.198068
0.063775
0.155690
0.212672
0.248715
0.247553
0.295606
0.199082
0.214099
0.217637
0.323330
0.218425
0.123344
0.172063
0.177594
0.113805
0.158434
0.011388
0.004263
-0.051271
0.014907
0.055547
-0.060371
-0.107532
-0.108676
-0.020136
-0.108162
-0.074239
-0.159179
-0.165882
-0.189685
-0.149555
-0.159512
-0.211126
-0.079167
-0.127185
0.001556
-0.034700
0.017615
0.025235
0.091869
0.164759
0.087703
0.072469
0.046937
0.074967
-0.027619
-0.089724
-0.016687
-0.038360
0.029959
-0.042404
0.080313
0.092383
0.174355
0.108421
0.125138
0.217226
0.244557
0.309032
0.223560
0.111702
0.086887
0.128606
0.124722
0.047202
-0.001257
0.003473
-0.017811
0.093845
0.096116
0.135984
0.088783
0.110939
0.116209
0.191837
0.283757
0.192381
0.096185
0.146344
0.137085
0.157783
0.110359
0.115834
0.011135
0.106147
0.152717
0.161705
0.129647
0.153030
0.149890
0.263391
0.270194
0.252092
0.215553
0.236166
0.219691
0.196829
0.239199
0.201881
0.177957
0.150978
0.196382
0.102716
0.144051
0.112761
0.208571
0.124961
0.117955
0.148749
0.177625
0.165420
0.101044
0.069456
0.141212
0.196356
0.103310
0.178666
0.070135
-0.034903
0.071047
0.170715
0.106147
0.009613
0.047098
0.043551
0.042334
0.043758
-0.008871
0.048339
-0.020440
-0.001807
-0.031455
0.060091
-0.023474
-0.064721
0.042649
-0.042877
-0.050376
-0.022349
-0.031918
-0.120386
-0.068944
-0.112576
-0.010908
-0.093058
-0.090300
-0.110711
-0.108196
-0.091722
-0.008348
-0.008702
-0.057664
-0.062205
-0.088377
-0.034224
-0.013789
-0.042043
-0.128772
-0.047607
-0.142603
-0.077832
-0.094009
-0.110263
-0.154010
-0.093851
-0.138501
-0.092545
-0.070413
-0.130938
-0.095113
-0.042466
-0.045107
-0.079320
-0.123237
-0.072052
-0.085444
-0.091718
-0.175285
-0.027305
-0.138175
-0.045461
-0.034248
-0.106311
-0.143910
-0.075052
0.021687
-0.010595
0.044687
0.008524
-0.048344
-0.057359
-0.050892
0.016509
-0.012744
-0.073791
-0.140026
0.014626
0.019183
0.036928
-0.081846
0.043040
0.036181
0.078232
0.089719
0.112006
0.186146
0.154695
0.156232
0.256340
0.295557
0.196555
0.147389
0.248624
0.209457
0.307587
0.315833
0.191392
0.174367
0.264059
0.260248
0.378203
0.359127
0.324214
0.382814
0.451457
0.392168
0.448201
0.467644
0.413093
0.415911
0.505936
0.513783
0.558153
0.541156
0.540173
0.544449
0.659782
0.598536
0.657262
0.595099
0.649890
0.685579
0.715383
0.679223
0.643681
0.565425
0.609425
0.670069
0.657865
0.534432
0.586247
0.635220
0.627184
0.620391
0.637381
0.616460
0.634782
0.678927
0.739121
0.675226
0.645256
0.707612
0.724944
0.652084
0.628001
0.649973
0.688928
0.693451
0.640150
0.674713
0.751241
0.684258
0.710324
0.788430
0.743766
0.649685
0.721340
0.813738
0.747990
0.707654
0.633813
0.762989
0.690273
0.654133
0.654508
0.723767
0.629442
0.625881
0.637520
0.659868
0.583712
0.582494
0.585539
0.582275
0.656323
0.581686
0.495439
0.584564
0.551252
0.411541
0.462188
0.402987
0.382736
0.257137
0.155193
0.172912
0.197441
0.012750
-0.072036
-0.055330
-0.225002
-0.225066
-0.035919
-0.040580
-0.265501
-0.356714
-0.191780
-0.146962
-0.185057
-0.230413
-0.173309
-0.321344
-0.398928
-0.334742
-0.399660
-0.489639
-0.512513
-0.534426
-0.593396
-0.573758
-0.620245
-0.710427
-0.771821
-0.654345
-0.611220
-0.662242
-0.658548
-0.732120
-0.726258
-0.690486
-0.792151
-0.924843
-1.014511
-0.956462
-0.929519
-1.032625
-1.137745
-1.305737
-1.194240
-1.292189
-1.208492
-1.314302
-1.315044
-1.460442
-1.350417
-1.336465
-1.406003
-1.556301
-1.717071
-1.731985
-1.696162
-1.756825
-1.973598
-2.018751
-2.067255
-2.035395
-2.101532
-2.051038
-2.150100
-2.191790
-2.203572
-2.142645
-2.130827
-2.177784
-2.317719
-2.271282
-2.296728
-2.340676
-2.394056
-2.459328
-2.509008
-2.529756
-2.515582
-2.557219
-2.588306
-2.579684
-2.603247
-2.619169
-2.538831
-2.531411
-2.580429
-2.658866
-2.610001
-2.609468
-2.679000
-2.769700
-2.703198
-2.719515
-2.853910
-2.903333
-2.842766
-2.783204
-2.962186
-2.996977
-2.886645
-2.892606
-2.903536
-3.017789
-2.890258
-2.979589
-2.965986
-2.989710
-2.930166
-2.957119
-2.969795
-2.949027
-3.024079
-2.938717
-3.054230
-2.933415
-2.954554
-2.866180
-2.890114
-2.841009
-2.857429
-2.887622
-2.787059
-2.762694
-2.595202
-2.901402
-2.853340
-2.872683
-2.756572
-2.883611
-2.888294
-2.922558
-2.992170
-3.138698
-3.127255
-3.075119
-3.190344
-3.326527
-3.392103
-3.261612
-3.389179
-3.494381
-3.546237
-3.632849
-3.610450
-3.595450
-3.676464
-3.775209
-3.795162
-3.908381
-3.924832
-4.004979
-4.043852
-4.220566
-4.264526
-4.341239
-4.361322
-4.481175
-4.530073
-4.700585
-4.690201
-4.749807
-4.862144
-4.907373
-5.032815
-5.084647
-5.078264
-5.126928
-5.340903
-5.383399
-5.452870
-5.529844
-5.617167
-5.664680
-5.889685
-5.905231
-6.002981
-5.992465
-6.235778
-6.256609
-6.381302
-6.494840
-6.605462
-6.659048
-6.778949
-6.920252
-6.952124
-7.092032
-7.249106
-7.320599
-7.420341
-7.588598
-7.688401
-7.782288
-7.901825
-7.917536
-8.166740
-8.237140
-8.395425
-8.383699
-8.621841
-8.690209
-8.813611
-8.942099
-9.092546
-9.188293
-9.301954
-9.457309
-9.566079
-9.735727
-9.784953
-10.015690
-10.062731
-10.257971
-10.347568
-10.542133
-10.624743
-10.758410
-10.917971
-10.973687
-11.285751
-11.318154
-11.514799
-11.566525
-11.728593
-11.881021
-12.046549
-12.206067
-12.296279
-12.509637
-12.623605
-12.828204
-12.937007
-13.100527
-13.213825
-13.319636
-13.562593
-13.726563
-13.885989
-14.054256
-14.234401
-14.340026
-14.586982
-14.685461
-14.920999
-15.061278
-15.343747
-15.448552
-15.631777
-15.885473
-16.028938
-16.135628
-16.327168
-16.616707
-16.739937
-16.922091
-17.065573
-17.376553
-17.470959
-17.636963
-17.747040
-18.060265
-18.188568
-18.325956
-18.543232
-18.695272
-18.951084
-19.031988
-19.208147
-19.419035
-19.560371
-19.718819
-19.922581
-20.102501
-20.276447
-20.410410
-20.587564
-20.768799
-20.934202
-21.088045
-21.281551
-21.515488
-21.655739
-21.737480
-21.867933
-22.083883
-22.195587
-22.342775
-22.501780
-22.596632
-22.734661
-22.829733
-22.935707
-23.058723
-23.186367
-23.349579
-23.381029
-23.508282
-23.660929
-23.779009
-23.828913
-23.949472
-24.039232
-24.220570
-24.328890
-24.589077
-24.552702
-24.717514
-24.895996
-24.971052
-25.091658
-25.174517
-25.259830
-25.406507
-25.403927
-25.574179
-25.655365
-25.734659
-25.747694
-25.866917
-26.003923
-26.017153
-26.188803
-26.244698
-26.418306
-26.467718
-26.601679
-26.701515
-26.905632
-26.965876
-27.058344
-27.121576
-27.250204
-27.350447
-27.426407
-27.480900
-27.505568
-27.594564
-27.731750
-27.714230
-27.856403
-27.922495
-27.985420
-28.047905
-28.173435
-28.192812
-28.284161
-28.473969
-28.537563
-28.609060
-28.720152
-28.794094
-28.890692
-28.939068
-29.113066
-29.133739
-29.293690
-29.372217
-29.402328
-29.554678
-29.625355
-29.747444
-29.767250
-29.923893
-30.054377
-30.104538
-30.215979
-30.472256
-30.468536
-30.564245
-30.824837
-30.817696
-30.924707
-31.023834
-31.216038
-31.263170
-31.455116
-31.532959
-31.740650
-31.816681
-31.875160
-32.094204
-32.310669
-32.472610
-32.552013
-32.737488
-33.002163
-33.162876
-33.330219
-33.422104
-33.687344
-33.836296
-33.952538
-34.096142
-34.308826
-34.481323
-34.517307
-34.673153
-34.880516
-34.993633
-35.199528
-35.254295
-35.504784
-35.637367
-35.809708
-35.900208
-36.115696
-36.262226
-36.369759
-36.452362
-36.625126
-36.797203
-36.965664
-37.028687
-37.119629
-37.273643
-37.477539
-37.457924
-37.584858
-37.798626
-37.925743
-38.056049
-38.159607
-38.308773
-38.515331
-38.503628
-38.687767
-38.849178
-38.990425
-39.030289
-39.204216
-39.285492
-39.382130
-39.486153
-39.650063
-39.706722
-39.825390
-39.904358
-40.020878
-40.109261
-40.275379
-40.301178
-40.429329
-40.470875
-40.606663
-40.696564
-40.855549
-40.967777
-40.913029
-40.987587
-41.162548
-41.228062
-41.338127
-41.324089
-41.446854
-41.502537
-41.554363
-41.610451
-41.748699
-41.765079
-41.756702
-41.854095
-42.025177
-42.056644
-42.014641
-42.217995
-42.257072
-42.234951
-42.326591
-42.462166
-42.436131
-42.627777
-42.595436
-42.674522
-42.734550
-42.839714
-42.846836
-42.931438
-43.013866
-43.144623
-43.106762
-43.160072
-43.276245
-43.324715
-43.322895
-43.494091
-43.425076
-43.482643
-43.558315
-43.611061
-43.594536
-43.604633
-43.747261
-43.737812
-43.697090
-43.841049
-43.839970
-43.830032
-43.912609
-43.984169
-44.014473
-44.096470
-44.271870
-44.180336
-44.189953
-44.292660
-44.385143
-44.411434
-44.384872
-44.488842
-44.624954
-44.598305
-44.657131
-44.685078
-44.776291
-44.787384
-44.814110
-44.952042
-44.956802
-44.996746
-45.022560
-45.139774
-45.095455
-45.269424
-45.147778
-45.180389
-45.343380
-45.306229
-45.402824
-45.348045
-45.534779
-45.553703
-45.523014
-45.608280
-45.685341
-45.819962
-45.859894
-45.949760
-45.983780
-46.156334
-46.195450
-46.251469
-46.260765
-46.322163
-46.434181
-46.543903
-46.536304
-46.707474
-46.651234
-46.724041
-46.792530
-46.939926
-46.931877
-46.965958
-47.124851
-47.111816
-47.067581
-47.203926
-47.264572
-47.299973
-47.289444
-47.448544
-47.529541
-47.632233
-47.658947
-47.680416
-47.842880
-47.982353
-47.982792
-48.111668
-48.112602
-48.179195
-48.310951
-48.415169
-48.388435
-48.545685
-48.516747
-48.673832
-48.699234
-48.813820
-48.904415
-48.921768
-49.022449
-49.186493
-49.227863
-49.254128
-49.499828
-49.422966
-49.555645
-49.646881
-49.754631
-49.799400
-49.920563
-49.973946
-50.039391
-50.139359
-50.252293
-50.239109
-50.398956
-50.538540
-50.567410
-50.644310
-50.794582
-50.820385
-50.905563
-51.137383
-51.198879
-51.133327
-51.212811
-51.468006
-51.450157
-51.453770
-51.632645
-51.634613
-51.632339
-51.789822
-51.885204
-51.880234
-51.989357
-52.018829
-52.118805
-52.132145
-52.300629
-52.259190
-52.383366
-52.434090
-52.539551
-52.498116
-52.524803
-52.688442
-52.598850
-52.746521
-52.723171
-52.835503
-52.846836
-52.762730
-52.888321
-52.897079
-52.977772
-52.913673
-53.136810
-53.153851
-53.086166
-53.141617
-53.116753
-53.349739
-53.293365
-53.304104
-53.324406
-53.385117
-53.506649
-53.384285
-53.486885
-53.527470
-53.578621
-53.456234
-53.558468
-53.704586
-53.649899
-53.595215
-53.606266
-53.763546
-53.765182
-53.712849
-53.761951
-53.773228
-53.844624
-53.841820
-53.881783
-53.888378
-53.999458
-53.815159
-53.898129
-54.114025
-54.011539
-54.021038
-54.050186
-54.132748
-54.091202
-54.212379
-54.172413
-54.235409
-54.237614
-54.198837
-54.263084
-54.225430
-54.316853
-54.221138
-54.238995
-54.261375
-54.403210
-54.257095
-54.214100
-54.309158
-54.268494
-54.251423
-54.224762
-54.373688
-54.222095
-54.250423
-54.297100
-54.271358
-54.264835
-54.251831
-54.289005
-54.237446
-54.397053
-54.426613
-54.182678
-54.385307
-54.432110
-54.265392
-54.225838
-54.356300
-54.375713
-54.269188
-54.422802
-54.395813
-54.335724
-54.311977
-54.391563
-54.322144
-54.373299
-54.415615
-54.390869
-54.351871
-54.384190
-54.459442
-54.332211
-54.325203
-54.404240
-54.393780
-54.349976
-54.473305
-54.510860
-54.501385
-54.385700
-54.473480
-54.602467
-54.535851
-54.557678
-54.676537
-54.535843
-54.518684
-54.620113
-54.695190
-54.570843
-54.566544
-54.611984
-54.726257
-54.627251
-54.687328
-54.636806
-54.614883
-54.682732
-54.745098
-54.783092
-54.758049
-54.776085
-54.719852
-54.822620
-54.802841
-54.817608
-54.754467
-54.814419
-54.824944
-54.902653
-54.924019
-54.822918
-54.893856
-54.910881
-54.923290
-54.935760
-54.903427
-54.961330
-54.979820
-55.103924
-55.011829
-55.062160
-55.045639
-55.181202
-55.022488
-55.172470
-55.381115
-55.237701
-55.240044
-55.278545
-55.356548
-55.318550
-55.430389
-55.392494
-55.332592
-55.367256
-55.426800
-55.504257
-55.430840
-55.446392
-55.299625
-55.532330
-55.583309
-55.597900
-55.580688
-55.582829
-55.651344
-55.643677
-55.655022
-55.727634
-55.826450
-55.809223
-55.834213
-55.984051
-55.988579
-55.931011
-55.956879
-56.028229
-56.086880
-56.053555
-56.182671
-56.101280
-56.187832
-56.097488
-56.209602
-56.167290
-56.279377
-56.177551
-56.171814
-56.285954
-56.291561
-56.443123
-56.339836
-56.451046
-56.451271
-56.572201
-56.588158
-56.704723
-56.565521
-56.726574
-56.860641
-56.789619
-56.780075
-56.836933
-56.863037
-56.933289
-56.904606
-57.035202
-57.011166
-57.122059
-56.987949
-57.149246
-57.323986
-57.229481
-57.287449
-57.410622
-57.586433
-57.519394
-57.662365
-57.606956
-57.621582
-57.656254
-57.889618
-57.801296
-57.855499
-57.923920
-58.046616
-57.870659
-58.055130
-58.020161
-58.089169
-58.091061
-58.295746
-58.346390
-58.414795
-58.369987
-58.507568
-58.456894
-58.640255
-58.705933
-58.509315
-58.652863
-58.765533
-58.851192
-58.810493
-58.843437
-58.883308
-58.883522
-59.101215
-59.105976
-59.102852
-59.311295
-59.441319
-59.472332
-59.464714
-59.566452
-59.686962
-59.640190
-59.778992
-59.841938
-59.911026
-59.836250
-59.911865
-60.035271
-60.140049
-60.091347
-60.061203
-60.148975
-60.287487
-60.320198
-60.234005
-60.390789
-60.422192
-60.434074
-60.523979
-60.589840
-60.511429
-60.575573
-60.641735
-60.680954
-60.686844
-60.609699
-60.708099
-60.730186
-60.611881
-60.700405
-60.687038
-60.607395
-60.634918
-60.601620
-60.607971
-60.513256
-60.392826
-60.512245
-60.404854
-60.317707
-60.166626
-60.216824
-60.015827
-60.030895
-59.764252
-59.694794
-59.671040
-59.581993
-59.334354
-59.224934
-59.255695
-59.109524
-58.891201
-58.852436
-58.837933
-58.670498
-58.554176
-58.302536
-58.335640
-58.194695
-58.000332
-57.966137
-57.887470
-57.720062
-57.445534
-57.376240
-57.235687
-57.038403
-56.876949
-56.583000
-56.603493
-56.333332
-56.351944
-56.077507
-55.858704
-55.639778
-55.558437
-55.594727
-55.425854
-55.275745
-54.999363
-54.969425
-54.859062
-54.706383
-54.522541
-54.388641
-54.402439
-54.215710
-53.908527
-53.884251
-53.710632
-53.543320
-53.272415
-53.371517
-53.481071
-53.377892
-53.014565
-52.966782
-53.141941
-52.965153
-52.782230
-52.658581
-52.754765
-52.700981
-52.570286
-52.511684
-52.378212
-52.384026
-52.172527
-52.257488
-52.312759
-52.505360
-52.297466
-51.920261
-51.940491
-52.182457
-52.100357
-52.156094
-52.203514
-52.073154
-51.989254
-52.158089
-52.093231
-52.024742
-52.057270
-52.070835
-52.134380
-52.147560
-52.085976
-52.117661
-52.211876
-52.246487
-52.210907
-52.172623
-52.331394
-52.154766
-52.122120
-52.186317
-52.264759
-52.422615
-52.335827
-52.408054
-52.411465
-52.466782
-52.437202
-52.560177
-52.522217
-52.505516
-52.702095
-52.783787
-52.757458
-52.618694
-52.872112
-52.781605
-52.745415
-52.749310
-52.846184
-52.893879
-52.958611
-53.053295
-52.863476
-52.950283
-53.051792
-53.065933
-52.958839
-53.027649
-53.050056
-53.074497
-53.098225
-53.039604
-53.102180
-53.045418
-53.030651
-53.012318
-53.028328
-53.076771
-53.110775
-53.005569
-52.987095
-52.986149
-52.970348
-52.984585
-52.966084
-52.878349
-52.828808
-52.827835
-52.892078
-52.803120
-52.617500
-52.598778
-52.706982
-52.624168
-52.515030
-52.364014
-52.416790
-52.404541
-52.223152
-52.254036
-52.126705
-52.158890
-51.927612
-52.032768
-51.913860
-51.795368
-51.762028
-51.635258
-51.615887
-51.432316
-51.511768
-51.331562
-51.215076
-51.119366
-50.991619
-50.991798
-50.994347
-50.865780
-50.836597
-50.696560
-50.793751
-50.565422
-50.633305
-50.446461
-50.473759
-50.468044
-50.232304
-50.342361
-50.201069
-50.113441
-50.054996
-49.935093
-49.920353
-49.811115
-49.748684
-49.697815
-49.682285
-49.533276
-49.608334
-49.505482
-49.304722
-49.436520
-49.442898
-49.443413
-49.164589
-49.297985
-49.318291
-49.313873
-49.228752
-49.176067
-49.133358
-49.131752
-49.180943
-49.076973
-49.045536
-49.051758
-49.220070
-49.052864
-49.085796
-49.170860
-48.995594
-49.020538
-49.192093
-49.220806
-49.033699
-49.011021
-49.096394
-49.239368
-49.192528
-48.982914
-49.074780
-49.096191
-49.126617
-49.029968
-49.171772
-49.207253
-49.189049
-49.179558
-49.371769
-49.418945
-49.330719
-49.441570
-49.344013
-49.644539
-49.556999
-49.547207
-49.471882
-49.440784
-49.559601
-49.608353
-49.598755
-49.712879
-49.686317
-49.585590
-49.650433
-49.798370
-49.865284
-49.889923
-49.870491
-49.733269
-49.918629
-49.972256
-49.968922
-49.976501
-49.969696
-50.008442
-50.089745
-50.079033
-49.992676
-50.085926
-50.077579
-50.058331
-50.279240
-50.227585
-50.216427
-50.230106
-50.463478
-50.350780
-50.375004
-50.350746
-50.444984
-50.498402
-50.477474
-50.568787
-50.523079
-50.562798
-50.471886
-50.648785
-50.457169
-50.540359
-50.592060
-50.514263
-50.662224
-50.654778
-50.523239
-50.451584
-50.538662
-50.537880
-50.401104
-50.455566
-50.222916
-50.309036
-50.215496
-50.158176
-50.065754
-50.053528
-49.931095
-49.721867
-49.807125
-49.867516
-49.835869
-49.424854
-49.601311
-49.611542
-49.375565
-49.291180
-49.320156
-49.192989
-48.994984
-49.006947
-49.049053
-48.938877
-48.626770
-48.536808
-48.559269
-48.576443
-48.324932
-48.128906
-48.223019
-48.033627
-47.995583
-47.845146
-47.718201
-47.601204
-47.503380
-47.334236
-47.429897
-47.291420
-47.098484
-46.934837
-46.977600
-46.942451
-46.795200
-46.640923
-46.838341
-46.669407
-46.577660
-46.550076
-46.462311
-46.409031
-46.339252
-46.297924
-46.333942
-46.278336
-46.227009
-46.084591
-46.073933
-45.908905
-45.949741
-45.833076
-45.787880
-45.827938
-45.789612
-45.663471
-45.585033
-45.695026
-45.538612
-45.571312
-45.659397
-45.620697
-45.559139
-45.663975
-45.593136
-45.506390
-45.342232
-45.406872
-45.320610
-45.335888
-45.432289
-45.343697
-45.313030
-45.316792
-45.361244
-45.272942
-45.307888
-45.432640
-45.282997
-45.317406
-45.405621
-45.532841
-45.394646
-45.318764
-45.325737
-45.206585
-45.330978
-45.307926
-45.309338
-45.345875
-45.221840
-45.153034
-45.103790
-45.186901
-45.096790
-45.225986
-45.239227
-45.286057
-45.310299
-45.257736
-45.148964
-45.094231
-45.208981
-45.124207
-45.028015
-45.173069
-45.010857
-45.028893
-44.981754
-44.920990
-44.773129
-44.790436
-44.858940
-44.857609
-44.973988
-44.740368
-44.763565
-44.680573
-44.746742
-44.588928
-44.553104
-44.608768
-44.527512
-44.489933
-44.364368
-44.307743
-44.296837
-44.238956
-44.206276
-44.170193
-44.187580
-44.003773
-44.042549
-43.973137
-44.004864
-43.920017
-43.853062
-43.905079
-43.772274
-43.763615
-43.642159
-43.725239
-43.360012
-43.380466
-43.438202
-43.430573
-43.172680
-43.245193
-43.132271
-43.057991
-43.038860
-42.917534
-42.899223
-42.771160
-42.896458
-42.698776
-42.826511
-42.645737
-42.649391
-42.540825
-42.466343
-42.482094
-42.512001
-42.382851
-42.347206
-42.415516
-42.265419
-42.205944
-42.152931
-42.112804
-42.045464
-42.046562
-42.012161
-41.956299
-41.866104
-41.837116
-41.799408
-41.762955
-41.779869
-41.653259
-41.649109
-41.648777
-41.607876
-41.664738
-41.471657
-41.476730
-41.368286
-41.401787
-41.400867
-41.412651
-41.358677
-41.269020
-41.251713
-41.312752
-41.204945
-41.205719
-41.079979
-41.169922
-41.145126
-41.100655
-41.087841
-41.121006
-41.021305
-40.839733
-41.030922
-41.044216
-41.005013
-40.808773
-40.995861
-40.949036
-40.902561
-40.850067
-40.851765
-40.905094
-40.843037
-40.858387
-40.744312
-40.846764
-40.820511
-40.661507
-40.753365
-40.901352
-40.860077
-40.718754
-40.731010
-40.917057
-40.699768
-40.752060
-40.666714
-40.827213
-40.915916
-40.819378
-40.689968
-40.682503
-40.939049
-40.727871
-40.742935
-40.721516
-40.878780
-40.685192
-40.753830
-40.838337
-40.834209
-40.785999
-40.604527
-40.859047
-40.892212
-40.764847
-40.660374
-40.829105
-40.983002
-40.766048
-40.751781
-40.784649
-40.896145
-40.665668
-40.939346
-40.812630
-40.759926
-40.842709
-40.852730
-40.828880
-40.838539
-40.746937
-40.844124
-40.916344
-40.952019
-40.820087
-40.778229
-40.905415
-40.968018
-40.705791
-40.672619
-40.931892
-40.930752
-40.839642
-40.723789
-40.843201
-40.911114
-40.756512
-40.787395
-40.740509
-40.866859
-40.870026
-40.677486
-40.722733
-40.816769
-40.730503
-40.591267
-40.750561
-40.681538
-40.685844
-40.648163
-40.718388
-40.630131
-40.587502
-40.571854
-40.543282
-40.603233
-40.516743
-40.601837
-40.454197
-40.465298
-40.469105
-40.420052
-40.481743
-40.299969
-40.312519
-40.305614
-40.294994
-40.356895
-40.333435
-40.232147
-40.113102
-40.248341
-40.163540
-40.144875
-40.225887
-40.104877
-39.955746
-40.012363
-40.150005
-39.974365
-39.903824
-39.850063
-39.922630
-39.970779
-39.892120
-39.764763
-39.753906
-39.775654
-39.769943
-39.706451
-39.644867
-39.618965
-39.693211
-39.668751
-39.535301
-39.653751
-39.522942
-39.481979
-39.479301
-39.593899
-39.561028
-39.553074
-39.409988
-39.345127
-39.488060
-39.451195
-39.327137
-39.162468
-39.304619
-39.302021
-39.244953
-39.296673
-39.171314
-39.233299
-39.122589
-39.107853
-39.174305
-39.170872
-39.120132
-39.081635
-39.146641
-39.047184
-39.066971
-38.930008
-38.986675
-39.009697
-38.976650
-38.948818
-38.989704
-38.991806
-38.898788
-38.853760
-39.022503
-38.873726
-38.936684
-38.813843
-38.982555
-38.933270
-38.853535
-38.668209
-38.667549
-38.958775
-38.838608
-38.778805
-38.611649
-38.812504
-38.751259
-38.745998
-38.696117
-38.627636
-38.659657
-38.680958
-38.692261
-38.654213
-38.668797
-38.518402
-38.542953
-38.511761
-38.719887
-38.672112
-38.320320
-38.502918
-38.500835
-38.608459
-38.350620
-38.411175
-38.271057
-38.370506
-38.315674
-38.334328
-38.392342
-38.258892
-38.178379
-38.030197
-38.312756
-38.189610
-38.149891
-38.149429
-38.076500
-38.079647
-37.963661
-38.112053
-37.946705
-37.951694
-37.865993
-37.837753
-37.995033
-37.682686
-37.748180
-37.735939
-37.784580
-37.628967
-37.540260
-37.627281
-37.574219
-37.564358
-37.406826
-37.542080
-37.388256
-37.405861
-37.257416
-37.256706
-37.266296
-37.223309
-37.209358
-37.098667
-37.056854
-37.082516
-36.988564
-36.895874
-36.823273
-37.042339
-36.807110
-36.815239
-36.628323
-36.890736
-36.795677
-36.587727
-36.531757
-36.646824
-36.680477
-36.453293
-36.497784
-36.548409
-36.340626
-36.395969
-36.427238
-36.341766
-36.254677
-36.371220
-36.224087
-36.114941
-36.251720
-36.134281
-36.235394
-36.069111
-36.099686
-36.147507
-36.062817
-35.991642
-36.072800
-36.024719
-35.921680
-35.978706
-35.952274
-36.110729
-35.901451
-35.910778
-35.934418
-36.053524
-35.933350
-35.909439
-35.875374
-36.069237
-35.874828
-35.911381
-35.880943
-36.144951
-36.106125
-35.868439
-35.927845
-36.044159
-36.173134
-35.998604
-36.036110
-36.166710
-36.252758
-36.062435
-36.103092
-36.264736
-36.176495
-36.156288
-36.300255
-36.381828
-36.319096
-36.186726
-36.443848
-36.352337
-36.310734
-36.281147
-36.519573
-36.431847
-36.524788
-36.568764
-36.560169
-36.517925
-36.517624
-36.631264
-36.662979
-36.712666
-36.756771
-36.693859
-36.688843
-36.880795
-36.871666
-36.774731
-36.762321
-36.993305
-37.000847
-36.964741
-37.001846
-36.990883
-37.035549
-37.076313
-37.165024
-37.230854
-37.154373
-37.042660
-37.137230
-37.374763
-37.239319
-37.079819
-37.232838
-37.426884
-37.447575
-37.200123
-37.398136
-37.364391
-37.198689
-37.311176
-37.454666
-37.561581
-37.269138
-37.292637
-37.389290
-37.335915
-37.271336
-37.295918
-37.341602
-37.382786
-37.348335
-37.347706
-37.317993
-37.301380
-37.290573
-37.285999
-37.419479
-37.354031
-37.349625
-37.310642
-37.294712
-37.405533
-37.361736
-37.270962
-37.232685
-37.297146
-37.240749
-37.343273
-37.298222
-37.221157
-37.244892
-37.172775
-37.240036
-37.261311
-37.179089
-37.137867
-37.208847
-37.329819
-37.148033
-37.163895
-37.138237
-37.283688
-37.250465
-37.191380
-37.133541
-37.144009
-37.244545
-37.116070
-37.129425
-37.106686
-37.265537
-37.244698
-37.053474
-37.146690
-37.238129
-37.130550
-37.088722
-37.195114
-37.191517
-37.062599
-37.081310
-37.028725
-37.184521
-36.998844
-36.982746
-36.981804
-37.090908
-37.016201
-36.995373
-36.962223
-36.993671
-37.053734
-37.137817
-37.086155
-36.990849
-37.039074
-37.084251
-37.105671
-36.925758
-37.063148
-37.125912
-37.034374
-36.924335
-37.133591
-37.138802
-36.989262
-36.906303
-37.125149
-37.117546
-37.040169
-37.027164
-37.037098
-37.133347
-37.029884
-37.080894
-37.010403
-37.057262
-36.860870
-36.893795
-37.130085
-37.001076
-36.921734
-37.002571
-37.145245
-36.861290
-36.979111
-37.063648
-37.090584
-36.993286
-37.098389
-37.113491
-37.234131
-37.032360
-37.067417
-37.110764
-37.160378
-37.137962
-37.097237
-37.131012
-37.191692
-37.165054
-37.052216
-37.117168
-37.164246
-37.086559
-37.208809
-37.138416
-37.225426
-37.028561
-37.188961
-37.096912
-37.114811
-37.191162
-37.167984
-37.098984
-37.146244
-37.126831
-37.141243
-37.113819
-37.174980
-37.059151
-37.204990
-37.219017
-37.093933
-37.181992
-37.219765
-37.146778
-37.112415
-37.183559
-37.174541
-37.171871
-37.229347
-37.135723
-37.168953
-37.196808
-37.234814
-37.187145
-37.219570
-37.173569
-37.308064
-37.251659
-37.261875
-37.440533
-37.318993
-37.391533
-37.418388
-37.265327
-37.355541
-37.341110
-37.413479
-37.483673
-37.508499
-37.211502
-37.383469
-37.453434
-37.319817
-37.402267
-37.342407
-37.542953
-37.412762
-37.545170
-37.412392
-37.474586
-37.444778
-37.431381
-37.483238
-37.444824
-37.506584
-37.477612
-37.440033
-37.565922
-37.485672
-37.461018
-37.316864
-37.474331
-37.376667
-37.341885
-37.461449
-37.312027
-37.421963
-37.275822
-37.346867
-37.266541
-37.286156
-37.401516
-37.328632
-37.293465
-37.242111
-37.265064
-37.206257
-37.196495
-37.256939
-37.215260
-37.199718
-37.094673
-37.149765
-37.024506
-37.119049
-36.938545
-37.060860
-37.142841
-37.131222
-37.061787
-37.003056
-37.137581
-36.922745
-37.077374
-37.008873
-37.181503
-36.995197
-36.767319
-36.984245
-36.945328
-36.849842
-36.684246
-36.862148
-36.871296
-36.699677
-36.822182
-36.786079
-36.874638
-36.754047
-36.761707
-36.706669
-36.847012
-36.665592
-36.676899
-36.744736
-36.652042
-36.679890
-36.561787
-36.653126
-36.694031
-36.642117
-36.604187
-36.581665
-36.598610
-36.566982
-36.789688
-36.711632
-36.609028
-36.586910
-36.487591
-36.620487
-36.738129
-36.555477
-36.549015
-36.569046
-36.574440
-36.581387
-36.707348
-36.445000
-36.631683
-36.690731
-36.675144
-36.515549
-36.745583
-36.725250
-36.538235
-36.611389
-36.699554
-36.688778
-36.565186
-36.553070
-36.644215
-36.685135
-36.731426
-36.652557
-36.575199
-36.476086
-36.630543
-36.661705
-36.574333
-36.600681
-36.656136
-36.519512
-36.664200
-36.686249
-36.559410
-36.511322
-36.653755
-36.762981
-36.653873
-36.862301
-36.711121
-36.472198
-36.664356
-36.744308
-36.600899
-36.670048
-36.692081
-36.735210
-36.542595
-36.657871
-36.728394
-36.706890
-36.539261
-36.651676
-36.671009
-36.559212
-36.684361
-36.644371
-36.705700
-36.596565
-36.783176
-36.661568
-36.658287
-36.580608
-36.656246
-36.711277
-36.832336
-36.793575
-36.764660
-36.776939
-36.711632
-36.704563
-36.722210
-36.774101
-36.772087
-36.764374
-36.834106
-36.901043
-36.760033
-36.639584
-36.641590
-36.761467
-36.840641
-36.560562
-36.713207
-36.807899
-36.820747
-36.597176
-36.701530
-36.789612
-36.633083
-36.604980
-36.672382
-36.734844
-36.704247
-36.620277
-36.648605
-36.658089
-36.510876
-36.636665
-36.435143
-36.594753
-36.515484
-36.546749
-36.538105
-36.596802
-36.491104
-36.491611
-36.451820
-36.536613
-36.531990
-36.389084
-36.466152
-36.570187
-36.581566
-36.382072
-36.545013
-36.474632
-36.403606
-36.476475
-36.375454
-36.378540
-36.449234
-36.454018
-36.286686
-36.495632
-36.370792
-36.317528
-36.287666
-36.244728
-36.283546
-36.288715
-36.294090
-36.243034
-36.269466
-36.224174
-36.189068
-36.176903
-36.218201
-36.044357
-36.118614
-36.220547
-36.066555
-36.038734
-36.077229
-36.143108
-36.091583
-36.044910
-36.099251
-36.161709
-35.925449
-36.129097
-36.088547
-36.157322
-36.022892
-36.079079
-36.110584
-36.111004
-36.031960
-36.102283
-36.100700
-36.158367
-36.046997
-36.085396
-36.070690
-36.152626
-36.134045
-36.053383
-36.111881
-36.092224
-36.104187
-36.064541
-36.203922
-36.143616
-36.187939
-36.063484
-36.142620
-36.263962
-36.095917
-35.994709
-36.246086
-36.260277
-36.243534
-36.203465
-36.215378
-36.222488
-36.255398
-36.307457
-36.322620
-36.269402
-36.262444
-36.343727
-36.409969
-36.382961
-36.368107
-36.373611
-36.291584
-36.281750
-36.510521
-36.512650
-36.394718
-36.326134
-36.470276
-36.462898
-36.506195
-36.485981
-36.491497
-36.513401
-36.443748
-36.611031
-36.481976
-36.468082
-36.532459
-36.574390
-36.526676
-36.585365
-36.378395
-36.667828
-36.595383
-36.510029
-36.471279
-36.633984
-36.603424
-36.581993
-36.369041
-36.621471
-36.593689
-36.558155
-36.438190
-36.528629
-36.598175
-36.555500
-36.404736
-36.529728
-36.598476
-36.495235
-36.403458
-36.381096
-36.640942
-36.426285
-36.470806
-36.445942
-36.459637
-36.365696
-36.420235
-36.520313
-36.379177
-36.427265
-36.350239
-36.458355
-36.452034
-36.482422
-36.237476
-36.354168
-36.453369
-36.226048
-36.399284
-36.383499
-36.411800
-36.273857
-36.239403
-36.341877
-36.375080
-36.365307
-36.146702
-36.442619
-36.290943
-36.291908
-36.205528
-36.407688
-36.285385
-36.144238
-36.335602
-36.256790
-36.335258
-36.220062
-36.149933
-36.385357
-36.125923
-36.247707
-36.196407
-36.292370
-36.190022
-36.330338
-36.208553
-36.151791
-36.361298
-36.185181
-36.312298
-36.081619
-36.292908
-36.211025
-36.235672
-36.219982
-36.217381
-36.247559
-36.153896
-36.233585
-36.210175
-36.293629
-35.995304
-36.171516
-36.183647
-36.167488
-36.155998
-35.977741
-36.133556
-36.146839
-36.125576
-36.048695
-36.114006
-36.049034
-36.026779
-36.007595
-35.954475
-36.074635
-35.993660
-35.876728
-35.923557
-35.973072
-35.833000
-35.766224
-35.972866
-35.814289
-35.766579
-35.687420
-35.878357
-35.831364
-35.713184
-35.691978
-35.704628
-35.813435
-35.625324
-35.564510
-35.574551
-35.675243
-35.457588
-35.453548
-35.497162
-35.470352
-35.335789
-35.437569
-35.428677
-35.433208
-35.259861
-35.255013
-35.194786
-35.361416
-35.296684
-35.263271
-35.198704
-35.059971
-35.231441
-34.901894
-34.979107
-35.005539
-35.119125
-34.925484
-34.917358
-34.998402
-34.761112
-34.831196
-34.657238
-34.829548
-34.702866
-34.775475
-34.683464
-34.570934
-34.658226
-34.581020
-34.541340
-34.452095
-34.380219
-34.600052
-34.424351
-34.279980
-34.232525
-34.380157
-34.049580
-34.217152
-34.118015
-34.142574
-34.048019
-33.938240
-34.184052
-34.016506
-33.817558
-33.746666
-33.949718
-33.788342
-33.721729
-33.749928
-33.856380
-33.518055
-33.544842
-33.563126
-33.645969
-33.448410
-33.393730
-33.453743
-33.480305
-33.333672
-33.402473
-33.261517
-33.211548
-33.100494
-33.241634
-33.268467
-32.987526
-33.159054
-32.983482
-33.168503
-32.930805
-33.005817
-32.863693
-33.070415
-32.939915
-32.833553
-32.862312
-32.923573
-33.016113
-32.722172
-32.832001
-32.940800
-32.884178
-32.867504
-32.708981
-32.879009
-32.893394
-32.974865
-32.910034
-32.879536
-32.905075
-32.985256
-32.988297
-32.915775
-33.028229
-32.982357
-33.055168
-33.052399
-33.002132
-33.021187
-33.018658
-33.202953
-33.149052
-33.138721
-33.035469
-33.281246
-33.075287
-33.280369
-33.176369
-33.299538
-33.320347
-33.171280
-33.338028
-33.334572
-33.503017
-33.187656
-33.378208
-33.421326
-33.492722
-33.345795
-33.552502
-33.497036
-33.395016
-33.503010
-33.475368
-33.528622
-33.549118
-33.557457
-33.531059
-33.437996
-33.601410
-33.613674
-33.493065
-33.541851
-33.690651
-33.727180
-33.471146
-33.682243
-33.786732
-33.664242
-33.640270
-33.660992
-33.758389
-33.691273
-33.749832
-33.623573
-33.781979
-33.746105
-33.661552
-33.706520
-33.813023
-33.726204
-33.472309
-33.809685
-33.606216
-33.898727
-33.646790
-33.723915
-33.532780
-33.680496
-33.674725
-33.685989
-33.695240
-33.497757
-33.739441
-33.445160
-33.726540
-33.469280
-33.624531
-33.467850
-33.475105
-33.556290
-33.609501
-33.479126
-33.325008
-33.475079
-33.433842
-33.486053
-33.413658
-33.338333
-33.305096
-33.371265
-33.310265
-33.272038
-33.316921
-33.299572
-33.229179
-33.149349
-33.295319
-33.324459
-33.113777
-33.110264
-33.120804
-33.230492
-33.118095
-33.089928
-33.139587
-33.052628
-33.034142
-32.992310
-33.077339
-32.935940
-32.910530
-32.983192
-32.986649
-33.060894
-32.985882
-32.851963
-32.833885
-33.030499
-32.898102
-32.814056
-32.824997
-33.100475
-32.892792
-32.775234
-32.848484
-32.940067
-32.893669
-32.653240
-32.838459
-32.873657
-33.064163
-32.801384
-32.811970
-32.917061
-32.897934
-32.939896
-32.843651
-32.931843
-32.927208
-33.033043
