Az       (ft/s^2)
-32.944317
-33.044785
-32.943993
-33.024601
-32.849281
-33.030399
-33.127808
-32.849888
-32.913383
-32.895420
-33.061031
-32.715073
-32.996220
-33.022243
-32.883747
-32.997250
-32.937103
-33.028114
-32.870205
-32.917812
-32.894913
-33.007133
-32.965778
-32.974297
-32.890030
-32.950687
-32.995152
-32.933105
-33.066387
-32.839317
-33.011353
-32.928802
-33.017139
-32.925461
-32.962513
-33.048172
-32.998409
-32.987469
-33.012051
-33.021420
-32.822372
-33.066238
-33.089443
-33.160942
-32.927982
-32.998161
-33.201508
-33.124855
-33.043419
-33.049515
-33.207890
-33.176304
-33.067112
-33.268345
-33.158878
-33.242317
-33.089817
-33.219921
-33.115963
-33.126392
-33.203022
-33.228508
-33.132271
-33.180626
-33.157696
-33.277225
-33.072582
-33.049210
-33.184319
-33.246162
-33.163639
-32.955338
-33.169525
-33.203861
-32.865971
-33.194199
-33.046150
-33.008396
-33.051697
-33.140579
-32.971447
-32.937927
-32.957523
-33.080654
-32.955193
-32.954758
-32.902523
-32.931213
-32.799057
-32.786572
-32.874752
-32.800980
-32.862484
-32.835808
-32.832886
-32.898785
-32.706696
-32.701077
-32.798660
-32.824699
-32.858429
-32.682297
-32.816525
-32.845692
-32.624531
-32.897636
-32.670330
-32.723713
-32.655426
-32.805473
-32.902573
-32.642361
-32.723492
-32.914154
-32.850254
-32.761848
-32.751431
-32.805351
-32.859921
-32.768379
-32.771618
-32.813465
-32.694256
-32.757900
-32.750656
-33.128765
-32.623749
-32.761562
-32.844479
-33.099556
-32.889446
-32.677296
-32.986660
-33.018311
-33.016079
-32.801670
-33.029079
-33.067001
-32.742725
-33.000725
-33.163208
-32.975578
-32.768002
-32.872601
-32.997921
-33.153164
-32.825897
-32.896824
-33.060551
-32.932629
-33.066559
-32.805332
-33.123886
-32.855659
-32.951401
-32.948784
-32.969387
-33.095940
-32.782619
-32.964390
-32.962185
-32.965649
-32.952362
-32.878353
-33.088322
-33.053734
-32.837177
-32.836941
-32.910187
-32.924931
-32.900600
-32.987103
-33.013119
-32.837887
-32.853153
-32.979916
-32.940289
-33.034172
-32.793564
-32.610092
-32.905674
-32.916832
-32.704659
-32.769382
-32.920113
-32.670834
-32.765362
-32.931343
-32.725693
-32.836044
-32.804268
-32.972290
-32.765568
-32.745068
-32.955860
-32.742027
-32.636261
-32.714916
-32.889278
-32.707825
-32.867168
-32.852970
-32.929737
-32.758305
-32.836212
-32.929527
-32.943367
-32.840496
-32.799412
-32.952919
-32.826481
-33.007481
-32.946476
-32.764782
-32.858803
-32.763626
-32.900562
-32.993683
-32.930599
-32.876801
-32.889023
-32.993034
-32.888470
-32.923122
-32.849049
-32.696945
-32.971241
-32.885509
-32.897125
-32.786812
-32.712757
-32.914436
-32.842667
-33.033070
-33.012329
-32.723480
-32.949303
-33.149834
-32.976917
-32.849804
-32.938911
-32.965321
-32.737038
-33.023151
-33.083061
-32.776627
-32.790680
-32.929710
-32.952892
-32.910599
-32.835350
-32.955498
-32.789146
-33.038757
-33.145821
-32.982029
-32.929695
-32.883671
-32.927319
-32.939899
-32.727547
-32.982960
-32.852100
-32.957291
-32.926926
-32.802017
-33.003395
-32.859268
-32.994953
-32.744423
-33.219097
-33.295094
-32.796093
-32.837833
-32.916626
-33.263885
-32.970417
-33.044888
-33.143913
-33.058910
-33.061218
-33.166950
-32.942856
-33.039707
-33.193680
-33.032772
-33.109230
-32.921337
-33.278202
-32.839195
-33.179634
-33.228725
-33.169983
-33.102051
-33.081383
-33.287582
-33.127415
-33.212799
-33.207584
-33.041199
-33.016537
-33.267914
-33.310329
-33.123943
-33.137928
-33.253063
-33.015236
-33.066029
-33.415642
-33.246010
-33.048813
-33.080299
-33.348331
-33.141045
-33.188496
-33.062473
-33.092884
-33.074409
-33.315945
-33.000607
-33.279896
-33.166553
-33.143642
-33.110695
-33.259624
-33.160614
-33.093204
-33.078449
-33.124176
-33.213505
-33.399143
-32.903774
-32.976170
-33.050625
-33.109756
-33.087784
-33.189030
-33.085316
-33.002838
-33.159271
-33.122105
-33.012314
-33.163517
-33.052963
-33.206818
-33.050552
-33.192642
-33.167828
-32.980042
-33.203823
-33.191463
-32.960033
-33.097210
-33.104450
-33.109528
-33.131962
-33.154575
-33.074806
-33.008438
-33.177315
-33.133141
-33.163399
-33.271626
-33.088680
-33.206146
-33.117241
-33.268494
-33.350792
-33.182297
-33.329807
-33.181538
-33.342579
-33.399895
-33.343292
-33.407124
-33.355770
-33.413906
-33.483471
-33.394241
-33.476234
-33.454201
-33.513138
-33.534081
-33.321663
-33.360527
-33.430435
-33.553162
-33.428322
-33.396088
-33.505695
-33.462269
-33.455772
-33.523472
-33.440342
-33.572556
-33.508396
-33.669964
-33.722374
-33.564846
-33.521687
-33.608852
-33.619751
-33.721195
-33.463875
-33.767525
-33.551369
-33.650448
-33.806961
-33.641281
-33.582291
-33.545597
-33.771545
-33.617538
-33.630028
-33.936306
-33.437672
-33.655243
-33.541710
-33.801079
-33.630722
-33.593643
-33.664108
-33.494560
-33.758595
-33.639927
-33.633804
-33.519024
-33.678566
-33.572830
-33.679119
-33.524708
-33.601032
-33.588829
-33.520885
-33.530388
-33.607140
-33.624401
-33.507717
-33.670929
-33.671455
-33.374535
-33.567852
-33.489033
-33.655544
-33.594635
-33.516605
-33.509293
-33.614288
-33.505848
-33.430599
-33.418980
-33.531075
-33.451553
-33.467422
-33.444901
-33.521461
-33.338428
-33.241024
-33.561546
-33.375690
-33.425697
-33.370640
-33.276279
-33.490040
-33.295269
-33.328457
-33.394924
-33.213066
-33.449188
-33.232841
-33.333408
-33.330166
-33.331535
-33.240143
-33.213825
-33.240417
-33.309242
-33.145077
-33.297283
-33.234966
-33.258003
-33.058483
-33.243008
-33.395542
-33.103790
-33.085430
-33.157902
-33.258575
-33.183975
-33.104282
-33.234287
-33.267361
-33.121651
-33.014408
-32.855534
-33.224495
-33.223534
-33.046482
-33.033119
-33.031437
-33.091850
-32.909508
-33.113045
-33.131920
-32.856178
-32.892841
-32.937157
-33.042473
-33.094524
-32.924885
-32.851501
-32.859997
-33.031952
-32.835659
-32.849777
-33.012032
-32.874271
-32.749660
-32.966736
-32.848335
-32.914013
-32.654499
-32.952797
-32.875256
-32.805969
-32.937157
-32.791470
-32.812561
-32.805916
-32.958046
-32.741524
-32.660793
-32.930477
-32.713867
-32.795795
-32.817242
-32.965199
-32.900608
-32.784218
-32.781273
-32.873962
-33.067581
-32.971725
-32.733620
-33.165161
-33.159512
-32.897808
-33.111198
-33.137955
-33.229599
-32.973625
-33.159286
-33.560719
-33.383205
-33.350616
-33.431217
-33.623379
-33.572140
-33.530254
-33.821259
-33.782917
-33.890305
-34.026417
-33.997005
-34.078712
-34.252525
-34.327393
-34.422504
-34.409641
-34.713299
-34.680210
-34.797012
-35.040127
-35.094124
-35.187969
-35.199265
-35.279751
-35.495293
-35.726696
-35.835922
-35.676407
-36.020824
-36.139530
-36.027866
-36.266216
-36.343506
-36.732342
-36.611095
-36.769516
-36.941139
-37.172283
-37.253796
-37.185825
-37.485054
-37.664906
-37.776279
-37.795444
-38.015232
-38.323421
-38.382408
-38.359344
-38.550610
-38.801754
-38.927849
-38.900837
-39.242451
-39.520176
-39.276077
-39.473400
-39.822392
-39.956093
-40.187107
-39.945282
-40.277481
-40.398201
-40.851105
-40.785122
-40.658142
-41.183044
-41.086037
-41.462952
-41.347889
-41.709904
-41.834663
-41.884899
-41.965733
-42.250980
-42.409134
-42.464485
-42.507484
-42.947971
-43.034641
-43.147442
-43.079784
-43.350407
-43.681118
-43.743004
-43.778957
-43.918453
-44.174210
-44.381836
-44.298862
-44.513775
-44.592331
-44.886307
-45.065414
-44.996841
-45.271572
-45.474014
-45.602421
-45.689289
-45.817448
-46.154308
-46.072567
-46.377224
-46.401829
-46.711395
-46.857574
-46.823284
-47.143497
-47.255207
-47.405952
-47.462234
-47.762516
-47.970554
-47.834934
-48.288998
-48.265202
-48.527134
-48.669239
-48.848679
-49.006985
-49.025188
-49.288971
-49.491989
-49.781487
-49.825684
-49.866512
-50.149902
-50.248131
-50.655357
-50.627262
-50.854206
-50.921127
-51.149094
-51.396469
-51.373314
-51.663033
-51.867043
-51.969048
-52.088528
-52.389828
-52.466637
-52.594921
-52.728485
-53.080425
-53.137875
-53.480579
-53.232407
-53.505581
-53.877087
-53.887558
-54.040058
-54.118145
-54.514374
-54.374828
-54.648567
-54.827553
-54.876423
-54.979092
-55.122395
-55.452866
-55.417866
-55.515007
-55.745651
-55.790337
-56.064278
-55.953110
-56.043152
-56.191322
-56.470016
-56.603050
-56.434528
-56.769279
-56.786575
-56.940174
-56.852928
-56.998924
-57.284286
-57.223984
-57.269753
-57.367554
-57.552731
-57.444637
-57.516724
-57.716942
-57.642166
-57.787971
-57.802982
-57.827740
-57.863865
-57.905193
-58.044033
-57.910412
-58.203297
-57.911755
-58.018688
-58.205139
-58.118053
-58.094818
-58.109791
-58.396076
-57.970448
-58.224072
-58.267895
-58.233425
-58.244198
-58.198627
-58.329712
-58.156902
-58.169411
-58.258297
-58.262745
-58.204365
-58.131992
-58.348858
-58.170052
-58.148106
-58.296997
-58.222187
-58.279297
-58.194553
-58.232967
-58.262585
-58.154884
-58.420582
-58.131470
-58.331696
-58.268883
-58.366756
-58.415688
-58.299587
-58.258408
-58.258198
-58.481010
-58.448620
-58.334030
-58.532963
-58.463535
-58.647888
-58.402908
-58.587402
-58.755417
-58.635803
-58.686214
-58.618511
-58.994720
-58.909744
-58.764240
-58.960407
-58.993790
-59.091774
-59.000008
-59.127865
-59.313995
-59.143562
-59.300850
-59.432880
-59.543106
-59.366734
-59.475334
-59.679310
-59.714279
-59.688942
-59.724506
-59.838467
-60.038311
-59.949718
-60.098480
-60.111355
-60.257931
-60.100418
-60.382244
-60.385105
-60.315571
-60.537468
-60.568466
-60.677269
-60.699768
-60.677120
-60.892998
-60.789932
-60.981148
-60.946045
-61.046543
-61.035007
-61.080318
-61.269665
-61.133900
-61.310760
-61.378830
-61.255997
-61.389175
-61.521358
-61.467083
-61.442913
-61.498116
-61.545948
-61.512600
-61.688675
-61.553158
-61.610382
-61.598656
-61.795658
-61.640732
-61.705608
-61.764500
-61.557659
-61.779015
-61.753418
-61.733238
-61.764561
-61.724010
-61.739868
-61.626835
-61.825527
-61.767342
-61.666336
-61.498379
-61.573624
-61.766113
-61.655182
-61.652645
-61.556324
-61.486591
-61.775761
-61.557869
-61.535515
-61.454578
-61.528042
-61.558132
-61.414280
-61.504829
-61.502842
-61.506660
-61.400269
-61.476173
-61.530869
-61.428627
-61.297615
-61.362324
-61.447540
-61.573551
-61.258881
-61.380150
-61.339367
-61.404770
-61.337406
-61.370556
-61.402580
-61.317993
-61.386654
-61.330902
-61.388313
-61.301620
-61.385777
-61.420193
-61.299473
-61.401070
-61.334812
-61.422928
-61.479874
-61.418274
-61.417221
-61.464520
-61.403728
-61.348297
-61.351559
-61.488228
-61.430340
-61.542557
-61.375736
-61.440651
-61.475250
-61.557613
-61.493176
-61.379356
-61.531509
-61.425301
-61.547417
-61.616089
-61.555050
-61.519173
-61.424477
-61.570644
-61.392269
-61.481258
-61.695774
-61.567493
-61.461430
-61.421921
-61.657322
-61.493286
-61.502232
-61.396019
-61.579731
-61.671936
-61.463753
-61.493633
-61.490097
-61.601665
-61.559601
-61.451084
-61.504982
-61.559692
-61.603680
-61.523750
-61.617298
-61.580112
-61.359325
-61.592190
-61.709797
-61.503708
-61.467636
-61.512112
-61.645546
-61.558525
-61.720295
-61.589184
-61.421085
-61.524490
-61.504608
-61.772835
-61.488338
-61.666485
-61.524441
-61.551479
-61.642822
-61.464870
-61.611557
-61.409229
-61.552601
-61.577156
-61.666271
-61.544743
-61.463512
-61.671059
-61.468853
-61.512192
-61.555489
-61.433262
-61.573208
-61.327587
-61.807236
-61.521431
-61.436855
-61.408470
-61.493767
-61.660629
-61.314693
-61.715267
-61.380547
-61.491692
-61.452473
-61.479958
-61.592022
-61.397430
-61.508839
-61.432373
-61.601292
-61.376175
-61.451992
-61.451172
-61.533947
-61.532265
-61.398979
-61.470078
-61.423256
-61.479004
-61.456844
-61.438499
-61.448097
-61.489620
-61.401814
-61.636127
-61.478241
-61.473171
-61.453514
-61.411011
-61.463375
-61.444828
-61.450085
-61.529221
-61.488964
-61.472614
-61.393890
-61.522243
-61.474579
-61.447277
-61.497429
-61.454700
-61.435322
-61.391369
-61.530972
-61.454071
-61.519955
-61.304676
-61.472820
-61.609192
-61.532104
-61.363125
-61.467373
-61.547329
-61.545818
-61.276596
-61.582512
-61.542007
-61.460392
-61.345577
-61.523209
-61.581722
-61.483482
-61.260708
-61.447102
-61.526505
-61.594246
-61.394493
-61.452652
-61.522289
-61.447193
-61.518951
-61.393173
-61.643845
-61.289772
-61.511135
-61.450222
-61.548557
-61.509155
-61.436050
-61.416454
-61.404572
-61.642677
-61.465508
-61.366146
-61.530075
-61.457787
-61.690281
-61.386990
-61.498840
-61.444569
-61.510822
-61.415901
-61.458717
-61.717030
-61.499550
-61.315014
-61.603409
-61.528645
-61.589745
-61.413177
-61.483242
-61.601116
-61.574226
-61.589630
-61.404690
-61.717575
-61.549656
-61.516663
-61.529896
-61.548191
-61.630150
-61.330780
-61.609661
-61.691730
-61.492184
-61.352081
-61.498016
-61.623280
-61.440971
-61.382183
-61.425949
-61.471222
-61.464970
-61.300495
-61.529915
-61.480675
-61.295120
-61.300079
-61.328064
-61.474735
-61.370625
-61.347404
-61.403740
-61.368679
-61.329216
-61.321262
-61.377289
-61.343735
-61.209908
-61.348602
-61.315445
-61.456635
-61.289043
-61.113926
-61.415543
-61.257648
-61.347408
-60.995907
-61.386784
-61.259682
-61.164177
-61.199059
-61.209324
-61.444717
-61.063080
-61.090321
-61.227467
-61.304234
-61.239765
-60.968689
-61.152237
-61.236359
-61.222748
-61.088165
-60.934441
-61.225983
-60.978825
-60.989227
-60.946171
-61.184486
-61.108673
-60.976501
-61.015865
-61.089603
-60.929192
-60.950657
-60.826462
-61.026928
-60.913708
-60.826401
-60.835281
-60.921173
-60.937119
-60.576603
-60.758820
-60.752426
-60.801773
-60.649738
-60.718510
-60.856316
-60.607014
-60.617813
-60.744717
-60.554241
-60.588249
-60.626808
-60.675362
-60.497108
-60.547241
-60.723351
-60.500496
-60.614315
-60.324032
-60.640625
-60.518417
-60.424515
-60.507706
-60.370487
-60.524059
-60.413132
-60.532879
-60.404835
-60.311611
-60.567451
-60.302814
-60.400024
-60.319176
-60.521935
-60.273571
-60.174400
-60.472328
-60.218681
-60.389244
-60.060345
-60.275284
-60.233116
-60.233253
-60.193661
-60.006287
-60.056282
-60.196495
-60.258629
-60.005184
-60.054073
-60.108082
-59.905991
-59.963146
-60.067188
-59.950329
-59.847572
-59.896961
-59.912346
-59.852291
-59.838333
-59.825748
-59.648411
-59.782307
-59.824879
-59.613949
-59.742847
-59.684071
-59.734592
-59.543427
-59.720451
-59.628933
-59.544254
-59.695515
-59.581181
-59.937851
-59.720043
-59.656151
-59.671280
-59.734158
-59.766125
-59.680355
-59.962742
-59.666721
-59.903145
-59.795303
-59.767609
-59.719730
-59.747021
-59.799782
-59.635612
-59.808533
-59.885567
-59.656643
-59.652294
-59.713894
-59.876518
-59.616718
-59.514336
-59.835564
-59.758705
-59.606136
-59.599312
-59.659058
-59.564423
-59.549114
-59.733818
-59.607853
-59.603657
-59.387516
-59.579208
-59.570717
-59.438923
-59.569637
-59.334599
-59.548294
-59.376289
-59.394753
-59.512444
-59.261742
-59.301933
-59.235981
-59.469555
-59.252251
-59.179970
-59.385376
-59.247787
-59.270103
-59.089230
-59.331913
-59.202942
-59.216545
-59.334183
-59.284576
-59.319466
-59.165493
-59.310257
-59.176731
-59.162647
-59.264977
-59.146931
-59.293388
-59.084526
-59.324062
-59.145164
-59.124416
-59.112434
-59.049374
-59.248627
-59.151272
-59.139538
-58.994816
-59.192196
-59.199951
-58.958172
-58.999676
-59.171146
-59.092529
-58.996784
-58.927368
-59.103687
-58.937836
-58.961479
-58.926003
-59.058800
-58.929947
-58.940990
-58.912338
-58.921444
-59.065792
-58.902599
-58.862423
-58.928307
-58.889473
-58.809597
-58.827702
-58.744247
-58.828159
-58.713512
-58.896149
-58.828236
-58.760750
-58.699623
-58.765892
-58.698776
-58.860977
-58.940029
-58.771450
-58.676250
-58.918549
-58.854431
-58.954708
-58.551895
-58.884472
-58.789776
-58.919670
-58.734818
-58.665817
-58.851219
-58.937897
-58.866417
-58.831131
-58.754986
-58.691437
-58.734528
-58.816521
-58.754551
-58.729557
-58.652153
-58.714199
-58.585850
-58.524822
-58.688362
-58.653759
-58.411873
-58.709354
-58.636108
-58.600006
-58.672424
-58.647785
-58.611290
-58.509705
-58.775211
-58.528065
-58.658112
-58.732014
-58.719814
-58.709351
-58.358826
-58.614441
-58.490925
-58.656841
-58.526421
-58.533745
-58.486092
-58.372425
-58.440037
-58.668869
-58.608917
-58.567371
-58.368721
-58.513790
-58.513729
-58.388355
-58.450497
-58.514004
-58.636116
-58.340858
-58.341278
-58.343678
-58.318634
-58.394409
-58.459454
-58.475285
-58.373802
-58.423664
-58.433300
-58.500771
-58.536564
-58.458260
-58.400738
-58.357292
-58.423141
-58.676441
-58.442760
-58.331013
-58.327202
-58.496220
-58.412582
-58.344921
-58.351810
-58.454933
-58.230026
-58.424908
-58.287853
-58.341740
-58.255615
-58.305965
-58.341568
-58.302731
-58.397671
-58.148972
-58.422222
-58.330288
-58.351768
-58.371181
-58.126648
-58.433418
-58.274948
-58.323208
-58.334488
-58.261028
-58.365093
-58.242481
-58.378052
-58.279114
-58.388702
-58.233860
-58.212261
-58.411503
-58.358776
-58.241520
-58.279568
-58.358246
-58.451096
-58.211700
-58.353298
-58.393997
-58.201862
-58.267338
-58.256985
-58.394730
-58.163124
-58.152115
-58.194210
-58.104282
-58.345196
-58.177856
-58.403641
-58.226719
-58.232513
-58.306526
-58.369473
-58.463184
-58.368366
-58.347897
-58.380733
-58.358646
-58.627968
-58.476654
-58.402420
-58.300365
-58.447060
-58.412983
-58.407688
-58.412769
-58.303654
-58.494045
-58.483768
-58.480827
-58.438732
-58.431564
-58.501274
-58.437473
-58.705284
-58.479439
-58.399784
-58.471325
-58.423409
-58.589890
-58.442024
-58.423843
-58.212128
-58.327106
-58.477318
-58.297794
-58.202637
-58.150902
-58.248009
-58.224586
-58.170059
-58.237869
-58.249542
-58.015278
-58.147499
-58.085037
-58.175709
-58.105453
-58.168640
-58.034367
-58.024052
-58.253624
-58.020676
-57.975422
-58.134190
-58.147072
-58.090343
-58.017467
-58.203373
-57.987461
-58.062267
-58.122459
-58.212326
-58.132225
-58.090431
-58.352608
-58.351536
-58.267906
-58.287277
-58.146175
-58.315365
-58.166477
-58.345753
-58.196613
-58.206371
-58.146252
-58.111771
-58.229477
-57.978107
-58.294071
-58.196419
-58.199139
-58.308342
-58.338001
-58.437935
-58.035061
-58.252064
-58.225960
-58.193474
-58.319302
-58.147461
-58.117405
-58.123577
-58.019722
-58.077446
-58.031574
-58.041767
-58.080334
-58.151936
-58.227421
-58.040894
-58.237473
-58.254959
-58.314953
-58.224812
-58.204075
-58.379707
-58.367451
-58.120167
-57.940319
-58.124348
-58.548862
-58.219540
-58.312668
-58.353050
-58.366455
-58.222824
-58.073322
-58.418514
-58.184109
-58.287411
-58.228924
-58.173447
-58.163868
-58.024212
-58.146675
-58.039501
-58.203453
-57.951073
-58.164948
-58.286385
-58.364090
-58.262508
-58.278927
-58.202469
-58.361477
-58.363518
-58.384945
-58.371273
-58.346539
-58.238003
-58.103619
-58.223339
-58.164227
-58.237545
-58.199558
-58.207634
-58.239243
-58.132191
-58.266315
-58.166550
-58.418781
-58.335983
-58.211094
-58.364841
-58.272354
-58.171722
-58.172138
-58.276871
-58.223503
-57.953491
-58.298828
-58.041439
-58.113655
-58.049026
-58.107838
-58.304306
-58.238762
-58.316437
-58.218643
-58.340225
-58.276421
-58.315228
-58.531830
-58.282391
-58.319759
-58.319984
-58.376411
-58.427895
-58.283894
-58.298527
-58.313404
-58.410984
-58.408321
-58.263783
-58.456753
-58.501705
-58.473232
-58.441399
-58.477463
-58.452759
-58.445259
-58.400127
-58.647068
-58.470676
-58.631973
-58.476757
-58.505875
-58.632763
-58.529587
-58.641468
-58.611111
-58.758755
-58.650909
-58.585918
-58.745281
-58.729225
-58.676231
-58.596245
-58.716820
-58.731575
-58.660160
-58.833824
-58.661415
-58.859283
-58.744373
-58.892673
-58.688858
-58.818062
-58.921577
-58.836811
-58.928165
-58.815853
-58.937931
-58.933842
-58.865795
-59.024803
-59.008244
-59.022331
-59.061344
-59.078693
-59.113144
-59.067520
-59.273350
-59.193539
-59.329327
-59.326294
-59.310928
-59.403732
-59.409302
-59.476555
-59.541172
-59.607830
-59.541862
-59.736370
-59.749428
-59.654968
-59.713562
-59.914257
-59.774364
-59.929901
-60.107960
-60.034275
-60.104156
-60.028809
-60.205338
-60.087433
-60.289738
-60.408836
-60.316120
-60.386383
-60.505005
-60.560459
-60.483593
-60.596565
-60.718433
-60.555496
-60.750072
-60.764221
-60.832710
-60.841831
-60.895985
-60.943352
-60.897575
-60.919533
-60.982670
-60.868763
-61.081299
-60.986423
-61.156925
-60.912899
-61.051376
-61.113625
-61.101082
-61.206169
-61.123150
-61.220825
-61.150055
-61.205532
-61.358841
-61.367455
-61.359653
-61.230621
-61.371662
-61.317066
-61.424160
-61.377510
-61.466080
-61.492725
-61.465012
-61.527504
-61.589573
-61.582912
-61.657970
-61.474762
-61.567383
-61.766964
-61.762600
-61.814091
-61.607471
-61.854103
-61.741791
-61.749577
-61.819256
-61.847881
-61.797516
-61.705566
-61.923378
-61.734909
-61.851059
-61.771225
-61.678448
-61.777626
-61.767769
-61.940674
-61.712528
-61.750816
-61.799843
-61.732700
-61.761608
-61.707230
-61.824791
-61.589352
-61.768913
-61.822964
-61.752934
-61.707569
-61.616585
-61.731403
-61.557808
-61.648903
-61.596672
-61.665295
-61.724384
-61.461048
-61.539932
-61.299248
-61.544155
-61.520546
-61.386692
-61.404968
-61.236660
-61.474464
-61.174484
-61.352119
-61.138760
-61.292297
-61.183609
-61.113300
-61.224270
-61.160004
-61.162132
-60.897362
-61.089149
-61.140930
-61.079357
-60.898952
-60.993805
-61.104778
-60.866081
-60.912060
-60.936886
-60.916710
-60.830029
-60.847347
-61.001427
-60.824291
-60.962494
-60.748604
-60.755600
-60.867012
-60.827271
-60.879856
-60.575047
-60.843300
-60.850468
-60.841251
-60.791416
-60.735065
-60.826271
-60.789272
-60.822598
-60.845028
-60.808388
-60.852272
-60.771584
-60.803154
-60.847599
-60.944973
-60.800270
-60.745369
-60.885162
-60.987343
-60.893314
-60.767029
-60.991356
-60.910572
-60.921738
-60.982952
-61.032330
-60.973206
-60.950047
-61.039154
-61.096127
-61.104256
-61.088440
-61.130817
-61.202705
-61.238979
-61.207203
-61.193989
-61.277687
-61.421284
-61.446114
-61.256008
-61.407310
-61.400940
-61.400455
-61.215900
-61.447765
-61.527309
-61.326462
-61.450954
-61.471676
-61.581116
-61.395313
-61.509533
-61.519169
-61.509361
-61.653549
-61.498665
-61.758064
-61.618965
-61.527546
-61.569378
-61.675320
-61.785519
-61.494457
-61.640648
-61.523075
-61.713272
-61.659595
-61.685551
-61.779743
-61.588581
-61.848255
-61.668068
-61.811558
-61.890354
-61.809902
-61.805176
-61.871395
-61.956375
-61.929794
-61.826088
-61.974876
-61.945835
-61.918274
-61.987961
-61.907795
-62.078548
-62.016685
-62.106369
-62.063164
-62.075268
-62.103603
-62.008488
-62.161419
-62.165775
-62.205269
-62.075302
-62.236938
-62.269730
-62.235394
-62.295528
-62.112312
-62.365246
-62.332619
-62.344009
-62.473907
-62.410652
-62.405125
-62.425125
-62.589302
-62.446026
-62.456112
-62.460991
-62.554085
-62.566681
-62.495167
-62.668285
-62.583733
-62.583939
-62.553146
-62.615730
-62.703781
-62.609894
-62.682568
-62.619865
-62.685677
-62.735348
-62.727757
-62.704472
-62.673710
-62.792316
-62.782207
-62.737690
-62.729706
-62.824951
-62.845135
-62.825726
-62.803299
-62.849461
-62.913467
-62.823780
-62.805283
-62.935513
-62.873997
-62.806885
-62.902420
-62.995327
-62.938644
-62.890427
-62.790619
-62.858067
-62.853920
-62.912998
-62.863365
-62.977863
-62.753082
-62.776173
-62.880280
-62.983692
-62.839500
-62.778378
-62.998421
-62.916111
-62.846279
-62.844593
-62.953518
-62.885384
-62.807644
-62.973255
-62.892323
-62.843437
-62.722290
-62.889896
-62.987873
-62.841213
-62.695126
-62.903152
-62.916592
-62.879089
-62.954941
-62.832401
-62.882397
-62.896439
-63.012211
-62.985397
-63.125198
-63.142426
-63.012859
-63.164738
-63.182381
-63.080814
-63.113892
-63.270908
-63.209106
-63.200050
-63.273262
-63.176918
-63.279408
-63.243176
-63.293896
-63.283150
-63.393482
-63.367260
-63.330429
-63.447575
-63.451439
-63.349548
-63.301876
-63.330666
-63.450291
-63.285873
-63.278221
-63.287056
-63.285458
-63.250202
-63.159485
-63.261169
-63.269386
-63.179672
-63.076973
-63.135155
-63.302322
-63.190094
-63.219856
-63.108025
-63.127605
-63.204025
-63.232361
-63.192036
-63.092731
-63.105255
-63.223675
-63.220001
-63.130810
-63.168716
-63.113308
-63.029678
-63.046131
-63.106964
-63.126583
-62.959270
-63.101955
-63.022274
-62.929707
-62.880394
-62.919708
-62.938313
-62.966801
-62.866558
-62.763145
-62.744171
-62.929260
-62.798615
-62.783852
-62.714809
-62.717415
-62.658493
-62.619247
-62.711269
-62.700630
-62.661190
-62.517467
-62.556595
-62.644249
-62.550945
-62.590546
-62.573822
-62.581482
-62.457394
-62.449707
-62.442745
-62.452385
-62.353821
-62.168919
-62.219273
-62.205032
-62.188866
-62.187702
-62.170193
-62.229378
-62.060280
-62.057468
-62.036377
-62.196007
-62.208668
-62.310837
-62.170418
-62.155174
-62.279842
-62.253426
-62.317291
-62.149059
-62.407001
-62.348930
-62.466293
-62.449627
-62.487038
-62.521816
-62.528042
-62.533173
-62.700665
-62.812881
-62.716518
-62.706844
-62.811996
-62.837593
-62.897968
-62.750164
-62.938995
-62.958138
-62.935684
-62.801872
-63.009495
-63.123722
-63.056717
-63.087029
-62.964714
-63.220730
-63.174858
-63.150120
-63.347546
-63.407112
-63.390629
-63.284435
-63.464466
-63.563686
-63.637287
-63.583603
-63.632450
-63.767593
-63.917728
-63.861248
-63.949085
-64.106850
-64.073669
-64.105476
-64.105492
-64.285927
-64.351631
-64.422661
-64.525352
-64.577515
-64.489716
-64.608177
-64.627159
-64.698624
-64.806129
-64.866547
-64.698013
-64.692123
-64.912842
-65.079903
-64.997810
-64.969322
-64.960457
-65.189369
-65.067131
-65.206284
-65.239830
-65.359268
-65.352821
-65.336411
-65.562607
-65.426529
-65.438927
-65.545151
-65.570541
-65.505348
-65.487625
-65.573341
-65.614029
-65.598694
-65.565933
-65.552948
-65.694588
-65.654869
-65.720795
-65.560524
-65.790039
-65.697586
-65.772667
-65.728317
-65.869370
-65.719971
-65.728821
-65.688675
-65.633728
-65.773270
-65.676216
-65.676613
-65.712692
-65.691002
-65.568657
-65.584358
-65.684570
-65.585587
-65.560646
-65.597870
-65.566849
-65.388718
-65.398705
-65.402313
-65.297157
-65.208099
-65.198708
-65.124420
-64.987320
-64.917862
-64.849678
-64.810379
-64.866707
-64.781006
-64.594955
-64.545311
-64.505524
-64.336700
-64.297791
-64.359718
-64.288612
-64.036400
-63.918228
-64.062378
-63.920746
-63.837105
-63.656418
-63.777855
-63.645973
-63.660156
-63.565826
-63.470909
-63.406834
-63.296616
-63.180374
-63.157726
-63.227707
-62.918396
-62.952065
-62.960876
-62.951889
-62.829788
-62.709122
-62.531422
-62.653984
-62.610352
-62.556889
-62.380257
-62.382778
-62.177464
-62.196796
-62.146015
-62.067551
-61.915375
-62.014500
-61.839741
-61.791935
-61.811790
-61.820583
-61.780212
-61.596817
-61.776474
-61.694309
-61.623283
-61.647522
-61.734013
-61.815258
-61.688362
-61.682426
-61.659019
-61.751041
-61.773285
-61.733475
-61.688541
-61.671146
-61.865273
-61.747242
-61.893478
-61.887733
-61.924820
-61.859341
-61.907528
-61.969139
-61.923931
-61.869232
-62.006248
-61.949635
-61.878929
-61.926697
-61.878922
-61.716091
-61.804775
-61.822628
-61.598232
-61.566799
-61.765827
-61.605347
-61.628567
-61.568371
-61.569382
-61.600594
-61.537807
-61.506279
-61.488781
-61.547077
-61.451954
-61.411411
-61.453186
-61.600220
-61.551479
-61.441414
-61.550209
-61.676067
-61.664864
-61.521885
-61.641727
-61.569454
-61.627125
-61.572655
-61.496590
-61.427498
-61.369102
-61.342087
-61.391506
-61.312336
-61.447796
-61.152176
-60.934093
-61.177780
-61.336132
-61.183907
-61.040546
-61.252674
-61.122391
-60.899097
-61.116253
-61.173161
-60.981277
-60.941059
-60.830738
-60.713284
-60.558987
-60.467514
-60.368580
-60.301010
-60.498089
-60.333462
-60.047115
-60.002499
-60.267773
-60.336758
-60.089821
-60.202694
-60.175091
-60.220715
-60.315144
-60.440197
-60.398956
-60.387928
-60.325974
-60.346554
-60.503258
-60.278557
-60.268764
-60.277069
-60.501675
-60.397949
-60.468666
-60.374123
-60.452255
-60.501411
-60.631100
-60.537247
-60.372265
-60.585052
-60.673225
-60.633347
-60.788189
-60.657120
-60.241608
-60.102699
-60.159157
-60.100079
-60.152401
-60.024956
-60.014652
-59.862217
-59.746639
-59.893375
-59.628960
-59.460155
-59.415558
-59.542557
-59.602390
-59.562668
-59.603645
-59.620361
-59.505020
-59.569733
-59.652042
-59.435783
-59.604244
-59.738293
-59.803856
-59.718113
-59.704205
-59.787430
-59.647984
-59.588577
-59.668976
-59.662251
-59.484211
-59.541428
-59.614021
-59.684929
-59.533409
-59.380363
-59.475479
-59.327370
-59.460205
-59.368465
-59.360310
-59.273582
-59.208405
-59.241524
-59.252083
-59.206371
-59.154686
-59.253647
-59.281197
-59.111382
-59.101555
-59.133804
-59.210548
-59.240875
-59.185001
-59.219807
-59.125679
-59.162640
-59.023697
-58.962223
-59.110699
-59.224205
-59.210537
-59.087524
-59.080372
-59.230209
-59.231880
-59.086430
-59.144699
-59.127983
-59.056511
-59.027309
-58.986343
-58.964268
-58.813511
-58.779053
-58.855228
-58.892498
-58.754936
-58.601002
-58.590324
-58.750084
-58.733929
-58.708790
-58.694122
-58.712322
-58.701626
-58.600616
-58.669716
-58.733643
-58.682697
-58.566250
-58.684826
-58.595112
-58.466393
-58.394714
-58.345081
-58.464783
-58.358654
-58.336468
-58.285236
-58.454887
-58.456741
-58.249825
-58.368057
-58.340302
-58.247414
-58.297298
-58.421970
-58.363621
-58.270821
-58.304680
-58.260635
-58.190163
-58.138969
-58.129704
-58.154804
-58.118858
-58.098679
-58.064968
-58.118469
-58.030834
-57.991737
-57.931923
-58.024540
-58.021702
-58.005878
-58.047295
-57.944637
-57.915462
-57.927372
-57.920021
-57.892090
-57.818672
-57.984127
-57.871983
-57.797440
-57.805477
-57.907364
-57.736954
-57.791637
-57.742043
-57.741772
-57.671879
-57.572632
-57.725891
-57.729675
-57.754749
-57.561020
-57.641335
-57.593845
-57.601810
-57.747250
-57.660595
-57.760796
-57.628155
-57.663033
-57.594959
-57.713657
-57.526367
-57.309532
-57.395710
-57.469517
-57.297176
-57.079941
-57.143311
-57.141834
-56.974174
-56.850895
-56.953186
-56.853146
-56.687485
-56.673153
-56.706627
-56.515427
-56.489384
-56.444050
-56.299416
-56.193882
-56.220619
-56.022629
-55.770962
-55.878498
-55.695702
-55.618755
-55.506588
-55.366905
-55.100117
-55.031879
-55.139629
-54.913177
-54.734234
-54.673283
-54.491169
-54.307255
-54.179985
-54.247505
-53.878849
-53.637814
-53.594700
-53.592705
-53.300983
-52.939026
-52.986057
-52.740841
-52.560688
-52.394295
-52.251484
-51.940704
-51.871922
-51.693207
-51.436764
-51.322113
-51.039192
-50.801975
-50.652119
-50.470795
-50.218037
-49.938538
-49.724216
-49.494297
-49.180290
-48.940331
-48.666843
-48.430599
-48.045288
-47.865479
-47.616318
-47.446686
-47.102108
-46.880569
-46.711803
-46.495934
-46.144390
-46.028893
-45.828484
-45.438560
-45.166176
-44.828243
-44.628708
-44.206482
-43.907391
-43.667030
-43.334988
-42.985912
-42.557995
-42.438900
-42.119049
-41.956402
-41.703827
-41.361145
-40.996227
-40.773178
-40.639992
-40.436520
-40.079941
-39.772774
-39.432434
-39.129990
-38.814133
-38.394054
-38.124947
-37.775002
-37.460484
-37.045589
-36.743660
-36.365364
-36.130108
-35.687477
-35.283634
-35.015842
-34.690895
-34.453728
-34.131786
-33.821716
-33.521881
-33.236404
-32.947998
-32.577747
-32.396210
-32.167469
-31.787785
-31.303726
-31.041309
-30.679831
-30.301752
-30.101475
-29.930677
-29.332792
-28.914951
-28.566101
-28.260201
-28.009920
-27.744841
-27.211296
-26.780668
-26.507267
-26.245255
-25.815805
-25.486629
-25.197891
-24.850323
-24.527643
-24.175278
-23.908451
-23.401375
-23.060720
-22.783562
-22.348879
-21.994581
-21.725830
-21.344761
-20.951155
-20.682247
-20.399107
-20.111053
-19.830736
-19.586422
-19.248917
-18.974140
-18.640715
-18.522638
-18.230818
-17.819618
-17.575460
-17.197187
-16.860962
-16.562593
-16.332743
-15.940700
-15.690857
-15.342063
-15.017543
-14.680249
-14.352344
-13.999599
-13.639822
-13.413260
-13.276138
-12.914989
-12.507688
-12.288689
-12.067636
-11.728300
-11.536207
-11.225296
-11.187551
-10.812421
-10.596655
-10.368250
-10.331093
-10.003985
-9.761141
-9.610901
-9.409021
-9.288317
-9.087129
-8.913061
-8.625265
-8.594740
-8.319588
-8.118224
-8.050570
-7.789637
-7.692941
-7.467706
-7.435771
-7.160024
-7.026239
-6.918798
-6.849203
-6.681015
-6.621515
-6.429161
-6.338155
-6.172258
-6.132053
-5.993041
-5.911787
-5.801956
-5.693381
-5.663340
-5.596585
-5.429631
-5.439578
-5.414323
-5.355738
-5.310452
-5.246156
-5.331071
-5.189072
-5.095791
-5.100402
-5.125263
-5.064488
-4.915851
-4.890156
-4.855730
-4.833604
-4.680151
-4.709180
-4.631212
-4.611852
-4.554861
-4.545210
-4.482603
-4.553341
-4.504606
-4.440562
-4.514933
-4.588984
-4.464993
-4.541006
-4.509808
-4.578589
-4.470696
-4.468888
-4.488891
-4.441239
-4.519263
-4.333698
-4.363360
-4.300944
-4.409519
-4.283390
-4.312530
-4.293114
-4.222819
-4.214600
-4.145055
-4.252553
-4.170474
-4.094990
-4.064660
-4.074918
-4.039552
-3.972133
-4.048532
-3.978158
-3.982030
-4.040751
-4.005205
-4.136427
-4.152154
-4.181842
-4.009809
-4.242462
-4.090294
-4.102879
-3.969777
-4.094813
-3.971302
-3.780467
-3.725829
-3.681468
-3.732354
-3.627997
-3.544919
-3.580688
-3.641570
-3.468949
-3.580155
-3.716881
-3.758007
-3.755032
-3.749794
-3.786558
-3.718133
-3.690251
-3.628209
-3.852940
-3.758732
-3.383175
-3.165906
-3.111821
-3.112203
-3.078998
-2.870853
-2.818509
-2.692263
-2.615999
-2.520398
-2.697408
-2.676171
-2.546290
-2.359444
-2.452682
-2.382634
-2.250829
-2.070627
-2.114890
-2.060654
-1.816970
-1.811366
-1.678465
-1.552324
-1.369023
-1.546853
-1.421930
-1.392695
-1.382669
-1.340944
-1.257527
-1.310714
-1.245351
-1.021207
-1.007016
-0.901766
-0.886508
-0.738808
-0.741825
-0.490675
-0.403143
-0.367749
-0.286983
-0.295191
-0.209263
-0.195934
-0.060398
-0.097801
-0.030040
0.054449
0.063025
0.101401
0.171739
0.353173
0.349483
0.351262
0.594243
0.767693
0.777072
0.758204
0.885929
1.057290
1.031964
1.103554
1.211700
1.320089
1.304609
1.228619
1.206675
1.305510
1.449644
1.495452
1.596904
1.733762
1.760437
1.676212
1.866689
2.105331
2.020573
1.960917
1.969801
1.955618
1.897698
1.773396
1.813849
1.791146
1.606860
1.265496
1.351401
1.366426
1.345167
1.299127
1.321312
1.241326
1.109742
1.235434
1.252272
1.323355
1.453121
1.290810
1.413654
1.590520
1.481522
1.489406
1.507867
1.422692
1.475427
1.686532
1.487501
1.361942
1.323081
1.269142
1.208139
1.394898
1.365883
1.114434
1.208394
1.243161
1.193256
1.211254
1.347252
1.242428
1.061639
1.213678
1.293954
1.327772
1.162120
1.220145
1.096836
1.250458
1.189041
1.322259
1.161826
1.227108
1.116251
1.136724
1.165781
1.146700
1.064162
1.028890
1.150943
0.954688
0.992044
1.003385
1.133887
1.028559
0.953214
0.924422
0.922451
0.896815
0.891828
0.841523
0.843002
0.838972
0.723213
0.755664
0.726938
0.695397
0.670606
0.587749
0.602704
0.623042
0.599588
0.515382
0.424584
0.462315
0.364207
0.451741
0.314827
0.299417
0.172603
0.193595
0.203406
0.163442
0.077722
0.029964
-0.023277
-0.039246
0.015014
-0.035193
-0.135860
-0.095436
0.005112
0.115201
-0.050478
0.015610
-0.035626
0.034211
0.033272
0.167048
0.069160
0.149445
0.042722
0.037018
-0.039724
0.055591
0.000718
0.051786
-0.041151
-0.081991
-0.168265
-0.066494
0.073146
0.036904
0.018728
-0.010473
0.114845
0.281516
0.400045
0.519532
0.613570
0.658050
0.717579
0.862350
0.819757
0.835712
1.139894
1.311317
1.055888
1.112857
1.147369
0.932862
1.064368
1.187805
1.048870
1.311362
1.512295
1.215808
1.181738
1.478017
1.625325
1.680577
1.829844
1.713430
1.526984
1.486720
1.523163
1.505013
1.501528
1.346186
1.250345
1.261834
1.261302
1.237723
1.185096
1.132537
1.117529
1.057243
1.166728
1.243654
1.221253
1.133402
0.926733
1.016230
1.059854
0.976206
0.962030
0.879765
0.745841
0.760662
0.737965
0.705324
0.661068
0.668652
0.604297
0.599586
0.778692
0.783449
0.635460
0.627069
0.705723
0.595982
0.549373
0.605473
0.575692
0.454788
0.406953
0.444997
0.334339
0.316635
0.295427
0.321957
0.258863
0.316346
0.278497
0.322288
0.277711
0.287266
0.215799
0.203727
0.214142
0.204354
0.197834
0.181177
0.033857
0.037045
0.169709
0.094000
-0.047487
0.062187
0.066828
-0.086676
0.012805
0.061106
0.017659
-0.041743
0.013068
-0.031896
0.020498
-0.070521
-0.123494
-0.111205
-0.083107
-0.138538
-0.152839
-0.084166
-0.155622
-0.195554
-0.184657
-0.129218
-0.126654
-0.162517
-0.103544
-0.120935
-0.142021
-0.211294
-0.110786
-0.147813
-0.170604
-0.170559
-0.163390
-0.232415
-0.246289
-0.206149
-0.134773
-0.265382
-0.248620
-0.244737
-0.233655
-0.199679
-0.250803
-0.223629
-0.187299
-0.216562
-0.269545
-0.250833
-0.285669
-0.213015
-0.245519
-0.268573
-0.301962
-0.182653
-0.268112
-0.308823
-0.261522
-0.234106
-0.197175
-0.228565
-0.223691
-0.269634
-0.175870
-0.159961
-0.234935
-0.237851
-0.216781
-0.216230
-0.224114
-0.201180
-0.177081
-0.199949
-0.230566
-0.241065
-0.148246
-0.287699
-0.151336
-0.213532
-0.191034
-0.170572
-0.108573
-0.170895
-0.285722
-0.151190
-0.117083
-0.154301
-0.164872
-0.015396
-0.128952
-0.202442
-0.128686
-0.043688
-0.090709
-0.242024
-0.082897
-0.097328
-0.119849
-0.176221
-0.155436
-0.197757
-0.201395
-0.255981
-0.176820
-0.221948
-0.257002
-0.313085
-0.226649
-0.299980
-0.383130
-0.301179
-0.252749
-0.319040
-0.304591
-0.380579
-0.336542
-0.404145
-0.329372
-0.350885
-0.405049
-0.408361
-0.435475
-0.423420
-0.400822
-0.505660
-0.422381
-0.506739
-0.485549
-0.532809
-0.464943
-0.392987
-0.553322
-0.539470
-0.563625
-0.555580
-0.522989
-0.581815
-0.582084
-0.730923
-0.650608
-0.582999
-0.651664
-0.785625
-0.700245
-0.788667
-0.782047
-0.702075
-0.720419
-0.894424
-0.898238
-0.839207
-0.849631
-0.952640
-0.893967
-0.889997
-1.002069
-0.985221
-0.974964
-0.891360
-0.984139
-1.023944
-0.966379
-0.937551
-0.936290
-0.961798
-0.891565
-0.972118
-1.015154
-0.953263
-0.934336
-0.942466
-0.926456
-0.974882
-0.923488
-0.923212
-0.957549
-0.965715
-0.887184
-0.937341
-0.860666
-0.919144
-0.838651
-0.919969
-0.927494
-0.900962
-0.863890
-0.828005
-0.853014
-0.849097
-0.853477
-0.866831
-0.804012
-0.793969
-0.883149
-0.847798
-0.808022
-0.960218
-0.829883
-0.780500
-0.790919
-0.810167
-0.780238
-0.780852
-0.788596
-0.735201
-0.655794
-0.699723
-0.699458
-0.620249
-0.550019
-0.652875
-0.622654
-0.596053
-0.582142
-0.630652
-0.580258
-0.493286
-0.504656
-0.508151
-0.577546
-0.497007
-0.438188
-0.465511
-0.509721
-0.445876
-0.321327
-0.380844
-0.335884
-0.319647
-0.424537
-0.340208
-0.308867
-0.296543
-0.316547
-0.289263
-0.275841
-0.263279
-0.245458
-0.193227
-0.290792
-0.184419
-0.187309
-0.187554
-0.192463
-0.140982
-0.125987
-0.136037
-0.122240
-0.115367
-0.059894
-0.164004
-0.061818
-0.077161
0.015048
-0.101026
-0.029243
-0.109235
-0.021333
0.014923
0.023739
-0.025873
0.004008
0.033792
0.034925
0.033140
0.052849
0.006379
0.021176
0.040339
0.057012
0.026225
0.082501
0.040685
0.053383
0.042265
0.084899
0.090226
0.078305
0.106388
0.060584
0.085594
0.064287
0.121936
0.099602
0.073399
-0.034388
0.027684
0.096485
-0.009525
-0.035090
-0.045157
-0.023594
-0.057649
-0.007807
-0.133147
-0.136335
-0.081538
-0.130119
-0.106539
-0.135870
-0.110900
-0.108575
-0.087761
-0.158576
-0.148969
-0.079882
-0.083047
-0.050374
-0.186331
-0.104228
-0.088332
-0.067214
-0.179065
-0.126315
-0.078699
-0.115218
-0.043227
-0.110899
-0.087474
-0.111995
-0.108071
-0.099760
-0.163759
-0.036107
-0.103227
-0.066933
-0.152872
-0.088573
-0.089872
-0.142560
-0.087531
-0.075499
-0.098634
-0.116225
-0.020802
-0.050165
-0.099223
-0.086999
-0.033329
-0.072801
-0.058748
-0.033788
-0.091869
-0.028009
-0.051139
-0.083865
-0.066864
-0.054592
-0.089320
-0.079063
-0.150187
-0.071780
-0.067229
-0.040599
-0.157150
-0.138383
-0.121968
-0.100050
-0.103523
-0.158490
-0.184006
-0.062924
-0.119069
-0.171607
-0.126048
-0.091863
-0.159987
-0.237033
-0.091601
-0.123279
-0.145262
-0.141998
-0.166133
-0.137448
-0.149431
-0.152384
-0.183722
-0.170701
-0.116671
-0.203090
-0.133787
-0.122022
-0.161097
-0.240294
-0.169247
-0.155145
-0.249963
-0.251930
-0.177048
-0.206412
-0.243255
-0.261923
-0.275317
-0.257806
-0.249311
-0.273687
-0.311759
-0.241860
-0.291928
-0.326569
-0.268932
-0.340198
-0.427978
-0.312110
-0.282445
-0.401682
-0.381289
-0.385013
-0.381983
-0.396413
-0.346750
-0.422264
-0.350484
-0.439938
-0.355398
-0.369634
-0.313251
-0.398537
-0.386053
-0.406579
-0.298982
-0.316264
-0.378003
-0.383403
-0.337739
-0.365846
-0.410794
-0.260562
-0.310084
-0.459755
-0.375729
-0.301170
-0.333804
-0.305495
-0.435916
-0.361253
-0.353405
-0.367271
-0.337718
-0.393301
-0.393321
-0.371809
-0.393953
-0.449670
-0.356653
-0.454515
-0.460295
-0.435356
-0.415799
-0.500381
-0.489287
-0.420151
-0.470324
-0.448307
-0.465758
-0.475404
-0.518762
-0.544395
-0.470522
-0.492834
-0.559011
-0.523533
-0.546278
-0.594064
-0.645977
-0.553779
-0.594737
-0.624617
-0.621772
-0.587713
-0.676511
-0.748893
-0.697681
-0.655949
-0.687427
-0.738775
-0.672154
-0.736566
-0.810506
-0.786664
-0.745025
-0.762392
-0.834858
-0.814072
-0.786338
-0.825999
-0.848642
-0.777612
-0.803578
-0.875636
-0.860022
-0.849416
-0.820091
-0.861980
-0.792598
-0.893377
-0.838398
-0.834529
-0.826816
-0.851027
-0.898201
-0.884026
-0.845435
-0.805376
-0.889944
-0.852435
-0.904193
-0.847227
-0.845873
-0.888669
-0.858048
-0.877896
-0.906022
-0.837137
-0.868088
-0.847498
-0.866698
-0.906603
-0.847946
-0.826494
-0.918739
-0.884439
-0.833200
-0.905697
-0.864371
-0.921812
-0.850034
-0.867632
-0.825692
-0.961259
-0.885807
-0.873969
-0.845712
-0.874631
-0.872261
-0.845521
-0.809529
-0.884127
-0.852925
-0.826676
-0.783071
-0.874491
-0.843058
-0.762138
-0.827745
-0.854249
-0.743148
-0.785366
-0.817965
-0.784866
-0.740340
-0.791728
-0.758557
-0.688946
-0.761960
-0.733701
-0.708687
-0.737519
-0.751905
-0.650908
-0.724506
-0.682722
-0.768537
-0.626531
-0.637646
-0.688159
-0.700699
-0.653603
-0.650742
-0.666637
-0.619734
-0.640724
-0.637675
-0.572514
-0.635310
-0.659940
-0.561903
-0.585944
-0.596078
-0.550408
-0.641578
-0.565374
-0.588493
-0.545760
-0.573525
-0.470380
-0.560479
-0.539538
-0.570338
-0.464925
-0.546858
-0.473507
-0.534316
-0.520581
-0.549726
-0.424857
-0.443844
-0.537481
-0.426529
-0.512842
-0.444052
-0.505842
-0.438348
-0.483673
-0.438328
-0.457522
-0.433893
-0.381365
-0.441100
-0.432919
-0.459653
-0.399772
-0.403024
-0.399316
-0.365673
-0.418690
-0.399919
-0.409550
-0.325947
-0.363101
-0.315509
-0.367979
-0.413867
-0.291401
-0.365839
-0.282557
-0.339829
-0.310209
-0.271661
-0.325281
-0.314306
-0.277833
-0.258332
-0.286295
-0.322569
-0.245742
-0.252398
-0.231576
-0.261995
-0.245971
-0.253706
-0.216858
-0.260420
-0.249028
-0.248446
-0.194382
-0.238480
-0.163246
-0.218070
-0.165254
-0.252123
-0.181811
-0.198429
-0.187752
-0.235977
-0.209439
-0.144314
-0.173581
-0.241357
-0.217204
-0.176723
-0.156488
-0.238173
-0.191765
-0.204428
-0.249462
-0.173939
-0.187527
-0.185063
-0.256063
-0.192455
-0.217199
-0.205129
-0.155115
-0.227191
-0.273563
-0.201088
-0.174375
-0.221477
-0.203085
-0.195074
-0.214091
-0.251307
-0.158726
-0.152019
-0.271550
-0.230153
-0.204492
-0.204820
-0.161881
-0.185182
-0.193661
-0.250416
-0.151504
-0.254625
-0.234714
-0.215548
-0.225436
-0.135741
-0.193470
-0.226161
-0.274038
-0.229973
-0.243569
-0.265451
-0.238357
-0.220801
-0.240343
-0.316964
-0.275219
-0.237380
-0.226296
-0.243068
-0.306790
-0.277041
-0.268134
-0.300017
-0.235749
-0.220518
-0.266795
-0.305208
-0.314183
-0.315082
-0.307214
-0.304246
-0.290819
-0.385304
-0.337717
-0.397988
-0.336018
-0.297526
-0.318872
-0.406797
-0.337693
-0.314055
-0.376971
-0.327064
-0.338735
-0.337403
-0.358437
-0.353274
-0.394688
-0.423098
-0.397495
-0.427597
-0.363525
-0.479076
-0.424358
-0.363587
-0.395362
-0.485147
-0.421959
-0.466780
-0.501008
-0.401605
-0.365769
-0.447076
-0.470625
-0.372048
-0.454649
-0.462737
-0.451130
-0.385378
-0.408554
-0.433102
-0.488521
-0.426656
-0.329008
-0.424507
-0.457805
-0.412413
-0.396823
-0.376208
-0.412934
-0.377878
-0.407157
-0.417784
-0.397463
-0.416025
-0.413959
-0.390502
-0.385033
-0.401017
-0.392533
-0.410505
-0.475766
-0.405618
-0.373794
-0.365094
-0.405766
-0.367747
-0.358967
-0.450973
-0.429439
-0.409349
-0.371285
-0.373936
-0.444355
-0.357156
-0.340635
-0.345590
-0.459926
-0.406568
-0.393559
-0.323491
-0.375216
-0.399631
-0.309019
-0.416557
-0.342294
-0.367658
-0.303670
-0.354988
-0.424013
-0.369950
-0.341459
-0.336937
-0.380618
-0.296630
-0.315899
-0.365059
-0.412320
-0.294682
-0.380737
-0.332029
-0.333307
-0.271989
-0.356556
-0.396209
-0.328435
-0.371998
-0.321984
-0.354630
-0.302866
-0.375320
-0.370263
-0.322916
-0.327806
-0.361382
-0.378757
-0.314788
-0.316129
-0.298872
-0.337394
-0.353693
-0.356546
-0.273912
-0.277432
-0.318736
-0.330398
-0.316711
-0.333802
-0.360037
-0.305118
-0.316159
-0.293344
-0.260657
-0.264577
-0.313028
-0.293889
-0.265761
-0.288068
-0.248710
-0.216252
-0.267842
-0.292543
-0.261327
-0.265617
-0.276337
-0.213026
-0.241495
-0.283250
-0.236244
-0.236426
-0.169291
-0.211363
-0.204343
-0.233737
-0.206039
-0.231600
-0.194425
-0.228461
-0.172483
-0.196876
-0.145370
-0.190060
-0.201368
-0.176497
-0.154219
-0.153357
-0.159477
-0.168233
-0.158290
-0.183495
-0.127821
-0.114360
-0.144324
-0.172153
-0.100422
-0.157951
-0.176605
-0.109373
-0.150710
-0.101698
-0.099092
-0.032874
-0.131988
-0.144244
-0.120812
-0.145573
-0.072825
-0.142452
-0.050328
-0.158436
-0.091911
-0.212133
-0.049522
-0.165305
-0.162941
-0.131440
-0.142147
-0.056623
-0.097437
-0.135407
-0.123854
-0.116651
-0.119666
-0.160418
-0.100665
-0.135322
-0.126605
-0.133623
-0.110120
-0.111759
-0.135251
-0.181037
-0.133420
-0.092442
-0.195852
-0.121372
-0.142359
-0.107562
-0.197744
-0.127919
-0.091544
-0.103063
-0.163316
-0.195255
-0.051705
-0.162263
-0.110859
-0.184036
-0.087208
-0.115610
-0.152455
-0.163394
-0.076587
-0.135712
-0.160224
-0.112265
-0.073384
-0.128300
-0.094593
-0.091747
-0.155108
-0.094877
-0.146870
-0.107541
-0.084988
-0.134364
-0.147243
-0.110311
-0.064509
-0.124763
-0.124368
-0.122251
-0.093937
-0.082769
-0.090020
-0.154565
-0.101724
-0.061491
-0.105974
-0.133688
-0.107010
-0.172027
-0.133767
-0.106209
-0.064661
-0.120624
-0.201618
-0.145117
-0.067771
-0.057272
-0.100913
-0.074067
-0.089569
-0.158377
-0.087222
-0.030741
-0.066889
-0.056160
-0.094100
-0.111514
-0.082798
-0.048693
-0.061896
-0.112594
-0.100257
-0.133923
-0.128821
-0.136957
-0.085008
-0.152780
-0.162016
-0.095069
-0.082548
-0.141029
-0.176580
-0.107131
-0.113277
-0.150129
-0.115746
-0.180495
-0.161687
-0.183703
-0.184762
-0.143275
-0.189841
-0.195110
-0.225501
-0.182744
-0.173904
-0.227635
-0.202646
-0.192404
-0.170866
-0.165351
-0.183472
-0.216641
-0.193052
-0.181955
-0.178886
-0.209360
-0.226716
-0.221314
-0.136687
-0.286673
-0.202901
-0.244047
-0.222211
-0.205741
-0.268221
-0.265196
-0.237274
-0.225254
-0.262540
-0.256436
-0.244391
-0.268566
-0.250077
-0.247720
-0.259082
-0.374989
-0.296653
-0.276013
-0.226184
-0.325193
-0.353585
-0.361532
-0.255264
-0.381956
-0.337128
-0.327123
-0.270113
-0.335770
-0.353869
-0.335452
-0.368127
-0.362946
-0.328883
-0.291256
-0.353248
-0.311497
-0.331426
-0.322574
-0.395741
-0.377087
-0.368931
-0.346597
-0.385399
-0.365434
-0.326436
-0.381629
-0.364711
-0.404349
-0.376779
-0.428978
-0.393988
-0.364883
-0.376278
-0.428069
-0.364701
-0.308971
-0.429009
-0.397777
-0.342737
-0.424992
-0.400355
-0.305153
-0.410337
-0.340787
-0.363724
-0.425211
-0.388349
-0.331816
-0.392262
-0.402691
-0.372610
-0.348230
-0.335566
-0.335388
-0.380345
-0.386201
-0.362907
-0.349867
-0.325399
-0.367612
-0.395145
-0.335315
-0.378527
-0.325870
-0.337291
-0.354493
-0.422086
-0.413965
-0.314830
-0.384455
-0.354473
-0.316031
-0.339956
-0.393052
-0.398869
-0.285188
-0.360945
-0.392842
-0.361496
-0.334754
-0.331266
-0.382205
-0.375706
-0.336501
-0.333229
-0.344232
-0.358020
-0.322540
-0.352977
-0.377077
-0.338234
-0.311072
-0.366912
-0.358912
-0.294005
-0.318327
-0.345214
-0.428642
-0.320353
-0.294279
-0.381089
-0.381954
-0.347085
-0.329137
-0.343971
-0.422604
-0.317094
-0.326971
-0.382694
-0.410059
-0.322086
-0.354647
-0.366755
-0.408125
-0.422091
-0.347913
-0.344685
-0.321877
-0.433780
-0.353778
-0.435171
-0.339085
-0.418352
-0.418324
-0.426015
-0.390769
-0.427114
-0.380418
-0.378913
-0.458861
-0.438472
-0.375952
-0.452721
-0.367357
-0.405617
-0.409138
-0.386352
-0.447814
-0.406025
-0.382889
-0.317044
-0.454403
-0.390931
-0.409461
-0.282258
-0.398570
-0.351980
-0.318851
-0.361840
-0.290301
-0.352066
-0.331240
-0.371948
-0.329410
-0.395830
-0.239046
-0.320451
-0.370187
-0.389882
-0.318380
-0.311377
-0.303262
-0.297718
-0.217302
-0.302240
-0.277641
-0.206938
-0.237050
-0.223802
-0.282314
-0.243381
-0.192233
-0.251643
-0.195263
-0.305191
-0.266749
-0.265452
-0.208789
-0.266945
-0.266962
-0.283926
-0.247975
-0.223031
-0.251625
-0.176521
-0.269744
-0.176051
-0.156501
-0.177506
-0.229157
-0.152024
-0.090160
-0.148220
-0.161284
-0.177567
-0.068116
-0.193102
-0.131166
-0.111703
-0.139268
-0.153011
-0.097777
-0.108501
-0.095956
-0.054238
-0.007440
-0.020125
-0.093804
-0.073150
0.035394
0.075625
0.045361
-0.006041
0.005481
0.002575
0.021048
0.048397
0.017323
-0.034042
0.018003
0.086755
0.050667
0.053269
0.046513
0.117169
0.104596
0.139932
0.172458
0.099950
0.060824
0.065650
0.156806
0.157313
0.215456
0.087175
0.194104
0.189896
0.162358
0.214024
0.204559
0.198912
0.251953
0.210583
0.229913
0.263553
0.231403
0.224988
0.228563
0.223509
0.277533
0.235819
0.207277
0.252413
0.253797
0.248763
0.207806
0.247311
0.200450
0.237591
0.300935
0.283586
0.196965
0.213676
0.243541
0.293399
0.197711
0.263278
0.266503
0.164603
0.183368
0.303892
0.302702
0.153469
0.215559
0.193142
0.299236
0.199264
0.227296
0.214742
0.259997
0.223576
0.230226
0.205796
0.198162
0.221944
0.175596
0.170034
0.183924
0.193873
0.183294
0.199429
0.173033
0.069711
0.096984
0.172038
0.137198
0.039893
0.067030
0.037472
-0.011702
-0.050833
-0.076570
-0.043914
-0.151285
-0.181431
-0.188238
-0.226614
-0.284729
-0.129905
-0.273168
-0.300796
-0.388619
-0.267526
-0.334607
-0.261979
-0.310607
-0.350166
-0.405330
-0.316326
-0.310374
-0.435618
-0.380404
-0.374902
-0.370175
-0.428990
-0.329834
-0.376145
-0.368231
-0.398922
-0.395330
-0.379038
-0.396384
-0.398150
-0.350366
-0.450875
-0.376169
-0.389246
-0.417954
-0.396580
-0.382625
-0.480052
-0.410703
-0.385801
-0.414698
-0.421435
-0.373246
-0.417099
-0.386406
-0.457707
-0.390687
-0.349096
-0.415683
-0.410678
-0.395199
-0.357084
-0.366423
-0.457257
-0.331027
-0.389810
-0.393868
-0.404065
-0.352427
-0.391506
-0.383533
-0.423546
-0.310638
-0.291584
-0.429320
-0.416482
-0.332078
-0.406754
-0.355141
-0.316953
-0.431816
-0.385384
-0.358527
-0.275559
-0.402849
-0.353047
-0.366694
-0.376574
-0.400081
-0.394292
-0.314306
-0.379083
-0.357772
-0.372706
-0.306247
-0.427920
-0.339368
-0.353725
-0.331917
-0.342400
-0.363038
-0.329309
-0.287026
-0.314827
-0.382225
-0.349617
-0.304139
-0.292836
-0.349632
-0.244058
-0.285873
-0.315721
-0.338412
-0.328536
-0.277962
-0.275821
-0.336903
-0.320986
-0.272996
-0.294567
-0.359231
-0.255666
-0.247416
-0.313013
-0.360349
-0.315235
-0.243524
-0.337363
-0.297384
-0.327388
-0.321896
-0.405786
-0.288714
-0.358713
-0.392853
-0.511083
-0.402687
-0.456312
-0.494064
-0.478348
-0.551144
-0.551210
-0.637294
-0.574937
-0.594094
-0.699983
-0.735320
-0.697122
-0.684950
-0.725859
-0.736458
-0.717156
-0.852828
-0.896464
-0.809088
-0.903064
-0.886407
-0.956880
-1.012570
-0.995295
-1.008095
-1.031232
-1.071793
-1.074461
-1.148260
-1.216809
-1.198934
-1.148300
-1.199572
-1.315706
-1.319969
-1.328855
-1.394897
-1.440923
-1.402691
-1.431186
-1.570207
-1.518126
-1.597184
-1.484464
-1.629365
-1.582634
-1.578457
-1.560436
-1.587580
-1.583821
-1.570473
-1.605545
-1.563433
-1.572606
-1.607024
-1.642724
-1.654813
-1.587991
-1.706341
-1.664582
-1.712187
-1.644313
-1.784050
-1.650079
-1.632142
-1.701555
-1.715191
-1.723664
-1.693758
-1.649976
-1.657530
-1.660159
-1.644318
-1.612675
-1.562859
-1.625009
-1.611792
-1.605536
-1.601827
-1.542592
-1.506916
-1.500148
-1.446534
-1.558759
-1.530437
-1.412696
-1.425001
-1.472700
-1.471783
-1.482737
-1.440673
-1.436907
-1.406204
-1.470951
-1.565967
-1.544617
-1.485677
-1.394034
-1.475227
-1.507236
-1.471237
-1.479616
-1.477767
-1.428394
-1.437936
-1.496895
-1.495897
-1.492376
-1.487093
-1.470737
-1.546833
-1.554408
-1.541146
-1.552075
-1.554138
-1.632943
-1.641480
-1.657675
-1.640287
-1.732593
-1.735605
-1.780770
-1.755111
-1.800403
-1.936388
-1.918194
-1.885130
-2.009912
-2.044795
-2.010968
-2.165526
-2.174387
-2.256907
-2.249922
-2.325355
-2.345760
-2.413416
-2.434524
-2.492771
-2.523406
-2.539740
-2.666289
-2.664630
-2.768778
-2.782905
-2.906998
-2.867264
-2.996247
-3.060491
-3.068124
-3.202303
-3.189867
-3.350164
-3.204459
-3.447591
-3.498743
-3.548773
-3.588413
-3.675765
-3.715144
-3.698899
-3.900087
-3.884131
-3.967463
-3.956677
-4.099340
-4.111431
-4.186344
-4.274935
-4.377547
-4.460694
-4.448845
-4.598476
-4.668888
-4.718281
-4.781682
-4.846106
-4.959181
-5.034471
-5.097181
-5.160582
-5.221030
-5.341414
-5.353008
-5.528942
-5.588204
-5.650898
-5.632551
-5.823895
-5.931704
-6.004691
-6.082113
-6.187010
-6.303534
-6.406682
-6.539950
-6.545498
-6.692247
-6.752920
-6.871530
-6.950437
-6.996108
-7.165290
-7.190359
-7.355128
-7.366088
-7.518754
-7.597715
-7.704500
-7.789641
-7.924917
-7.988079
-8.160596
-8.224649
-8.277394
-8.413393
-8.528519
-8.560678
-8.700150
-8.750405
-8.861074
-9.038301
-9.127532
-9.192430
-9.271347
-9.430263
-9.576897
-9.695166
-9.813159
-9.902174
-9.959719
-10.151153
-10.292838
-10.359503
-10.297482
-10.501792
-10.644253
-10.708552
-10.758990
-10.818576
-10.911126
-10.979842
-11.029584
-11.143900
-11.379349
-11.355959
-11.362854
-11.451914
-11.695814
-11.722408
-11.765265
-11.888212
-12.096598
-12.035834
-12.224698
-12.424972
-12.498588
-12.652568
-12.810905
-13.021689
-13.124529
-13.269307
-13.412734
-13.567382
-13.732203
-13.961104
-14.142002
-14.273155
-14.462590
-14.595632
-14.712530
-14.909933
-15.068934
-15.163031
-15.218182
-15.488252
-15.636181
-15.712127
-15.938566
-16.107695
-16.222803
-16.381687
-16.648012
-16.812000
-17.008200
-17.163227
-17.315376
-17.589994
-17.781429
-18.025467
-18.137518
-18.289631
-18.496384
-18.868658
-18.877031
-19.104650
-19.336964
-19.545477
-19.623230
-19.969324
-20.248974
-20.330013
-20.486876
-20.704948
-20.934175
-21.129362
-21.282568
-21.578915
-21.720114
-21.980331
-22.137274
-22.363491
-22.470598
-22.706915
-22.936195
-23.097643
-23.387613
-23.488863
-23.763502
-23.963526
-24.190224
-24.390934
-24.582615
-24.896904
-25.021896
-25.223272
-25.477259
-25.710096
-25.883823
-26.129608
-26.304413
-26.472973
-26.739510
-27.010611
-27.199984
-27.563482
-27.849709
-27.966221
-28.176544
-28.291227
-28.549574
-28.835997
-29.267515
-29.468929
-29.590950
-29.648932
-29.838997
-30.134056
-30.442421
-30.667486
-30.766363
-30.949745
-31.111485
-31.338375
-31.540600
-31.842058
-31.998545
-32.245850
-32.456936
-32.884583
-33.144638
-33.239750
-33.452797
-33.772614
-33.953999
-34.142754
-34.395878
-34.634735
-34.852089
-35.009754
-35.155346
-35.503746
-35.660751
-35.730595
-35.933739
-36.281586
-36.431042
-36.599754
-36.911564
-37.029774
-37.173920
-37.282902
-37.576565
-37.700195
-37.867123
-38.028858
-38.228622
-38.415806
-38.614986
-38.713623
-38.869186
-39.064236
-39.273026
-39.383553
-39.512108
-39.703144
-39.876148
-39.975410
-40.168022
-40.363304
-40.385704
-40.553936
-40.705822
-40.871407
-40.973526
-41.124546
-41.168919
-41.370556
-41.566906
-41.853424
-41.840820
-41.891220
-42.117886
-42.361511
-42.517288
-42.686787
-42.781826
-42.847881
-43.051296
-43.188831
-43.384022
-43.371372
-43.514088
-43.641445
-43.848495
-44.071419
-44.073776
-44.086105
-44.326511
-44.497753
-44.570141
-44.761024
-44.771332
-44.910915
-45.111786
-45.205822
-45.376282
-45.404922
-45.485844
-45.591660
-45.781963
-45.852520
-45.985783
-46.070034
-46.131004
-46.252342
-46.409782
-46.501163
-46.546116
-46.662918
-46.728161
-46.820801
-46.982323
-47.071514
-47.149414
-47.186764
-47.276546
-47.324623
-47.457390
-47.514698
-47.512630
-47.772057
-47.850422
-47.846844
-47.967773
-48.194656
-48.246735
-48.408749
-48.402199
-48.581718
-48.801514
-48.841766
-48.969418
-49.148945
-49.150524
-49.135616
-49.360859
-49.338001
-49.357117
-49.435863
-49.615139
-49.601891
-49.636059
-49.608692
-49.580833
-49.631268
-49.639889
-49.750362
-49.689846
-49.802368
-49.912086
-49.761105
-49.685722
-49.861359
-49.976383
-49.880219
-49.913815
-49.983639
-49.951878
-49.959843
-50.094097
-50.027725
-50.051781
-49.994339
-50.149750
-50.077763
-50.135750
-50.087711
-50.015400
-50.155216
-50.035553
-50.010410
-50.161221
-50.215122
-50.077763
-50.013683
-50.244915
-50.307018
-50.189999
-50.108856
-50.176922
-50.238140
-50.169281
-50.166538
-50.253227
-50.363029
-50.209606
-50.105118
-50.087173
-50.216618
-50.245640
-50.321651
-50.344440
-50.358242
-50.299995
-50.370346
-50.375809
-50.456936
-50.427204
-50.432590
-50.466957
-50.451061
-50.488567
-50.556072
-50.680767
-50.553051
-50.547825
-50.570980
-50.690353
-50.716656
-50.734844
-50.783600
-50.835655
-50.786781
-50.661133
-50.826202
-50.817997
-50.849201
-50.752438
-50.807503
-50.834808
-50.705704
-50.870213
-50.963711
-50.995720
-50.904739
-51.020332
-51.117046
-51.160732
-51.094540
-51.223232
-51.383869
-51.325378
-51.396946
-51.491333
-51.429943
-51.410629
-51.596584
-51.604588
-51.489910
-51.604824
-51.744984
-51.567139
-51.723545
-51.718086
-51.748665
-51.706814
-51.934982
-52.002659
-52.117184
-52.004303
-52.261898
-52.293488
-52.338692
-52.452492
-52.512001
-52.573833
-52.777863
-52.727825
-52.791019
-52.901875
-53.064919
-52.995262
-53.066593
-53.216579
-53.243927
-53.287117
-53.373730
-53.507080
-53.534286
-53.697990
-53.671917
-53.661072
-53.783939
-53.819576
-54.030350
-54.033859
-54.086277
-54.086220
-54.181431
-54.249928
-54.392361
-54.542183
-54.447399
-54.558815
-54.592148
-54.625095
-54.607075
-54.661049
-54.818302
-54.773075
-54.745316
-54.784683
-54.766197
-54.791241
-54.814209
-55.041000
-55.040852
-55.055500
-55.066895
-55.287746
-55.355721
-55.414913
-55.500973
-55.572849
-55.488667
-55.461754
-55.568085
-55.560333
-55.508453
-55.467674
-55.370716
-55.566826
-55.754814
-55.748760
-55.716412
-55.726036
-55.885998
-56.022850
-55.992607
-55.998074
-55.890018
-56.075092
-56.014874
-55.897453
-55.969616
-56.035713
-56.049049
-56.133747
-56.104824
-56.114353
-56.190929
-56.120102
-56.214413
-56.239674
-56.233742
-56.313545
-56.438251
-56.567127
-56.474121
-56.590496
-56.588654
-56.549644
-56.539494
-56.635342
-56.730991
-56.751511
-56.641994
-56.732666
-56.754837
-56.723431
-56.756096
-56.718369
-56.773346
-56.760780
-56.862553
-56.830559
-56.839409
-56.867317
-56.900505
-56.806274
-56.840088
-56.878136
-56.809711
-56.928421
-56.998196
-56.770100
-56.828651
-56.887955
-57.019276
-56.870094
-56.872086
-56.830467
-56.873970
-56.916466
-56.975033
-56.939434
-56.856148
-56.984226
-56.924809
-57.021229
-56.938297
-56.926811
-56.969849
-57.023205
-56.888786
-56.949608
-57.066727
-56.994690
-56.901302
-57.067547
-56.929989
-56.923046
-56.854084
-56.906410
-56.906075
-56.936989
-56.947388
-56.839554
-56.888527
-56.970791
-56.756577
-56.836597
-56.881470
-56.989719
-56.700577
-56.867905
-56.955387
-56.889744
-56.902119
-56.790638
-56.875870
-56.789783
-56.871365
-56.795483
-56.863712
-56.972042
-56.756817
-56.779171
-56.832294
-56.808964
-56.766350
-56.825047
-56.831837
-56.817638
-56.899658
-56.796162
-56.787464
-56.862427
-56.881477
-56.766129
-56.709194
-56.881699
-56.971046
-56.873219
-56.812183
-56.827461
-56.965767
-56.768101
-56.855198
-56.956242
-56.962078
-56.884312
-57.046799
-57.033348
-56.938534
-56.973789
-56.979160
-57.158142
-57.078243
-57.061775
-57.102585
-57.099483
-57.126484
-57.099617
-57.149754
-57.084610
-57.264519
-57.102795
-57.088673
-57.222099
-57.227184
-57.183922
-57.125114
-57.361809
-57.222618
-57.213375
-57.176342
-57.349541
-57.333157
-57.262753
-57.449471
-57.230328
-57.320763
-57.407265
-57.366924
-57.372673
-57.347168
-57.470814
-57.340473
-57.439285
-57.477383
-57.501381
-57.461727
-57.531723
-57.387299
-57.424297
-57.452408
-57.461391
-57.416592
-57.384678
-57.381546
-57.350166
-57.274887
-57.288612
-57.431377
-57.329617
-57.175392
-57.187668
-57.263527
-57.181725
-57.195290
-57.251728
-57.070576
-57.072918
-57.119556
-57.014050
-57.049282
-57.003475
-56.992100
-56.956936
-56.920250
-56.928349
-56.813824
-56.662575
-56.772346
-56.743000
-56.727715
-56.594284
-56.685524
-56.703053
-56.714428
-56.671238
-56.537956
-56.596848
-56.676170
-56.667770
-56.621937
-56.663338
-56.612278
-56.588333
-56.584099
-56.692135
-56.665840
-56.474598
-56.491714
-56.535690
-56.581753
-56.498344
-56.488098
-56.419743
-56.493080
-56.469257
-56.406147
-56.403778
-56.403702
-56.393333
-56.343811
-56.533924
-56.546490
-56.428856
-56.455643
-56.605022
-56.783451
-56.546192
-56.731995
-56.770016
-56.773685
-56.757191
-56.858994
-56.838371
-56.696693
-56.884438
-56.863888
-56.852413
-56.686981
-56.672390
-56.721188
-57.059261
-57.130375
-56.847427
-56.761890
-57.060108
-57.141384
-57.040894
-57.198093
-57.316895
-57.182129
-57.284531
-57.481396
-57.265377
-57.237835
-57.328026
-57.449223
-57.402359
-57.373016
-57.552216
-57.564144
-57.565163
-57.488438
-57.491894
-57.569283
-57.627468
-57.609932
-57.628120
-57.681065
-57.679008
-57.585480
-57.588921
-57.628307
-57.647163
-57.480198
-57.632599
-57.627312
-57.582729
-57.509750
-57.637165
-57.591972
-57.644520
-57.567673
-57.614895
-57.632435
-57.596745
-57.629238
-57.509426
-57.648209
-57.506733
-57.564663
-57.532646
-57.587616
-57.353764
-57.395031
-57.416660
-57.343075
-57.347092
-57.235229
-57.258541
-57.183727
-57.192802
-57.182648
-57.068718
-57.056011
-57.072693
-57.028370
-57.024395
-56.918972
-57.065971
-56.785419
-56.904270
-56.749798
-56.681274
-56.703602
-56.674282
-56.589413
-56.584934
-56.669876
-56.381786
-56.431740
-56.431580
-56.419170
-56.337421
-56.233345
-56.312664
-56.243668
-56.325317
-56.172878
-56.128025
-56.035496
-55.816776
-55.905930
-55.826881
-55.784817
-55.688370
-55.571541
-55.573719
-55.584618
-55.445103
-55.339039
-55.352680
-55.514057
-55.644157
-55.500397
-55.366768
-55.619019
-55.379597
-55.356625
-55.469097
-55.687599
-55.357349
-55.372799
-55.573452
-55.584385
-55.472542
-55.326565
-55.463203
-55.431866
-55.381744
-55.299740
-55.346687
-55.334095
-55.319363
-55.285927
-55.205948
-55.226456
-55.240120
-55.122372
-54.985340
-55.216717
-55.285175
-55.066032
-55.056507
-55.238922
-55.085861
-54.956097
-55.045429
-55.077141
-54.916103
-55.021423
-55.051472
-54.953083
-54.911293
-54.849133
-54.835438
-54.861938
-54.826912
-54.781834
-54.827229
-55.022545
-54.977810
-54.931667
-54.921749
-54.917114
-54.971424
-55.172787
-55.111176
-55.162544
-54.820145
-54.970348
-55.027702
-55.018116
-55.035362
-54.983974
-54.860283
-54.773148
-54.911152
-54.806942
-54.780445
-54.660320
-54.753792
-54.601040
-54.664097
-54.832222
-54.634029
-54.617016
-54.448586
-54.505234
-54.504192
-54.597328
-54.514706
-54.376942
-54.398602
-54.417614
-54.345398
-54.398006
-54.382610
-54.306000
-54.515957
-54.529869
-54.440849
-54.339355
-54.447475
-54.430683
-54.241959
-54.275612
-54.319431
-54.295597
-54.271030
-54.202152
-54.329800
-54.408340
-54.403881
-54.215939
-54.358257
-54.373344
-54.431412
-54.439518
-54.452648
-54.348366
-54.299953
-54.423191
-54.339260
-54.242989
-54.299805
-54.292637
-54.211685
-54.033043
-54.097610
-54.098351
-54.268055
-54.468533
-54.187813
-54.093399
-54.281151
-54.269142
-54.375416
-54.374180
-54.476826
-54.511475
-54.382164
-54.449425
-54.543163
-54.627632
-54.578838
-54.642334
-54.747063
-54.829281
-54.935268
-54.911594
-54.898197
-54.808296
-54.785271
-54.898327
-55.011433
-55.119919
-55.062710
-55.142979
-55.046810
-54.981792
-54.878212
-55.098892
-55.200703
-55.076767
-55.244987
-55.307171
-55.176781
-55.185585
-55.346916
-55.308533
-55.235577
-55.413227
-55.385033
-55.234905
-55.344166
-55.362934
-55.369427
-55.308823
-55.278458
-55.293297
-55.374226
-55.354866
-55.322495
-55.352398
-55.473263
-55.503113
-55.517815
-55.546871
-55.553608
-55.498489
-55.674438
-55.500206
-55.515293
-55.710976
-55.658730
-55.579197
-55.501934
-55.604523
-55.436588
-55.550072
-55.466896
-55.424133
-55.551659
-55.488354
-55.469902
-55.460518
-55.523472
-55.239704
-55.419895
-55.460712
-55.281609
-55.240574
-55.203560
-55.346115
-55.240593
-55.277950
-55.106468
-55.090645
-55.246449
-55.072399
-55.160069
-55.214901
-55.282032
-54.957886
-55.177807
-55.093449
-55.003967
-54.992271
-55.064636
-55.083710
-55.006927
-54.927891
-54.897831
-54.872913
-54.773689
-54.806244
-55.023857
-54.935303
-54.701420
-54.807915
-54.831432
-54.793999
-54.802444
-54.840488
-54.785603
-54.774231
-54.810448
-54.714935
-54.625305
-54.595840
-54.597237
-54.526279
-54.650600
-54.515308
-54.428493
-54.533257
-54.529320
-54.370907
-54.341660
-54.506100
-54.538044
-54.551815
-54.545429
-54.666119
-54.545422
-54.587505
-54.406269
-54.571030
-54.625034
-54.670479
-54.462025
-54.527706
-54.627506
-54.554401
-54.486217
-54.413963
-54.568241
-54.434696
-54.636787
-54.599609
-54.658176
-54.431293
-54.614838
-54.665298
-54.723194
-54.567368
-54.650177
-54.540058
-54.588005
-54.834282
-54.684734
-54.731129
-54.621391
-54.622051
-54.615974
-54.724911
-54.697926
-54.657196
-54.608353
-54.776432
-54.750221
-54.724319
-54.579662
-54.756767
-54.710793
-54.821239
-54.870121
-54.825573
-54.713909
-54.688347
-54.974163
-54.765907
-54.850132
-54.737167
-54.835030
-54.690861
-54.714073
-54.686684
-54.640442
-54.690018
-54.694904
-54.653538
-54.640179
-54.683418
-54.667210
-54.503952
-54.439472
-54.404732
-54.460030
-54.425556
-54.562851
-54.406254
-54.297520
-54.267338
-54.231243
-54.289127
-54.342892
-54.415810
-54.325954
-54.348450
-54.307205
-54.297024
-54.173252
-54.166698
-54.343048
-54.360394
-54.185650
-54.177219
-54.130703
-54.051682
-53.926559
-54.013535
-53.841640
-53.784519
-53.736099
-53.738960
-53.960201
-53.878750
-53.693161
-53.617096
-53.816830
-53.825573
-53.616394
-53.708347
-53.923225
-53.693649
-53.513313
-53.446655
-53.600983
-53.434597
-53.429993
-53.329037
-53.375435
-53.401596
-53.257950
-53.282532
-53.167660
-53.176090
-53.140064
-53.197296
-53.101456
-53.056625
-52.957020
-52.975380
-52.879230
-52.850903
-52.727989
-52.644753
-52.686287
-52.660038
-52.614754
-52.592846
-52.510567
-52.536098
-52.505001
-52.498123
-52.428558
-52.574654
-52.477043
-52.444237
-52.407555
-52.453423
-52.301819
-52.248718
-52.342415
-52.380505
-52.229362
-52.171539
-52.185436
-52.294472
-52.162933
-51.985722
-52.116932
-52.146870
-52.130177
-52.030521
-52.132793
-52.030411
-52.052879
-51.966984
-52.027058
-51.998188
-51.988453
-51.874649
-51.930161
-51.975529
-52.028240
-51.729900
-51.797413
-51.955875
-51.965710
-51.789021
-51.969791
-51.834343
-51.814217
-51.846523
-51.864918
-51.877026
-51.793900
-51.888977
-51.789597
-51.762676
-51.775013
-51.801991
-51.740551
-51.679035
-51.820877
-51.670513
-51.668369
-51.753807
-51.785309
-51.622803
-51.686699
-51.818806
-51.610188
-51.631233
-51.671951
-51.776283
-51.623272
-51.577160
-51.553726
-51.530384
-51.584480
-51.563366
-51.619480
-51.618050
-51.514267
-51.464886
-51.493423
-51.649399
-51.534809
-51.565762
-51.524982
-51.607239
-51.446697
-51.470291
-51.533585
-51.499680
-51.432461
-51.309521
-51.582645
-51.392834
-51.422581
-51.336769
-51.469688
-51.369080
-51.241943
-51.254936
-51.265793
-51.376163
-51.349392
-51.196098
-51.068657
-51.115707
-51.280441
-51.151943
-51.188637
-51.155640
-51.068161
-50.999039
-51.030766
-51.050827
-51.008389
-51.146648
-51.025364
-50.923973
-50.863480
-51.116264
-50.895752
-50.962830
-50.865238
-50.857136
-50.897602
-50.896400
-50.729965
-50.713596
-50.805401
-50.766850
-50.706982
-50.711761
-50.669319
-50.765949
-50.680843
-50.617416
-50.651310
-50.619598
-50.700867
-50.549152
-50.561554
-50.438824
-50.548134
-50.437046
-50.488567
-50.407536
-50.404533
-50.459225
-50.402966
-50.388607
-50.304615
-50.301411
-50.364590
-50.270580
-50.231289
-50.351440
-50.278248
-50.199474
-50.238644
-50.276245
-50.177139
-50.090542
-50.115414
-50.250183
-50.100418
-50.080360
-50.107502
-50.125179
-50.071484
-50.029686
-49.926514
-50.073029
-50.053570
-50.050419
-49.967007
-50.007889
-49.892860
-49.798222
-49.919682
-49.953537
-49.837025
-49.738693
-49.729725
-49.945156
-49.915428
-49.676949
-49.724392
-49.626190
-49.760670
-49.558163
-49.743290
-49.678890
-49.592167
-49.501465
-49.639717
-49.581257
-49.384453
-49.491470
-49.397781
-49.557426
-49.454788
-49.364830
-49.303741
-49.304146
-49.276428
-49.127281
-49.301765
-49.182308
-49.111343
-49.116417
-49.133923
-49.102280
-49.004669
-48.986622
-48.927620
-48.925690
-48.879074
-48.966267
-48.869595
-48.757900
-48.746662
-48.770271
-48.637115
-48.657631
-48.537571
-48.678150
-48.408852
-48.574757
-48.403347
-48.407150
-48.357346
-48.289139
-48.324917
-48.276119
-48.328709
-48.069782
-48.121220
-48.124363
-48.131260
-48.025578
-47.917324
-48.014351
-47.921276
-47.845531
-47.765732
-47.878544
-47.756214
-47.779743
-47.639751
-47.630413
-47.651585
-47.549347
-47.574268
-47.492016
-47.470757
-47.378590
-47.444778
-47.467155
-47.358593
-47.362656
-47.284111
-47.262684
-47.200436
-47.210903
-47.253239
-47.139633
-47.089802
-47.120613
-47.181068
-47.048668
-47.033710
-46.939098
-47.001225
-47.105206
-47.087494
-46.955372
-46.868607
-46.975822
-46.883278
-46.806671
-46.788166
-46.840477
-46.835251
-46.722649
-46.810356
-46.744751
-46.652027
-46.649864
-46.630886
-46.658504
-46.646339
-46.580944
-46.490997
-46.567623
-46.491974
-46.488873
-46.339912
-46.313889
-46.369381
-46.130039
-46.331604
-46.211967
-46.247028
-46.038609
-46.032597
-46.112728
-45.983395
-45.885448
-45.885059
-45.972855
-45.827541
-45.771561
-45.756874
-45.693493
-45.685032
-45.538261
-45.528786
-45.493912
-45.426128
-45.402763
-45.249973
-45.428791
-45.182835
-45.206417
-45.101025
-45.143131
-44.949265
-44.948250
-44.894505
-44.930138
-44.773392
-44.776691
-44.664120
-44.698997
-44.529961
-44.488743
-44.500343
-44.406937
-44.257969
-44.397106
-44.326481
-44.238632
-44.206345
-44.173424
-44.129734
-44.024307
-43.976437
-43.954369
-43.931725
-43.822525
-43.809151
-43.874218
-43.627716
-43.644363
-43.686569
-43.649261
-43.582737
-43.521629
-43.444035
-43.579193
-43.554447
-43.368740
-43.483513
-43.442509
-43.313515
-43.308285
-43.299553
-43.369228
-43.275501
-43.353333
-43.211342
-43.377045
-43.304764
-43.118713
-43.198559
-43.391544
-43.163841
-43.226852
-43.296619
-43.363400
-43.242954
-43.196117
-43.262112
-43.175365
-43.269417
-43.433601
-43.339123
-43.267754
-43.206699
-43.413883
-43.406311
-43.420666
-43.341667
-43.322147
-43.488228
-43.408237
-43.440113
-43.342712
-43.548599
-43.436069
-43.515759
-43.543491
-43.553005
-43.470325
-43.423061
-43.622849
-43.634296
-43.609802
-43.510246
-43.625065
-43.682899
-43.513172
-43.712200
-43.656239
-43.757362
-43.589939
-43.697014
-43.615597
-43.740982
-43.790581
-43.683212
-43.707733
-43.790649
-43.703686
-43.695854
-43.768040
-43.830185
-43.758656
-43.727009
-43.818615
-43.761272
-43.770039
-43.738129
-43.748997
-43.778408
-43.722088
-43.718910
-43.773102
-43.845005
-43.665276
-43.672974
-43.690037
-43.770130
-43.656788
-43.748386
-43.666512
-43.682667
-43.672787
-43.641922
-43.627876
-43.679462
-43.654514
-43.557793
-43.598946
-43.542847
-43.706535
-43.532642
-43.547447
-43.535740
-43.657639
-43.556995
-43.379818
-43.522488
-43.459225
-43.626221
-43.478664
-43.451900
-43.421902
-43.403629
-43.437286
-43.388920
-43.377022
-43.340702
-43.389816
-43.359886
-43.493618
-43.294285
-43.333527
-43.288879
-43.323174
-43.414310
-43.331165
-43.312000
-43.297634
-43.311321
-43.224602
-43.352608
-43.162582
-43.197052
-43.288582
-43.278015
-43.257938
-43.184540
-43.197224
-43.175602
-43.291595
-43.241135
-43.266705
-43.240593
-43.142616
-43.202606
-43.211128
-43.152859
-43.218761
-43.190357
-43.217911
-43.159336
-43.147232
-43.008953
-43.057381
-43.182503
-43.079632
-43.019894
-43.020817
-43.161247
-43.026329
-43.007015
-42.984764
-43.008636
-42.974430
-42.994442
-43.019398
-43.002129
-42.924767
-42.879818
-42.987240
-42.846485
-42.875439
-42.913342
-42.851997
-42.837185
-42.720047
-43.005878
-42.767418
-42.731979
-42.795933
-42.785229
-42.806400
-42.726585
-42.731205
-42.652592
-42.746231
-42.626873
-42.752659
-42.679371
-42.666767
-42.627483
-42.605682
-42.669365
-42.516815
-42.595036
-42.658329
-42.574856
-42.512859
-42.680161
-42.573624
-42.567318
-42.379131
-42.586647
-42.562183
-42.525558
-42.483891
-42.472233
-42.528713
-42.519939
-42.508160
-42.437599
-42.606537
-42.531189
-42.427441
-42.425026
-42.587006
-42.525394
-42.505379
-42.488083
-42.537540
-42.556816
-42.481361
-42.431904
-42.506958
-42.581253
-42.469582
-42.549915
-42.459671
-42.498528
-42.508484
-42.522655
-42.558224
-42.562965
-42.409672
-42.567184
-42.530811
-42.536175
-42.529209
-42.602882
-42.549953
-42.483601
-42.628944
-42.502350
-42.487411
-42.462303
-42.761581
-42.502895
-42.500446
-42.493732
-42.612816
-42.582813
-42.477139
-42.624630
-42.618446
-42.650051
-42.535652
-42.507130
-42.625160
-42.666847
-42.521175
-42.448978
-42.746227
-42.588936
-42.527420
-42.481598
-42.593369
-42.639668
-42.562077
-42.541988
-42.597809
-42.552334
-42.467892
-42.553646
-42.618916
-42.588383
-42.520870
-42.492958
-42.643169
-42.579510
-42.509850
-42.460773
-42.574268
-42.652939
-42.472698
-42.461529
-42.551853
-42.594608
-42.376869
-42.386860
-42.620796
-42.562492
-42.393387
-42.408459
-42.451111
-42.532757
-42.487816
-42.375008
-42.431713
-42.517555
-42.431305
-42.409924
-42.391068
-42.439201
-42.414345
-42.408310
-42.352940
-42.403309
-42.431561
-42.315594
-42.474815
-42.415611
-42.266430
-42.412777
-42.473698
-42.279865
-42.491982
-42.396648
-42.435951
-42.401257
-42.446007
-42.406357
-42.464481
-42.476219
-42.447338
-42.527447
-42.428356
-42.413414
-42.479443
-42.682743
-42.478161
-42.465706
-42.591816
-42.574238
-42.570969
-42.490513
-42.640816
-42.557899
-42.669693
-42.580849
-42.646511
-42.712765
-42.645569
-42.680210
-42.675190
-42.648911
-42.748058
-42.760242
-42.771320
-42.691517
-42.675701
-42.779064
-42.771683
-42.702812
-42.820862
-42.872581
-42.794598
-42.725891
-42.829590
-42.861942
-42.855671
-42.854340
-42.788277
-42.828716
-42.899200
-42.911217
-42.947479
-42.869759
-42.979454
-43.014465
-42.988110
-43.054653
-43.031116
-43.017220
-43.024693
-43.156704
-43.048069
-43.109524
-43.122219
-43.030926
-43.133533
-43.090961
-43.083031
-43.148170
-43.074291
-43.094120
-43.115932
-43.315338
-43.058868
-43.129269
-43.200665
-43.119953
-43.184551
-43.226372
-43.273502
-43.137100
-43.252659
-43.111179
-43.149864
-43.210983
-43.260174
-43.155544
-43.094547
-43.251968
-43.197983
-43.214020
-43.276611
-43.147091
-43.213039
-43.273254
-43.222477
-43.142967
-43.235989
-43.174068
-43.203453
-43.302189
-43.175362
-43.110939
-43.123325
-43.359360
-43.263767
-43.100956
-43.213150
-43.168842
-43.273781
-43.256329
-43.257149
-43.270588
-43.204189
-43.156971
-43.234241
-43.330467
-43.171349
-43.235523
-43.200310
-43.231686
-43.123547
-43.270187
-43.151386
-43.302704
-43.110287
-43.231823
-43.191563
-43.285965
-43.187836
-43.108849
-43.233776
-43.317307
-43.267479
-43.177357
-43.246880
-43.201767
-43.270126
-43.245323
-43.268929
-43.258709
-43.223099
-43.251274
-43.399567
-43.280224
-43.132023
-43.239033
-43.417370
-43.298435
-43.200668
-43.347279
-43.249706
-43.307991
-43.347916
-43.339104
-43.270233
-43.239174
-43.329197
-43.336975
-43.428936
-43.287010
-43.418957
