Az       (ft/s^2)
-25.332977
-25.118740
-24.891470
-24.885618
-25.100420
-25.347301
-25.196636
-24.689917
-24.827978
-24.986176
-25.373716
-25.204605
-25.308899
-25.095606
-25.094835
-25.198893
-25.435183
-25.201847
-25.332148
-25.233799
-25.271530
-25.293514
-25.410328
-25.195766
-25.387068
-25.467110
-25.553612
-25.305931
-25.228476
-25.545925
-25.215702
-24.986715
-25.371353
-25.647158
-25.205172
-25.047558
-25.223486
-25.137154
-24.897463
-24.819170
-25.027554
-24.946650
-24.952644
-24.986147
-25.052153
-25.367292
-25.181450
-25.157360
-25.264963
-25.364878
-25.257055
-25.451391
-25.679390
-25.575953
-25.252132
-25.212723
-25.393135
-25.719225
-25.417009
-25.301186
-25.373569
-25.501081
-25.456465
-25.675800
-25.665508
-25.751671
-25.819538
-25.409883
-25.593332
-25.705906
-25.942842
-25.699451
-25.686028
-26.031307
-25.878952
-25.801971
-25.842236
-26.067066
-26.001455
-26.192825
-26.005823
-26.314627
-26.204048
-26.056175
-26.233152
-26.280260
-26.395641
-26.102007
-26.426876
-26.314281
-26.477030
-26.363056
-26.479919
-26.650709
-26.710909
-26.632496
-26.465187
-26.694624
-26.434418
-26.358980
-26.157516
-26.178291
-25.986597
-25.947542
-25.490768
-25.023228
-24.846027
-24.731789
-24.806568
-24.977953
-25.413671
-24.993282
-24.822609
-25.110472
-25.571674
-25.698050
-25.790337
-25.901955
-25.934069
-25.971027
-26.110914
-26.024443
-25.972889
-25.768181
-25.529089
-25.393669
-25.381456
-25.231331
-24.969110
-25.201349
-25.436859
-25.550356
-25.579908
-25.972780
-26.088331
-26.276100
-26.151495
-26.495819
-26.391115
-26.552513
-26.450600
-26.438480
-26.227537
-26.221165
-26.039965
-25.971470
-26.153297
-26.356092
-26.219116
-26.331446
-26.673923
-26.697351
-26.731871
-26.872057
-26.879433
-26.855425
-26.964632
-26.865948
-26.800230
-26.654518
-26.664991
-26.663149
-26.611490
-26.445347
-26.522524
-26.376621
-26.676256
-26.620083
-26.556480
-26.711735
-26.861027
-26.968042
-26.762913
-26.913807
-26.681187
-26.906713
-26.943869
-27.004383
-26.802320
-26.999792
-26.943340
-27.173878
-26.739601
-26.600937
-26.768808
-26.837183
-26.853695
-26.974903
-26.744495
-26.758669
-27.005714
-26.914494
-26.644711
-26.733971
-27.171337
-26.790756
-26.895113
-27.220936
-27.145729
-26.834475
-26.828451
-26.988550
-26.961973
-27.266354
-26.896395
-26.858498
-26.929482
-27.082743
-26.805952
-26.878305
-26.854546
-26.688196
-26.851688
-27.064760
-26.912155
-26.852743
-26.759590
-26.739756
-26.833824
-27.001186
-26.835356
-26.980978
-26.819613
-26.770184
-26.771496
-26.918344
-26.896721
-26.844370
-26.909534
-26.971523
-27.013704
-27.017178
-26.980549
-26.930172
-27.008022
-26.870489
-26.886375
-27.054501
-26.871460
-26.761623
-27.015625
-26.745222
-26.666323
-26.872355
-26.585703
-26.834099
-26.963625
-26.832735
-26.751415
-26.860180
-26.875954
-26.716974
-26.754038
-26.678642
-26.876774
-26.865614
-26.559971
-26.258095
-26.721375
-26.744890
-26.298586
-26.542908
-26.445515
-26.729961
-26.643841
-26.894232
-26.713009
-26.775984
-26.734959
-26.793886
-27.081099
-27.163925
-27.117989
-26.843254
-26.815058
-26.846779
-27.198370
-27.084839
-27.082438
-27.122421
-27.051403
-27.675493
-27.514357
-27.579559
-27.484697
-27.763628
-27.782022
-27.775169
-27.991573
-27.581676
-27.452900
-27.548208
-28.031403
-27.795609
-27.709557
-27.657742
-27.863449
-27.813465
-27.609392
-27.896357
-27.759624
-27.763517
-27.718685
-27.748564
-27.777838
-27.857384
-27.721001
-27.712566
-27.844654
-27.791969
-27.629019
-27.489756
-28.015120
-28.019621
-27.481052
-27.487366
-27.636452
-27.614191
-27.477339
-27.552952
-27.721935
-27.564178
-27.429890
-27.552916
-27.751467
-28.016413
-27.860912
-27.783401
-27.923744
-27.932425
-28.189682
-28.114008
-28.310326
-28.176186
-28.141918
-28.058201
-28.559216
-28.622665
-28.487930
-28.294117
-28.462793
-28.804583
-28.580463
-28.419674
-28.492195
-28.634918
-28.613701
-28.563738
-28.548368
-28.312078
-28.349745
-28.381544
-28.495327
-28.557476
-28.568745
-28.262665
-28.339443
-28.481369
-28.780733
-28.572659
-28.524769
-28.710072
-28.755983
-28.859377
-29.038301
-28.883865
-28.943144
-28.882374
-29.283054
-29.265453
-29.376026
-29.521959
-29.567144
-29.857580
-29.839626
-29.824749
-30.164660
-30.334442
-30.496029
-30.715271
-30.820150
-31.017996
-31.102449
-31.264015
-31.404554
-31.645456
-31.790724
-31.771395
-32.137943
-32.128773
-32.179592
-32.554325
-32.698612
-32.721760
-32.890549
-33.084526
-33.436302
-33.550240
-33.877270
-34.006378
-34.089794
-34.352314
-34.549503
-34.817722
-34.980305
-35.183952
-35.205669
-35.341240
-35.786472
-35.800606
-36.202930
-36.387383
-36.465332
-36.790997
-37.045788
-37.778908
-37.744965
-37.604809
-37.975887
-38.103920
-38.721321
-39.102264
-39.123390
-39.017479
-39.359867
-39.505020
-39.561176
-39.668232
-39.825165
-39.702869
-40.382771
-40.834755
-40.790638
-40.777496
-40.703766
-41.170612
-41.720726
-41.794621
-41.784462
-41.284966
-42.023964
-42.405331
-42.437309
-42.274673
-42.154572
-42.292034
-42.131931
-42.566864
-42.965454
-43.031910
-42.832420
-42.680637
-42.872242
-43.254723
-43.223186
-43.128815
-43.438034
-43.865314
-44.181091
-44.101368
-44.716873
-44.644157
-44.735905
-44.652710
-44.987434
-45.100143
-44.935211
-45.346573
-45.414371
-45.854950
-45.489178
-45.583397
-45.839272
-46.156471
-46.558018
-46.541954
-46.939133
-47.179115
-47.106888
-47.051300
-47.446377
-47.644245
-47.627388
-47.481583
-47.865578
-48.289520
-48.315823
-48.320290
-48.477047
-48.757034
-48.854912
-48.886375
-49.459766
-49.362926
-49.506641
-49.403687
-49.778553
-50.112568
-50.346603
-50.232014
-50.075130
-50.633854
-50.823940
-50.688030
-50.610100
-51.055004
-51.483616
-51.481815
-51.658741
-51.655827
-51.985828
-52.151165
-52.520401
-52.904522
-53.011078
-53.081112
-53.178825
-53.373276
-53.997349
-53.841591
-53.520988
-53.829266
-54.157730
-54.241722
-54.195713
-54.703972
-54.816635
-54.678059
-54.749805
-54.840744
-54.929131
-55.006577
-55.326679
-55.524651
-55.489849
-55.743076
-55.612156
-55.751591
-56.020451
-56.076309
-56.081375
-56.244644
-56.408684
-56.352039
-56.364136
-56.762161
-56.832893
-56.786648
-56.484882
-56.795109
-57.202412
-57.466812
-57.444973
-57.428223
-57.428150
-57.608181
-57.613255
-58.002411
-57.899986
-58.107498
-58.001472
-58.262302
-58.455498
-58.322609
-58.548744
-58.386005
-58.854782
-58.628864
-58.999382
-59.037842
-59.158115
-59.294411
-59.451794
-59.537857
-59.748367
-59.669724
-59.935841
-60.065521
-60.180901
-60.357868
-60.288307
-60.577278
-60.369598
-60.781982
-60.776951
-60.891796
-60.801105
-60.943111
-61.360523
-61.219444
-61.403633
-61.430218
-61.428249
-61.510014
-61.817032
-61.886036
-62.017265
-61.983501
-61.969330
-62.134495
-62.351429
-62.510571
-62.251842
-62.430733
-62.626266
-62.866570
-62.615612
-62.801014
-62.948353
-62.833717
-63.045189
-63.153503
-63.308262
-63.180088
-63.338730
-63.407471
-63.359211
-63.607208
-63.509045
-63.617966
-63.643257
-63.708527
-63.840942
-63.793167
-63.945190
-63.815701
-64.045036
-64.066681
-63.975277
-64.163795
-64.169098
-64.262184
-64.166206
-64.200043
-64.401085
-64.324898
-64.350548
-64.267944
-64.397530
-64.647591
-64.473930
-64.381561
-64.485069
-64.699486
-64.693542
-64.496864
-64.735474
-64.697052
-64.782669
-64.584953
-64.786369
-64.881546
-64.702278
-64.764633
-64.728592
-64.970261
-64.784401
-64.876625
-64.837463
-64.847878
-65.029381
-64.817543
-64.946434
-64.826111
-64.948921
-64.985786
-64.983101
-64.956329
-64.793289
-64.874832
-65.015503
-64.902275
-64.957146
-64.844643
-64.980499
-64.733536
-64.920921
-65.015335
-64.743790
-64.832039
-64.891151
-64.953575
-64.805756
-64.800301
-64.721817
-64.730614
-64.987457
-64.714096
-64.515175
-64.740227
-64.890076
-64.670769
-64.568031
-64.773903
-64.613197
-64.679848
-64.625557
-64.759323
-64.578636
-64.737991
-64.651230
-64.549446
-64.656349
-64.673820
-64.514870
-64.590065
-64.602684
-64.629311
-64.513344
-64.614983
-64.652542
-64.583321
-64.470528
-64.581879
-64.641670
-64.589485
-64.663055
-64.576195
-64.603912
-64.658218
-64.671455
-64.568398
-64.620483
-64.653175
-64.617905
-64.534927
-64.739388
-64.782303
-64.578964
-64.587822
-64.741737
-64.771133
-64.682991
-64.627449
-64.672554
-64.869179
-64.781448
-64.641968
-64.651276
-64.784668
-64.889275
-64.749916
-64.683578
-64.830727
-64.641167
-64.739784
-64.742714
-64.846237
-64.759560
-64.863182
-64.743774
-64.737862
-64.754570
-64.813293
-64.786163
-64.784210
-64.883522
-64.766159
-64.804893
-64.750908
-64.796463
-64.815414
-64.709114
-64.805420
-64.835602
-64.834351
-64.782951
-64.668098
-64.746246
-64.735382
-64.849777
-64.679344
-64.750977
-64.704521
-64.857925
-64.707527
-64.581963
-64.843338
-64.683250
-64.673630
-64.658325
-64.794678
-64.596214
-64.602753
-64.732658
-64.548813
-64.742874
-64.594246
-64.619827
-64.580513
-64.829399
-64.651779
-64.487541
-64.651428
-64.720352
-64.656715
-64.581673
-64.727951
-64.846252
-64.516014
-64.567535
-64.639030
-64.770958
-64.602974
-64.629967
-64.751236
-64.618454
-64.807579
-64.603539
-64.566750
-64.706963
-64.805519
-64.713791
-64.680763
-64.828117
-64.833900
-64.539001
-64.663429
-64.779678
-64.801224
-64.686707
-64.609604
-64.754829
-64.729454
-64.712067
-64.553192
-64.759430
-64.712967
-64.532387
-64.683006
-64.794273
-64.749702
-64.610229
-64.653221
-64.650551
-64.703423
-64.690903
-64.616188
-64.625023
-64.711250
-64.601974
-64.780251
-64.686035
-64.643929
-64.540512
-64.701706
-64.640045
-64.585442
-64.792114
-64.677048
-64.723602
-64.511208
-64.702454
-64.628113
-64.668045
-64.692299
-64.563072
-64.703293
-64.536354
-64.586052
-64.503227
-64.581680
-64.637123
-64.544090
-64.555511
-64.539925
-64.544327
-64.427666
-64.487480
-64.558563
-64.542488
-64.395920
-64.502365
-64.439735
-64.499008
-64.353767
-64.386932
-64.468796
-64.456810
-64.455421
-64.258499
-64.580933
-64.320091
-64.408943
-64.325294
-64.316582
-64.458649
-64.341057
-64.443703
-64.307602
-64.436295
-64.279129
-64.203453
-64.432304
-64.355988
-64.309105
-64.165909
-64.431053
-64.460808
-64.164810
-64.359459
-64.148514
-64.344528
-64.176346
-64.322701
-64.238083
-64.183037
-64.372528
-64.055054
-64.305801
-64.186348
-64.318787
-64.041275
-64.086838
-64.317162
-64.234444
-64.191017
-64.174271
-64.281158
-64.151527
-64.053467
-64.177750
-64.154938
-64.172440
-64.192436
-64.234215
-64.152016
-64.118752
-64.117203
-64.095818
-64.078873
-64.227524
-64.021957
-64.113335
-64.109703
-64.054161
-64.159935
-64.075302
-64.170891
-63.988449
-64.030075
-64.175926
-64.007843
-64.140724
-64.036758
-64.154739
-64.122353
-63.959053
-64.086922
-64.191750
-64.149086
-63.974014
-64.111984
-64.200912
-64.162872
-64.061768
-64.060295
-64.101334
-64.179550
-64.177856
-64.128250
-63.995350
-64.344604
-64.086517
-63.995033
-64.121864
-64.180336
-64.110840
-64.003006
-64.228935
-64.036018
-64.087723
-64.044159
-63.944958
-64.160286
-64.106667
-64.054688
-63.996376
-64.085754
-64.123779
-63.935303
-64.126350
-63.951775
-64.118248
-64.002487
-63.967896
-64.141319
-64.032272
-64.105515
-63.913063
-64.086906
-64.053467
-64.102951
-64.058075
-63.947334
-64.187416
-64.030632
-64.067513
-64.000351
-64.002052
-64.103127
-63.962231
-64.008270
-63.999424
-64.076500
-64.001396
-63.893955
-64.031593
-63.866863
-63.999302
-63.884315
-63.986511
-63.898342
-63.896130
-64.025230
-63.904430
-63.864609
-63.797764
-63.974964
-63.900547
-63.931263
-63.819626
-63.954185
-63.893448
-63.915142
-63.828243
-63.939381
-63.839203
-63.829380
-63.811150
-63.907154
-63.897919
-63.818119
-63.883835
-63.666908
-64.017296
-63.746193
-63.831680
-63.752941
-63.881874
-63.868774
-63.628975
-63.941502
-63.747421
-63.816711
-63.806641
-63.773247
-63.866367
-63.862904
-63.892380
-63.682240
-63.778526
-63.946083
-63.883968
-63.746883
-63.788914
-63.919743
-63.893013
-63.726948
-63.751480
-63.780827
-63.868572
-63.669727
-63.652187
-63.804527
-63.761097
-63.710209
-63.625286
-63.793686
-63.644569
-63.696590
-63.625664
-63.783501
-63.866447
-63.588219
-63.695156
-63.700340
-63.692818
-63.821640
-63.703953
-63.675201
-63.737457
-63.765041
-63.745102
-63.647865
-63.704624
-63.772350
-63.864223
-63.710098
-63.719177
-63.860374
-63.885948
-63.749393
-63.676846
-63.750332
-63.790829
-63.603443
-63.929264
-63.651997
-63.648926
-63.457016
-63.598549
-63.788895
-63.524460
-63.608395
-63.546093
-63.768620
-63.464874
-63.642437
-63.687782
-63.639706
-63.816696
-63.688271
-63.776993
-63.685329
-63.817104
-63.787052
-63.722816
-63.770752
-63.688648
-63.762268
-63.824707
-63.798771
-63.765911
-63.691967
-63.862400
-63.710365
-63.785851
-63.864452
-63.838310
-63.798019
-63.690121
-64.005829
-63.817291
-63.704231
-63.699062
-63.939835
-63.914555
-63.564789
-63.889240
-63.812248
-64.009811
-63.654671
-63.723518
-63.926517
-63.865753
-63.787609
-63.670025
-63.915428
-63.968704
-63.769936
-63.765282
-63.716492
-63.978222
-63.883862
-63.725895
-63.900623
-63.842510
-63.944508
-63.949902
-63.998970
-63.870068
-63.918785
-64.120720
-64.132027
-64.066139
-64.020973
-63.986019
-64.299904
-64.207657
-64.233322
-64.182655
-64.320778
-64.217644
-64.213181
-64.382767
-64.267052
-64.474915
-64.302673
-64.432693
-64.524025
-64.443344
-64.424217
-64.393188
-64.628838
-64.455879
-64.499413
-64.605324
-64.658134
-64.672462
-64.692390
-64.702751
-64.710297
-64.866112
-64.877724
-64.838478
-64.969971
-64.991058
-65.007454
-64.880402
-65.034668
-65.280525
-65.144592
-65.042786
-65.165581
-65.279091
-65.318077
-65.316383
-65.303429
-65.315956
-65.403801
-65.465027
-65.342072
-65.480652
-65.539696
-65.507217
-65.340225
-65.586632
-65.596352
-65.488876
-65.439156
-65.577126
-65.679550
-65.541336
-65.503059
-65.722412
-65.700790
-65.664490
-65.548317
-65.832397
-65.802238
-65.603989
-65.800957
-65.885704
-65.759415
-65.604851
-65.842880
-65.854652
-65.704529
-65.869400
-65.772865
-65.750114
-65.784126
-65.773979
-65.897148
-65.771011
-65.984535
-65.723579
-65.896660
-65.936150
-65.882004
-65.826355
-65.883606
-66.147659
-65.902275
-66.111832
-66.024147
-65.961372
-65.798508
-66.103043
-66.028030
-65.948334
-66.071991
-66.096344
-66.045273
-66.066528
-65.949921
-66.101578
-66.058578
-66.021484
-66.248917
-66.155418
-66.222687
-65.944664
-66.160057
-66.248802
-66.075264
-66.099716
-66.079803
-66.187782
-66.077972
-66.219383
-66.145973
-65.941048
-66.220901
-66.001389
-66.138374
-66.046539
-66.096779
-66.059471
-66.038414
-66.321602
-66.058685
-65.990341
-66.118210
-66.108070
-66.127800
-65.964890
-66.235832
-66.130646
-66.021881
-66.153610
-66.069923
-66.219406
-66.077713
-66.242226
-66.016418
-66.234856
-66.001144
-66.017662
-66.104530
-65.986694
-66.143349
-66.094879
-66.062798
-66.085579
-66.028069
-66.164589
-65.988808
-66.173340
-66.145691
-66.118301
-66.114670
-66.040123
-66.156761
-66.000870
-65.984985
-66.330872
-66.179863
-66.180901
-65.995377
-66.114792
-66.247055
-66.097084
-66.186996
-66.192551
-66.211510
-66.188667
-66.128792
-66.237862
-66.195580
-66.193527
-66.134483
-66.125679
-66.374275
-66.322975
-66.502258
-66.265396
-66.438354
-66.596413
-66.688011
-66.750313
-66.548515
-66.729996
-66.904579
-66.942734
-66.722404
-66.524635
-66.560318
-66.749390
-66.527992
-66.247932
-66.119278
-66.362923
-66.315643
-66.315529
-66.108063
-65.909378
-65.888435
-65.885857
-66.430405
-66.489731
-66.323502
-66.303535
-66.468330
-66.643257
-66.433380
-66.873955
-67.062630
-67.024216
-67.041344
-66.756889
-67.006607
-66.953705
-67.116776
-67.012695
-67.091599
-67.197014
-67.041733
-67.105919
-67.224655
-67.252800
-67.226486
-67.140625
-67.280968
-67.425179
-67.653755
-67.663513
-67.412895
-67.332962
-67.373764
-67.486107
-67.408882
-67.522873
-67.582176
-67.206451
-67.102509
-67.459175
-67.414711
-67.487556
-67.680862
-68.180573
-68.074875
-67.835274
-67.846199
-67.954201
-68.080933
-68.101059
-68.009064
-68.116035
-68.023987
-68.075356
-67.974098
-68.120712
-68.078262
-68.063316
-68.040741
-68.045219
-68.431252
-68.188881
-68.222824
-68.076172
-68.175568
-68.735443
-68.486717
-68.305244
-68.166595
-68.456978
-68.270187
-68.458031
-68.668327
-68.544968
-68.409554
-68.659019
-68.729607
-68.934662
-68.745979
-68.845093
-68.903992
-69.017166
-69.118484
-69.022774
-69.113747
-68.938606
-69.028564
-68.997238
-68.840622
-68.893280
-69.151115
-69.442528
-69.253281
-69.076683
-69.057465
-68.940529
-69.213417
-69.121437
-69.232040
-69.085236
-68.957512
-68.782730
-68.929832
-69.072311
-68.990013
-68.919159
-69.139282
-69.240196
-68.966118
-68.994812
-69.089714
-69.169472
-69.034599
-69.128792
-69.001114
-69.001907
-69.087959
-68.952995
-68.908798
-68.825745
-68.996117
-68.967613
-68.881912
-69.007942
-69.061371
-68.960571
-68.803474
-69.023743
-68.934219
-68.960411
-68.887238
-69.066505
-68.918213
-68.668327
-68.843552
-68.793243
-68.855721
-68.571198
-68.722916
-68.851151
-68.816933
-68.683823
-68.833496
-68.845795
-68.772438
-68.744438
-68.888084
-68.994797
-68.914612
-68.832047
-68.906761
-68.935081
-68.810905
-68.835701
-68.922768
-69.152130
-68.870102
-68.933495
-68.923645
-69.056923
-69.171921
-69.124168
-69.193062
-69.058876
-69.106720
-69.059174
-69.057106
-69.046158
-68.860916
-68.934204
-68.975769
-69.053871
-68.882301
-68.807228
-69.039375
-68.742897
-68.826141
-68.812042
-69.083374
-68.910042
-68.974716
-69.039986
-69.015327
-68.917458
-68.813560
-68.953239
-69.061104
-68.705284
-68.745880
-68.794022
-68.886917
-68.674820
-68.554482
-68.699196
-68.474976
-68.506561
-68.618576
-68.779579
-68.700691
-68.672096
-68.640930
-68.372932
-68.472466
-68.645782
-68.644821
-68.667686
-68.661659
-68.553154
-68.523315
-68.657372
-68.587914
-68.395889
-68.552650
-68.650185
-68.598282
-68.571373
-68.478806
-68.492210
-68.653740
-68.567886
-68.694000
-68.668800
-68.792389
-68.595520
-68.751007
-68.863167
-68.813446
-68.769798
-68.619896
-68.866776
-68.836906
-68.803047
-68.954483
-68.958031
-68.991081
-69.093178
-69.051796
-69.246651
-69.120422
-69.256340
-69.419769
-69.463860
-69.520523
-69.448402
-69.653801
-69.629799
-69.838356
-69.744385
-69.871552
-69.892342
-69.937416
-70.043282
-69.979530
-70.085114
-70.122177
-70.126518
-70.369370
-70.340370
-70.404259
-70.289673
-70.326347
-70.550629
-70.735245
-70.598320
-70.526344
-70.907951
-70.900368
-70.805290
-70.865196
-71.233925
-70.955467
-71.046806
-71.347534
-71.376999
-71.422684
-71.079872
-71.383766
-71.270721
-71.517166
-71.478798
-71.402985
-71.543015
-71.522682
-71.470345
-71.498383
-71.588028
-71.578621
-71.601341
-71.683067
-71.763184
-71.676689
-71.553024
-71.952164
-71.932426
-71.781265
-71.889786
-72.161537
-72.031982
-71.975266
-72.034935
-72.044418
-72.184143
-72.118423
-72.222603
-72.127174
-72.225281
-72.315147
-72.228798
-72.248055
-72.310768
-72.304382
-72.319336
-72.281136
-72.305016
-72.415916
-72.411842
-72.398651
-72.381126
-72.371689
-72.443169
-72.354897
-72.381500
-72.407997
-72.425140
-72.402061
-72.421204
-72.518875
-72.543434
-72.419861
-72.488983
-72.666412
-72.510239
-72.487732
-72.573456
-72.587845
-72.447556
-72.355400
-72.504860
-72.446526
-72.328171
-72.323746
-72.321556
-72.242004
-72.336479
-72.375610
-72.340599
-72.500305
-72.340607
-72.433105
-72.383286
-72.391823
-72.274422
-72.340027
-72.390266
-72.407829
-72.412109
-72.282539
-72.345879
-72.314850
-72.279076
-72.307487
-72.357346
-72.427437
-72.378799
-72.494431
-72.317703
-72.393456
-72.440773
-72.416306
-72.156502
-72.305656
-72.468430
-72.402084
-72.235649
-72.231163
-72.495476
-72.358612
-72.260086
-72.338844
-72.423241
-72.371910
-72.344734
-72.541931
-72.453644
-72.450905
-72.337967
-72.500771
-72.569153
-72.384705
-72.424042
-72.551697
-72.522057
-72.363083
-72.355164
-72.543488
-72.669830
-72.591835
-72.420555
-72.523544
-72.586739
-72.646400
-72.537323
-72.620636
-72.604790
-72.527435
-72.609406
-72.424698
-72.530777
-72.495613
-72.486717
-72.402763
-72.290894
-72.412163
-72.470085
-72.424194
-72.387756
-72.499512
-72.453293
-72.421860
-72.425262
-72.650566
-72.558258
-72.391006
-72.411194
-72.583321
-72.422737
-72.312744
-72.304260
-72.317787
-72.239494
-72.158524
-72.236450
-72.110275
-72.172279
-72.124245
-71.982704
-72.098045
-72.004387
-72.030884
-71.909302
-72.060181
-71.816719
-71.815002
-71.733948
-71.623055
-71.660805
-71.553276
-71.545555
-71.520943
-71.517097
-71.293922
-71.378029
-71.293831
-71.253860
-71.147469
-71.285538
-71.117722
-70.958176
-71.003036
-71.087418
-70.908722
-70.813347
-70.737694
-70.688438
-70.699699
-70.706512
-70.574005
-70.494408
-70.468315
-70.439468
-70.382874
-70.336502
-70.355530
-70.013069
-70.152229
-70.128998
-70.084366
-69.901985
-69.845024
-69.929329
-69.866837
-69.708885
-69.540154
-69.597023
-69.531662
-69.423988
-69.659912
-69.491364
-69.377243
-69.184883
-69.467209
-69.384964
-69.228867
-69.329987
-69.389938
-69.248283
-69.254501
-69.378708
-69.133835
-69.254051
-69.129219
-68.972450
-68.987358
-69.138069
-68.951164
-68.673256
-68.858940
-68.931084
-68.856491
-68.710846
-68.642342
-68.689659
-68.667816
-68.631386
-68.472984
-68.583046
-68.548721
-68.381744
-68.358582
-68.325096
-68.217476
-67.943375
-68.035309
-68.106117
-68.074921
-67.894188
-67.928505
-67.902153
-67.902969
-67.833725
-67.849548
-67.895096
-67.970505
-67.916931
-67.782341
-67.975517
-67.931602
-67.796494
-67.643555
-67.790794
-67.828270
-67.837852
-67.567688
-67.688774
-67.714783
-67.788155
-67.618629
-67.581711
-67.728386
-67.657120
-67.667694
-67.641899
-67.620796
-67.500534
-67.499847
-67.598488
-67.538750
-67.255920
-67.390785
-67.495331
-67.369888
-67.288383
-67.308678
-67.174210
-67.246185
-67.385254
-67.274689
-67.142662
-67.300423
-67.249977
-67.223694
-67.237404
-67.221855
-67.091080
-67.073853
-67.238167
-67.189156
-67.109642
-67.081512
-66.981499
-66.868759
-66.949013
-67.096985
-66.948074
-66.868782
-66.928520
-66.942589
-66.782875
-66.784866
-66.851212
-66.857002
-66.631149
-66.791023
-66.824135
-66.875938
-66.657005
-66.565903
-66.837379
-66.758369
-66.664825
-66.474586
-66.715935
-66.537285
-66.640060
-66.471146
-66.540649
-66.512901
-66.485680
-66.528198
-66.475304
-66.575958
-66.495987
-66.570473
-66.620522
-66.570503
-66.699020
-66.650116
-66.710655
-66.706352
-66.814819
-66.748367
-66.710884
-66.935776
-66.811203
-66.961945
-66.999725
-67.004601
-66.998627
-67.080856
-67.184883
-67.234474
-67.296700
-67.324005
-67.324028
-67.277420
-67.298744
-67.246887
-67.324081
-67.350151
-67.361923
-67.434486
-67.272903
-67.359337
-67.312370
-67.434296
-67.365097
-67.313667
-67.392342
-67.379128
-67.295052
-67.237923
-67.246758
-67.193275
-67.251152
-67.152496
-67.177605
-67.002251
-67.100777
-67.106377
-67.040840
-67.111374
-67.216583
-67.198273
-67.063591
-67.260056
-67.327789
-67.203209
-67.154732
-67.228111
-67.324875
-67.268440
-67.241402
-67.227661
-67.332863
-67.267593
-67.329826
-67.323601
-67.327988
-67.278107
-67.332664
-67.458954
-67.467712
-67.242188
-67.094139
-67.196083
-67.316727
-67.067482
-67.148247
-66.971313
-66.965706
-66.948166
-66.997612
-66.994003
-66.912369
-67.012634
-66.834740
-66.855011
-66.871887
-67.003403
-66.865799
-66.760635
-66.958839
-66.999084
-66.847603
-66.691460
-66.846573
-66.797073
-66.747017
-66.752495
-66.702553
-66.707787
-66.620621
-66.722504
-66.731964
-66.576385
-66.521477
-66.467163
-66.602119
-66.480934
-66.528915
-66.620506
-66.591751
-66.688240
-66.482773
-66.554024
-66.606850
-66.552582
-66.548470
-66.545067
-66.546120
-66.479080
-66.586609
-66.376480
-66.288582
-66.314476
-66.513344
-66.159058
-66.000587
-66.309143
-66.305450
-66.242348
-66.402763
-66.190079
-66.282639
-66.448364
-66.469902
-66.379410
-66.303375
-66.561432
-66.648125
-66.644356
-66.394180
-66.222588
-66.226830
-66.255783
-66.066490
-66.038696
-66.529831
-66.500603
-66.157516
-66.093193
-66.044136
-66.078758
-66.044113
-66.214653
-66.268463
-66.138092
-65.929703
-65.807053
-65.902466
-65.867027
-66.113564
-65.930916
-66.011017
-66.087410
-66.263557
-66.122208
-66.111900
-66.089767
-65.918167
-65.899567
-65.894325
-66.190292
-66.059288
-65.999702
-65.922913
-65.862900
-65.824234
-65.718567
-65.772743
-65.861191
-65.917725
-65.864479
-65.778809
-65.753571
-65.735435
-65.601379
-65.609375
-65.693382
-65.558540
-65.581787
-65.457367
-65.561264
-65.613533
-65.395126
-65.474106
-65.325729
-65.383675
-65.349060
-65.335892
-65.429817
-65.269997
-65.232590
-65.159195
-65.192596
-65.129349
-65.204185
-65.010033
-65.046318
-65.105499
-65.017525
-64.980782
-64.935066
-64.952423
-64.900940
-64.967743
-64.908104
-64.861588
-64.963577
-64.863312
-64.849991
-64.789993
-64.950890
-64.732346
-64.737114
-64.690102
-64.869759
-64.711754
-64.519020
-64.621300
-64.601776
-64.583908
-64.532028
-64.541840
-64.517120
-64.447662
-64.346420
-64.233910
-64.481201
-64.251305
-64.145973
-64.220787
-64.343391
-64.247795
-64.061119
-64.163277
-64.283569
-64.217583
-64.039841
-64.087692
-64.247490
-64.139618
-64.107460
-64.098450
-64.197037
-64.126091
-63.964439
-63.999760
-64.098824
-64.155617
-64.027748
-63.977077
-63.969791
-64.137047
-63.896702
-63.925587
-63.958145
-63.843834
-63.813564
-63.899284
-63.995617
-63.769119
-63.795406
-63.869125
-63.907894
-63.850292
-63.926544
-63.770111
-63.783760
-64.013710
-64.063858
-63.820217
-63.611317
-63.899376
-63.965240
-63.881672
-63.822018
-63.695400
-63.697010
-63.740788
-63.707512
-63.800102
-63.670689
-63.619499
-63.664604
-63.746220
-63.802319
-63.606560
-63.527538
-63.685455
-63.854683
-63.732754
-63.655941
-63.749416
-63.697536
-63.644054
-63.769119
-63.760864
-63.695351
-63.603611
-63.618595
-63.643219
-63.550484
-63.521420
-63.314053
-63.315784
-63.387035
-63.280495
-63.058983
-63.011509
-63.186005
-63.105377
-62.965267
-63.064209
-62.979385
-62.888634
-62.957478
-63.078995
-62.936184
-62.847118
-62.789997
-62.817997
-62.794636
-62.831577
-62.639847
-62.588051
-62.647263
-62.568203
-62.506092
-62.542416
-62.481899
-62.363472
-62.466057
-62.500694
-62.409863
-62.275627
-62.449520
-62.283470
-62.230263
-62.276470
-62.235466
-62.148445
-62.079670
-62.127068
-61.978771
-62.067680
-61.921021
-61.774693
-61.801273
-61.611813
-61.664436
-61.600029
-61.656395
-61.433712
-61.472832
-61.380726
-61.357704
-61.283474
-61.373421
-61.346188
-61.218544
-61.182907
-61.237274
-61.145580
-61.031818
-60.841518
-60.856979
-60.846855
-60.739460
-60.416965
-60.459648
-60.466064
-60.148491
-60.025520
-59.906246
-59.909241
-59.629208
-59.610565
-59.488453
-59.353462
-59.075043
-58.952152
-58.777748
-58.728039
-58.602150
-58.164249
-57.987568
-57.940834
-57.696140
-57.412930
-57.037674
-56.916042
-56.552788
-56.276062
-56.019772
-55.686092
-55.345284
-54.936230
-54.689655
-54.289177
-53.999458
-53.550220
-53.187214
-52.879139
-52.678383
-52.328312
-51.931290
-51.534489
-51.307400
-50.999279
-50.846294
-50.381580
-50.097584
-49.684319
-49.403358
-49.167168
-48.659981
-48.396622
-47.884560
-47.615627
-47.146385
-46.843239
-46.457447
-45.863888
-45.489079
-45.324879
-44.894474
-44.471981
-44.135616
-43.705795
-43.283485
-42.980156
-42.608559
-42.201466
-41.633930
-41.227226
-40.666920
-40.209209
-39.812790
-39.372234
-38.980396
-38.496780
-37.899197
-37.461803
-37.146214
-36.795208
-36.355682
-35.869484
-35.489315
-34.941566
-34.470715
-34.084835
-33.577126
-33.132668
-32.621700
-32.138466
-31.589329
-31.144442
-30.692202
-30.334330
-29.765881
-29.408264
-28.924692
-28.200808
-27.799734
-27.482090
-27.170052
-26.574335
-26.080690
-25.702105
-25.225172
-24.884701
-24.422731
-23.909901
-23.502466
-23.262360
-22.896593
-22.470564
-22.034948
-21.564667
-21.171350
-20.786667
-20.467724
-20.036335
-19.481777
-19.227365
-18.757456
-18.375044
-17.970221
-17.737015
-17.388054
-16.976410
-16.726046
-16.530193
-16.084377
-15.945647
-15.618941
-15.460804
-15.054349
-14.651922
-14.400921
-14.133446
-13.913763
-13.599399
-13.284639
-13.072254
-12.776397
-12.565212
-12.286865
-12.181398
-11.992067
-11.734696
-11.540086
-11.202928
-11.083194
-10.972817
-10.774201
-10.473446
-10.279094
-10.129251
-9.877515
-9.850863
-9.691880
-9.471458
-9.117598
-8.920689
-8.852424
-8.855549
-8.678870
-8.442710
-8.119888
-7.994507
-8.074000
-7.961967
-7.647473
-7.537567
-7.372219
-7.255712
-6.982424
-6.974278
-6.702150
-6.541299
-6.362923
-6.396162
-6.117957
-5.966126
-5.851308
-5.646070
-5.479077
-5.403287
-5.350248
-5.147787
-5.010816
-4.872437
-4.827576
-4.798422
-4.675917
-4.559869
-4.381876
-4.437400
-4.145314
-4.132886
-4.193346
-3.859254
-3.821997
-3.732739
-3.667151
-3.528301
-3.603822
-3.416847
-3.271379
-3.228619
-3.282063
-3.192832
-3.019128
-3.087910
-2.905357
-2.874127
-2.796538
-2.755292
-2.787590
-2.610716
-2.523138
-2.561215
-2.531406
-2.304812
-2.298979
-2.277906
-2.203894
-2.285856
-2.263351
-2.147753
-1.995156
-2.039411
-1.860915
-1.981946
-1.895560
-1.904516
-1.689780
-1.683266
-1.635395
-1.531354
-1.528216
-1.494525
-1.431988
-1.429704
-1.334010
-1.242548
-1.306420
-1.330817
-1.133461
-1.106032
-1.195793
-1.245466
-1.093542
-1.216504
-1.212224
-1.031755
-1.142538
-1.094250
-1.158934
-1.011403
-1.180756
-1.063541
-1.157957
-1.072067
-1.064801
-1.022322
-0.914785
-1.004662
-0.935715
-0.927132
-0.913199
-0.913553
-0.919897
-0.765052
-0.866202
-0.828967
-0.831221
-0.831747
-0.791031
-0.721103
-0.838486
-0.808901
-0.735147
-0.800987
-0.818052
-0.673279
-0.746010
-0.804576
-0.730482
-0.729013
-0.735615
-0.794602
-0.797763
-0.599159
-0.717267
-0.781574
-0.782155
-0.706708
-0.783740
-0.789780
-0.686383
-0.716740
-0.686925
-0.678195
-0.752186
-0.602259
-0.596230
-0.588118
-0.627923
-0.552412
-0.562448
-0.519641
-0.473328
-0.453635
-0.448002
-0.504791
-0.398795
-0.277778
-0.251718
-0.376193
-0.242525
-0.140349
-0.140335
-0.120926
0.015703
0.011439
0.069370
0.103272
0.109066
0.152953
0.156965
0.219822
0.318283
0.303453
0.224714
0.322020
0.389931
0.334582
0.529256
0.467386
0.527546
0.508212
0.662278
0.624645
0.671194
0.783696
0.935717
0.899388
0.943406
0.920084
0.940854
0.991401
1.000011
1.213454
1.124277
1.092048
1.096777
0.988264
1.165383
1.198103
1.189402
1.074512
1.169075
1.068413
1.252047
1.212622
1.204740
0.996248
1.079747
1.069877
1.074877
1.128278
0.989768
0.895699
0.932173
1.057101
0.958582
0.985107
1.018855
0.835340
0.893942
0.979556
1.057415
1.043814
0.919037
0.760758
1.044639
0.955655
0.958356
0.913003
0.849950
0.838203
0.930265
0.922391
0.748298
0.812509
0.768356
0.861999
0.966512
0.919819
0.742204
0.903544
0.907271
0.804301
0.856809
0.893911
0.830902
0.790688
0.741466
0.678402
0.767259
0.704494
0.732753
0.685495
0.727440
0.613698
0.688161
0.588691
0.687614
0.620397
0.544104
0.409987
0.516492
0.499854
0.328136
0.318977
0.167579
0.199581
0.136126
0.198622
0.093387
0.045031
-0.012127
-0.004491
0.129669
0.040468
-0.072825
-0.140168
-0.068227
-0.078238
-0.006319
-0.049770
-0.154402
-0.123532
-0.221803
-0.137218
-0.089629
-0.102451
-0.197364
-0.260972
-0.168018
-0.087167
-0.079580
-0.179509
-0.137032
-0.224545
-0.125685
-0.120127
-0.106594
-0.047789
-0.224462
-0.224224
-0.158892
-0.104776
-0.173532
-0.158107
-0.145477
-0.163299
-0.085244
-0.106281
-0.119060
-0.182161
-0.049559
-0.119511
-0.127458
-0.197549
-0.142085
-0.107595
-0.199107
-0.184171
-0.176928
-0.284974
-0.302101
-0.109613
-0.106017
-0.125865
-0.227985
-0.169586
-0.078653
-0.035100
-0.060717
-0.029622
-0.006848
-0.050979
-0.017626
-0.071604
-0.097539
-0.089447
-0.198181
-0.101708
-0.094490
-0.109358
-0.257773
-0.256006
-0.241269
-0.047050
-0.141386
-0.147094
-0.151162
-0.122803
-0.221963
-0.047222
-0.122566
-0.094130
-0.049813
-0.115366
-0.084245
-0.000386
0.040347
-0.024668
-0.072406
-0.010465
0.100962
0.063841
0.112104
0.067240
0.053588
0.120360
0.119219
0.146216
0.173666
0.190991
0.193252
0.182424
0.224243
0.254738
0.229423
0.277475
0.286853
0.370511
0.358409
0.333419
0.322878
0.317645
0.402081
0.401436
0.523153
0.425163
0.401389
0.306731
0.417692
0.433228
0.366782
0.298950
0.353191
0.358653
0.299234
0.214084
0.169179
0.172738
0.102053
0.094271
-0.013144
0.007305
-0.077861
-0.171068
-0.198098
-0.141887
-0.203089
-0.211285
-0.263468
-0.293011
-0.268919
-0.289961
-0.190096
-0.450951
-0.422541
-0.480710
-0.483702
-0.507186
-0.423363
-0.545638
-0.639355
-0.575580
-0.576244
-0.527109
-0.562586
-0.428303
-0.445106
-0.398465
-0.416056
-0.472022
-0.412859
-0.462002
-0.337433
-0.333176
-0.411110
-0.316517
-0.292386
-0.362852
-0.378374
-0.270241
-0.356724
-0.322422
-0.383636
-0.241692
-0.295397
-0.214537
-0.272068
-0.239326
-0.335217
-0.289382
-0.347898
-0.315905
-0.282743
-0.248704
-0.275788
-0.342067
-0.354976
-0.303454
-0.275215
-0.204972
-0.214335
-0.100109
-0.073891
0.020353
-0.057956
-0.048810
-0.005996
-0.051413
-0.049826
-0.012111
0.031101
-0.114204
-0.099401
-0.068196
-0.049514
-0.105317
-0.109674
-0.057521
-0.057958
0.033446
0.033732
0.140042
0.075047
-0.017412
0.018462
0.052229
0.022444
0.057546
-0.025239
-0.048299
0.033081
-0.027977
-0.034959
0.026732
0.094487
0.063744
0.172461
0.237800
0.250128
0.385768
0.307857
0.337986
0.381152
0.360075
0.404393
0.373613
0.346738
0.390151
0.355203
0.269391
0.293027
0.460674
0.400460
0.387828
0.429389
0.615762
0.489679
0.520801
0.601279
0.627445
0.559374
0.580855
0.605539
0.588304
0.593850
0.489791
0.518119
0.499156
0.450753
0.503673
0.580409
0.567322
0.537774
0.581864
0.514016
0.724394
0.569361
0.639635
0.600957
0.730978
0.606307
0.621205
0.600968
0.593885
0.595397
0.578327
0.491824
0.554870
0.509660
0.516913
0.425391
0.521117
0.585599
0.509824
0.422480
0.409134
0.475211
0.339097
0.448055
0.489005
0.289826
0.162292
0.366681
0.297437
0.240545
0.153503
0.203387
0.141798
0.152715
0.197261
0.129161
0.080307
0.047759
0.013348
0.149276
0.070764
-0.097952
-0.079731
-0.037622
-0.038805
-0.003727
-0.042748
-0.165124
-0.237395
-0.151361
-0.134298
-0.050572
-0.156620
-0.193014
-0.173350
-0.164166
-0.150298
-0.178296
-0.215259
-0.280629
-0.200339
-0.225516
-0.176194
-0.161669
-0.252434
-0.250931
-0.276878
-0.313967
-0.225428
-0.205102
-0.200355
-0.324427
-0.356745
-0.319385
-0.374887
-0.242676
-0.405547
-0.419338
-0.458505
-0.298037
-0.383746
-0.414562
-0.512887
-0.459288
-0.346549
-0.432894
-0.452321
-0.449992
-0.400911
-0.495180
-0.474367
-0.514550
-0.451492
-0.517483
-0.554603
-0.453914
-0.490006
-0.469595
-0.539270
-0.548370
-0.547427
-0.611162
-0.545412
-0.496239
-0.480142
-0.511339
-0.555240
-0.552300
-0.547334
-0.487956
-0.551945
-0.477994
-0.582911
-0.519502
-0.507368
-0.484888
-0.503851
-0.594278
-0.487954
-0.563442
-0.449182
-0.568102
-0.419901
-0.438934
-0.487837
-0.467546
-0.433381
-0.377259
-0.450166
-0.413178
-0.473113
-0.387128
-0.351003
-0.406987
-0.402296
-0.380407
-0.433025
-0.431747
-0.414994
-0.358669
-0.465995
-0.428355
-0.329432
-0.347710
-0.439783
-0.318638
-0.351477
-0.349409
-0.408709
-0.271137
-0.312753
-0.339997
-0.377508
-0.318695
-0.346199
-0.317847
-0.310104
-0.331289
-0.341927
-0.247077
-0.335029
-0.260337
-0.256663
-0.244376
-0.266782
-0.174515
-0.209168
-0.286137
-0.295745
-0.220529
-0.165606
-0.214452
-0.241905
-0.238168
-0.234984
-0.289419
-0.187397
-0.180243
-0.225774
-0.245523
-0.201414
-0.223463
-0.202063
-0.210306
-0.205908
-0.249893
-0.213828
-0.209439
-0.293727
-0.289111
-0.214659
-0.239931
-0.345471
-0.236376
-0.308621
-0.321554
-0.293459
-0.225465
-0.295241
-0.286785
-0.255471
-0.302659
-0.338487
-0.313510
-0.226368
-0.252626
-0.346718
-0.283133
-0.308179
-0.353155
-0.397267
-0.272773
-0.407121
-0.382112
-0.341922
-0.427480
-0.403605
-0.460189
-0.420817
-0.526995
-0.413567
-0.413507
-0.413226
-0.464125
-0.437239
-0.484684
-0.500858
-0.471763
-0.494486
-0.427711
-0.490082
-0.496949
-0.501907
-0.461921
-0.522328
-0.518478
-0.536091
-0.529451
-0.558859
-0.604968
-0.555832
-0.595255
-0.569732
-0.634363
-0.572239
-0.672947
-0.664722
-0.734801
-0.565458
-0.698754
-0.619941
-0.671364
-0.593506
-0.593110
-0.646674
-0.706180
-0.661421
-0.637293
-0.658286
-0.656559
-0.633869
-0.671055
-0.723982
-0.604603
-0.616015
-0.609852
-0.589135
-0.614938
-0.523696
-0.635307
-0.541545
-0.529947
-0.420659
-0.513154
-0.611025
-0.488130
-0.411646
-0.409475
-0.512383
-0.469536
-0.454200
-0.390043
-0.347228
-0.393992
-0.379752
-0.367892
-0.342698
-0.358245
-0.332802
-0.338966
-0.294631
-0.306253
-0.295557
-0.328001
-0.290875
-0.256083
-0.243638
-0.315770
-0.281268
-0.243812
-0.196632
-0.237713
-0.201396
-0.210752
-0.224622
-0.227481
-0.128482
-0.185473
-0.206582
-0.186135
-0.153173
-0.148878
-0.162421
-0.150044
-0.118533
-0.071636
-0.163491
-0.134111
-0.157006
-0.116531
-0.122024
-0.074167
-0.132983
-0.056982
-0.108371
-0.091380
-0.036500
-0.088044
-0.090141
-0.103116
-0.015308
-0.088526
-0.080491
-0.042818
-0.036801
-0.040480
-0.067557
0.022989
-0.072331
-0.084473
-0.053291
-0.012511
-0.013671
-0.028944
-0.050026
0.006797
-0.079859
-0.063795
-0.031396
-0.030883
-0.012993
-0.069937
-0.002148
-0.052837
-0.108635
-0.092911
0.008569
-0.046677
-0.084503
-0.114941
-0.031472
-0.076908
-0.179137
-0.058051
-0.055039
-0.064281
-0.111170
-0.097456
-0.093826
-0.147102
-0.136330
-0.148729
-0.105398
-0.123449
-0.164521
-0.108976
-0.162215
-0.160835
-0.196196
-0.169698
-0.170280
-0.205859
-0.190376
-0.232930
-0.222970
-0.244161
-0.252237
-0.292833
-0.217240
-0.221726
-0.258694
-0.275506
-0.198736
-0.268784
-0.298293
-0.322843
-0.240745
-0.245171
-0.343972
-0.289946
-0.292880
-0.311030
-0.336030
-0.365556
-0.337102
-0.383191
-0.343699
-0.405089
-0.313193
-0.442213
-0.398141
-0.454052
-0.494371
-0.513937
-0.459062
-0.509878
-0.574053
-0.498910
-0.536856
-0.580953
-0.569090
-0.573479
-0.708977
-0.578062
-0.540688
-0.594177
-0.661560
-0.636877
-0.637618
-0.702765
-0.605003
-0.667730
-0.666025
-0.718871
-0.654412
-0.686758
-0.697432
-0.653758
-0.697942
-0.708445
-0.716713
-0.739455
-0.685782
-0.753298
-0.714800
-0.768927
-0.780765
-0.832997
-0.779992
-0.780018
-0.831103
-0.825459
-0.799906
-0.869676
-0.894024
-0.807018
-0.806909
-0.934085
-0.898513
-0.900610
-0.860596
-0.833391
-0.820601
-0.898875
-0.862766
-0.906421
-0.918084
-0.806504
-0.891793
-0.856430
-0.930588
-0.925556
-0.957238
-0.885009
-0.861720
-0.905569
-0.863438
-0.918442
-0.919394
-0.905223
-0.830167
-0.933916
-0.860858
-0.764236
-0.881984
-0.910260
-0.815622
-0.874795
-0.832206
-0.951686
-0.899716
-0.865584
-0.870023
-0.870789
-0.903395
-0.908124
-0.949195
-0.872087
-0.913198
-0.937642
-0.920310
-0.894060
-0.855325
-0.882547
-0.885114
-0.988812
-0.905286
-0.895276
-0.897446
-0.910907
-0.943517
-0.905431
-0.973177
-0.908658
-0.935243
-0.939210
-0.991671
-0.966785
-0.913288
-0.963553
-0.921039
-0.945289
-0.972328
-0.986164
-0.891917
-0.917700
-0.983327
-0.878990
-1.022558
-0.965704
-0.942029
-0.910722
-1.000326
-0.960057
-0.971178
-1.034396
-0.950604
-0.946680
-0.940895
-0.970088
-1.016085
-1.002928
-1.016414
-0.888306
-0.974215
-1.017093
-0.989300
-0.957986
-1.055837
-1.035111
-0.916501
-1.016351
-0.936399
-1.001066
-0.978310
-0.980190
-0.998038
-0.953141
-0.971420
-0.979268
-0.980217
-0.976665
-0.982880
-0.997387
-0.984709
-0.906983
-0.964095
-1.039615
-0.967074
-0.954167
-0.999147
-0.982655
-0.950200
-0.907240
-1.053246
-0.982097
-0.934939
-0.935857
-0.949529
-0.881782
-0.951536
-0.942262
-0.942588
-1.007895
-0.933143
-0.899942
-0.915144
-0.984094
-0.957365
-0.820071
-1.032551
-0.934292
-0.925458
-0.932267
-0.908551
-0.867607
-0.897525
-0.956375
-0.890507
-0.929319
-0.940912
-0.902766
-0.824127
-0.915749
-0.906889
-0.899886
-0.869566
-0.862496
-0.877602
-0.866328
-0.905724
-0.843990
-0.913326
-0.856535
-0.895819
-0.790210
-0.858474
-0.782312
-0.870275
-0.926919
-0.852304
-0.761187
-0.781349
-0.812193
-0.790330
-0.853595
-0.813607
-0.747416
-0.786544
-0.760428
-0.774294
-0.733467
-0.831533
-0.712836
-0.784606
-0.758438
-0.765489
-0.728329
-0.741866
-0.734846
-0.742447
-0.741344
-0.705227
-0.720312
-0.728354
-0.697699
-0.723716
-0.797471
-0.720900
-0.617005
-0.750144
-0.720361
-0.703045
-0.653630
-0.763878
-0.615573
-0.708575
-0.727496
-0.688953
-0.609941
-0.651410
-0.647995
-0.692505
-0.640810
-0.618521
-0.652471
-0.605532
-0.574396
-0.660924
-0.620495
-0.555483
-0.560297
-0.599930
-0.554950
-0.604402
-0.616281
-0.555587
-0.525545
-0.556426
-0.579750
-0.551576
-0.558879
-0.539345
-0.566631
-0.530842
-0.497328
-0.543024
-0.546514
-0.516674
-0.542210
-0.427118
-0.564810
-0.497467
-0.439376
-0.476512
-0.562620
-0.452703
-0.448519
-0.511015
-0.477863
-0.442861
-0.448702
-0.436696
-0.457291
-0.421748
-0.429447
-0.457553
-0.396286
-0.457659
-0.378796
-0.418305
-0.373826
-0.448916
-0.310116
-0.402754
-0.396463
-0.381106
-0.416367
-0.387828
-0.359675
-0.304756
-0.422830
-0.330075
-0.382845
-0.406159
-0.393680
-0.308748
-0.380478
-0.400361
-0.419271
-0.358849
-0.360390
-0.430771
-0.384201
-0.382830
-0.403534
-0.383546
-0.368673
-0.328705
-0.395038
-0.395088
-0.373646
-0.342384
-0.365009
-0.370419
-0.350114
-0.372256
-0.320157
-0.396596
-0.288150
-0.351527
-0.425944
-0.298970
-0.336683
-0.295953
-0.378192
-0.301403
-0.330426
-0.312015
-0.387044
-0.394947
-0.295792
-0.292398
-0.312114
-0.295861
-0.376911
-0.377753
-0.280696
-0.297289
-0.401729
-0.298584
-0.286316
-0.353494
-0.375527
-0.276120
-0.323232
-0.311816
-0.350125
-0.243310
-0.259767
-0.282779
-0.340206
-0.321774
-0.240003
-0.349660
-0.293052
-0.248012
-0.308377
-0.327226
-0.252343
-0.234757
-0.294653
-0.268081
-0.339223
-0.270034
-0.236601
-0.286211
-0.240537
-0.336919
-0.196022
-0.277089
-0.229775
-0.303300
-0.196571
-0.245519
-0.274210
-0.217805
-0.238459
-0.206742
-0.309135
-0.133246
-0.187988
-0.218177
-0.199068
-0.217110
-0.177889
-0.177607
-0.161284
-0.180093
-0.151496
-0.152353
-0.140459
-0.214456
-0.136807
-0.167302
-0.228121
-0.171530
-0.120214
-0.087198
-0.180415
-0.237514
-0.184737
-0.052585
-0.096029
-0.117289
-0.083899
-0.100649
-0.156985
-0.117559
-0.035065
-0.097107
-0.099799
-0.087895
-0.017192
-0.093877
-0.106475
-0.101000
-0.049960
-0.081620
-0.108640
-0.072928
0.012874
-0.045034
-0.037057
-0.036770
-0.048681
-0.017922
0.005942
0.004418
-0.019775
0.023077
0.016280
-0.074459
0.006887
0.004938
0.004156
-0.067667
0.029957
0.075682
0.027904
0.016787
0.024091
0.024669
0.034667
0.079420
0.120159
0.037015
0.049840
0.084276
0.059788
0.073336
0.065617
0.059177
0.044664
0.120385
0.061028
0.116337
0.093403
0.089648
0.048019
0.154056
0.104813
0.149876
0.085638
0.118575
0.128889
0.093932
0.094530
0.144680
0.091657
0.075183
0.130432
0.146315
0.133279
0.059591
0.104887
0.146143
0.102636
0.087225
0.148454
0.190029
0.159038
0.139137
0.132624
0.075547
0.163632
0.194739
0.146698
0.193191
0.103625
0.117881
0.191750
0.211852
0.122876
0.152107
0.130775
0.124122
0.155432
0.149324
0.176710
0.189620
0.120555
0.099547
0.181900
0.119490
0.142309
0.173552
0.196990
0.078618
0.126825
0.106084
0.156398
0.124242
0.141063
0.137392
0.155707
0.154779
0.104485
0.157865
0.084476
0.211451
0.151844
0.153866
0.081029
0.178724
0.066059
0.144217
0.110821
0.174117
0.134043
0.027767
0.077418
0.111097
0.092680
0.076994
0.101179
0.039895
0.043729
0.059847
0.021746
0.028730
0.037618
0.016929
0.053906
-0.022604
0.037929
0.014451
0.006850
-0.010407
0.002678
-0.049450
-0.037422
-0.075908
-0.056694
-0.018896
-0.078670
-0.046884
-0.094079
-0.017181
-0.199652
-0.130619
-0.015669
-0.059246
-0.091583
-0.204315
-0.099351
-0.085294
-0.095017
-0.127999
-0.119684
-0.133704
-0.145455
-0.159133
-0.102367
-0.122989
-0.127926
-0.130225
-0.161727
-0.177803
-0.071020
-0.165910
-0.090758
-0.176057
-0.131724
-0.137784
-0.131089
-0.184670
-0.143567
-0.140028
-0.197219
-0.155429
-0.105599
-0.117250
-0.260676
-0.230746
-0.174669
-0.163249
-0.204127
-0.202250
-0.215249
-0.191777
-0.172410
-0.197395
-0.218083
-0.217027
-0.243693
-0.230308
-0.212421
-0.149420
-0.212406
-0.188029
-0.211857
-0.162784
-0.184201
-0.162683
-0.193435
-0.188333
-0.134138
-0.161811
-0.149107
-0.214761
-0.212775
-0.218836
-0.254480
-0.227214
-0.238567
-0.242476
-0.252670
-0.313675
-0.215953
-0.250193
-0.240000
-0.254567
-0.258342
-0.201047
-0.222718
-0.258213
-0.287717
-0.245267
-0.307303
-0.257626
-0.265173
-0.234872
-0.280853
-0.282507
-0.305202
-0.300060
-0.218341
-0.191226
-0.257227
-0.255672
-0.174444
-0.215219
-0.146187
-0.152062
-0.216397
-0.237797
-0.185602
-0.166319
-0.185456
-0.294272
-0.176263
-0.212554
-0.164792
-0.233478
-0.215451
-0.249614
-0.153647
-0.202907
-0.084110
-0.142196
-0.151403
-0.197305
-0.167359
-0.155364
-0.123039
-0.088838
-0.130179
-0.114051
-0.126403
-0.109194
-0.057896
-0.093025
-0.123471
-0.143260
-0.062324
-0.029908
-0.067945
-0.063593
-0.107816
-0.049197
-0.055650
-0.027514
-0.057373
-0.027670
-0.062854
-0.045940
-0.074449
0.051164
-0.026579
-0.027128
-0.012732
0.000366
0.024533
0.064831
-0.006576
0.000049
0.074329
0.048037
0.101901
0.105274
0.064510
0.118334
0.065623
0.188729
0.080558
0.182327
0.129132
0.298901
0.133805
0.235410
0.166676
0.320385
0.262979
0.218690
0.274350
0.298480
0.363793
0.357124
0.438445
0.394551
0.322500
0.394038
0.484630
0.515298
0.393667
0.423078
0.500869
0.578882
0.535049
0.504062
0.553256
0.542091
0.596983
0.638829
0.661570
0.622851
0.611875
0.710349
0.678375
0.791119
0.737779
0.755715
0.845192
0.792490
0.817978
0.844597
0.857924
0.851392
0.955555
0.907768
0.933088
0.923129
0.975493
0.936991
0.954506
0.932315
0.965852
0.911573
0.946398
1.034422
0.941295
0.968307
0.951057
0.933242
0.937430
1.020441
0.987814
1.041142
0.934806
0.963209
1.025258
0.969281
0.995634
0.954555
1.028908
0.931192
1.029575
0.998220
0.942040
0.951575
0.948797
0.949387
1.004673
1.044857
0.976768
0.887475
0.965758
0.973876
0.994467
0.990339
0.914208
0.987088
0.989276
0.990677
0.914933
0.916510
0.930840
0.933052
0.917408
0.908322
0.961845
0.876892
0.902393
0.858631
0.860063
0.849694
0.855413
0.828044
0.867031
0.797760
0.835438
0.804892
0.784601
0.814598
0.722284
0.800646
0.774046
0.774065
0.708665
0.835824
0.739272
0.785221
0.717028
0.744299
0.755048
0.697152
0.726228
0.679897
0.746986
0.686792
0.765523
0.663208
0.622327
0.617833
0.619617
0.653545
0.580779
0.563369
0.548725
0.514846
0.490243
0.422350
0.385337
0.410168
0.379472
0.332032
0.351027
0.254445
0.187472
0.257697
0.162614
0.161663
0.128323
0.136762
0.028526
0.070646
0.057845
-0.050301
-0.047546
-0.134052
-0.078201
-0.123604
-0.176971
-0.175115
-0.224056
-0.220894
-0.296104
-0.180739
-0.311605
-0.353697
-0.321860
-0.301202
-0.322502
-0.335526
-0.384528
-0.430613
-0.437867
-0.417134
-0.411063
-0.467229
-0.452343
-0.456741
-0.490757
-0.513472
-0.457381
-0.502413
-0.588027
-0.477440
-0.498013
-0.487183
-0.491059
-0.571126
-0.602707
-0.481278
-0.462184
-0.537755
-0.553192
-0.457422
-0.525692
-0.493644
-0.448577
-0.439439
-0.622132
-0.497744
-0.435991
-0.464438
-0.471181
-0.543868
-0.482238
-0.467252
-0.449723
-0.505840
-0.436564
-0.478618
-0.459341
-0.403167
-0.462272
-0.382944
-0.369791
-0.339099
-0.351148
-0.374953
-0.354879
-0.289978
-0.239981
-0.289419
-0.278310
-0.225215
-0.255767
-0.228026
-0.173225
-0.175357
-0.153460
-0.155573
-0.105525
-0.023539
-0.104623
-0.002995
-0.017504
0.025778
-0.020940
-0.023574
0.013448
0.084832
0.026966
0.048629
0.093857
0.081619
0.066769
0.146100
0.083006
0.156679
0.155823
0.222952
0.105565
0.159226
0.203154
0.222111
0.241293
0.195354
0.158997
0.167411
0.238009
0.254813
0.246945
0.231208
0.276360
0.298697
0.199981
0.264301
0.313890
0.246788
0.280811
0.366787
0.351989
0.257397
0.310867
0.242873
0.290526
0.290107
0.276558
0.262140
0.360255
0.334698
0.346868
0.271606
0.340652
0.382622
0.332524
0.299746
0.368975
0.379674
0.320070
0.400914
0.319686
0.321456
0.351167
0.392892
0.177027
0.399860
0.366112
0.409395
0.244167
0.314403
0.333814
0.415190
0.320436
0.290932
0.351278
0.317228
0.233137
0.214900
0.255073
0.207752
0.172767
0.238758
0.182717
0.054258
0.106274
0.146242
0.192021
0.035031
0.108974
0.086150
0.112969
0.062904
0.065069
0.131717
0.043285
-0.004929
0.065414
0.029404
-0.096830
0.046690
0.047464
-0.073506
-0.070507
0.000689
-0.064155
-0.024028
0.017996
-0.122848
-0.057355
-0.032111
-0.021307
-0.073127
-0.032748
-0.062094
-0.170922
-0.070097
-0.103771
-0.064094
-0.123248
-0.032957
-0.108759
-0.022200
-0.066986
-0.008078
-0.017766
-0.089447
0.007313
-0.008249
-0.020631
-0.051345
-0.035615
-0.109236
0.013209
-0.051742
-0.140585
-0.044499
-0.089771
-0.063788
-0.039743
-0.042787
-0.152462
-0.079695
-0.040344
-0.102097
-0.088169
-0.073126
-0.121069
-0.125847
0.019622
-0.058574
-0.086669
-0.045517
-0.075206
-0.109885
-0.152764
-0.016143
-0.057562
-0.065115
-0.083819
-0.035821
0.044004
-0.029407
-0.081203
-0.103801
0.017583
-0.055412
-0.001983
-0.098649
-0.061151
-0.156036
-0.101262
-0.115083
-0.248260
-0.261437
-0.178371
-0.201988
-0.156279
-0.202817
-0.202256
-0.259121
-0.223277
-0.209019
-0.260903
-0.208428
-0.391200
-0.421723
-0.366511
-0.347709
-0.453229
-0.478414
-0.631881
-0.649799
-0.568935
-0.660794
-0.800456
-0.823127
-0.736976
-0.836103
-0.824705
-0.931538
-0.863635
-1.003845
-1.022705
-1.096396
-0.940467
-1.093889
-1.147343
-1.194924
-1.173352
-1.298347
-1.291055
-1.327464
-1.393764
-1.406231
-1.458473
-1.444076
-1.469354
-1.501972
-1.577479
-1.573790
-1.534617
-1.634071
-1.638349
-1.646393
-1.641972
-1.653383
-1.764318
-1.866639
-1.873733
-1.874476
-1.859589
-2.027120
-1.993348
-2.087024
-2.115681
-2.131169
-2.123215
-2.164870
-2.218769
-2.195463
-2.177672
-2.141408
-2.200844
-2.238073
-2.257672
-2.279953
-2.298633
-2.304157
-2.410300
-2.489224
-2.400085
-2.599257
-2.552824
-2.652693
-2.737429
-2.820388
-2.912530
-2.959540
-3.003736
-3.013561
-3.121356
-3.208964
-3.312477
-3.327029
-3.374040
-3.559721
-3.598078
-3.772450
-3.757309
-3.790720
-3.917725
-4.051944
-4.068957
-4.257084
-4.305334
-4.350515
-4.342653
-4.520911
-4.578399
-4.588963
-4.676225
-4.785742
-4.809072
-4.958539
-4.959293
-5.138360
-5.163309
-5.309000
-5.401088
-5.439576
-5.566640
-5.698285
-5.835685
-5.941801
-6.083122
-6.178623
-6.223972
-6.376420
-6.457868
-6.635284
-6.834347
-6.836665
-6.989060
-7.139789
-7.300066
-7.405150
-7.530397
-7.584157
-7.817069
-8.055625
-8.129258
-8.220792
-8.475727
-8.718508
-8.767996
-8.967134
-9.153814
-9.362319
-9.527887
-9.721675
-9.948465
-10.092130
-10.286360
-10.413178
-10.696024
-10.925253
-11.087024
-11.246659
-11.477377
-11.648091
-11.898190
-12.023658
-12.345539
-12.434663
-12.612577
-12.826653
-13.108006
-13.380548
-13.480392
-13.608779
-13.772842
-14.144938
-14.320254
-14.473834
-14.629719
-14.847738
-15.042833
-15.253585
-15.459936
-15.666192
-15.832410
-15.906910
-16.154280
-16.506966
-16.669157
-16.728098
-16.916645
-17.162182
-17.375553
-17.486774
-17.717657
-17.890707
-18.090755
-18.325153
-18.509470
-18.567434
-18.825617
-19.023523
-19.221741
-19.421011
-19.601685
-19.781397
-19.947639
-20.156607
-20.354551
-20.470629
-20.610588
-20.776600
-20.985126
-21.128807
-21.329948
-21.513062
-21.538294
-21.765913
-21.927763
-22.084364
-22.215265
-22.350330
-22.550657
-22.613333
-22.783791
-22.962027
-23.029974
-23.190790
-23.401094
-23.488806
-23.566803
-23.755753
-23.853125
-24.024260
-24.125521
-24.373802
-24.345913
-24.559187
-24.657696
-24.819195
-24.924534
-25.040771
-25.153114
-25.255850
-25.377630
-25.479565
-25.697990
-25.685257
-25.803225
-25.885208
-26.073948
-26.095299
-26.223774
-26.349936
-26.375797
-26.601524
-26.742710
-26.915825
-26.962196
-27.017923
-27.170013
-27.268486
-27.502882
-27.479753
-27.632450
-27.741121
-27.953232
-28.000717
-28.094292
-28.296873
-28.313587
-28.419849
-28.545853
-28.782089
-28.872871
-28.968529
-29.058466
-29.308228
-29.417212
-29.626007
-29.747541
-29.872953
-30.068426
-30.239521
-30.369564
-30.510136
-30.604387
-30.706657
-30.855047
-31.007601
-31.255510
-31.312922
-31.394287
-31.561626
-31.734198
-31.879318
-31.935318
-32.098099
-32.170246
-32.314194
-32.440521
-32.740204
-32.745972
-32.855450
-33.032543
-33.161602
-33.463726
-33.605057
-33.829273
-33.899376
-34.058270
-34.360828
-34.750580
-34.819054
-35.023418
-35.059170
-35.240540
-35.648335
-36.019962
-36.084259
-35.999744
-36.228703
-36.423214
-36.631668
-36.825455
-37.107491
-37.249828
-37.425179
-37.731091
-38.038330
-38.216351
-38.314117
-38.516273
-38.878864
-39.107082
-39.353062
-39.535942
-39.669952
-39.776730
-40.119366
-40.287109
-40.448933
-40.659588
-40.908916
-41.148193
-41.533436
-41.750351
-41.958767
-42.097664
-42.348778
-42.691223
-42.955341
-43.150574
-43.300892
-43.464283
-43.746624
-43.924618
-44.011242
-44.281284
-44.424683
-44.676468
-44.848881
-45.135471
-45.301983
-45.518963
-45.707966
-45.826710
-46.166862
-46.342686
-46.593678
-46.616470
-46.941685
-47.039703
-47.275204
-47.364719
-47.524860
-47.653957
-47.828381
-48.000046
-48.111660
-48.228912
-48.429287
-48.597130
-48.759834
-48.878124
-48.944744
-49.132408
-49.260345
-49.462120
-49.510426
-49.712086
-49.749737
-49.877457
-49.970570
-50.082001
-50.223358
-50.204895
-50.332527
-50.356949
-50.593319
-50.705456
-50.755585
-50.812511
-50.931087
-51.049145
-51.177959
-51.207993
-51.377316
-51.336956
-51.478493
-51.576004
-51.678738
-51.645782
-51.769016
-51.861938
-51.856125
-51.928185
-51.910160
-52.025570
-52.034546
-52.269264
-52.271919
-52.244514
-52.210564
-52.327919
-52.342930
-52.377430
-52.511364
-52.504429
-52.495155
-52.573994
-52.469414
-52.581669
-52.669235
-52.539139
-52.528938
-52.646225
-52.665920
-52.622635
-52.744934
-52.782055
-52.799942
-52.756439
-52.906528
-52.975533
-52.858376
-52.995853
-53.053421
-53.105305
-53.054195
-53.119877
-53.128216
-53.133949
-53.341465
-53.336723
-53.291599
-53.405903
-53.561363
-53.567707
-53.511269
-53.794739
-53.811779
-53.772526
-53.854401
-53.991459
-54.056072
-54.049934
-54.066872
-54.096226
-54.186546
-54.208031
-54.326233
-54.299011
-54.361031
-54.437065
-54.562931
-54.617588
-54.508915
-54.750782
-54.857563
-54.931602
-54.940563
-55.090870
-55.100624
-55.149460
-55.273796
-55.299084
-55.311798
-55.443539
-55.524288
-55.694386
-55.672535
-55.822784
-55.820015
-55.972111
-56.077984
-56.147385
-56.210052
-56.398769
-56.577335
-56.585415
-56.596771
-56.755867
-56.885342
-56.898872
-56.933407
-57.059639
-57.203468
-57.371101
-57.412964
-57.413731
-57.500530
-57.646210
-57.799244
-57.757832
-57.930435
-58.108677
-58.107227
-58.173798
-58.300205
-58.466400
-58.407188
-58.657772
-58.607174
-58.784039
-58.954670
-59.026764
-59.073524
-59.133373
-59.240494
-59.323589
-59.482227
-59.432240
-59.599659
-59.739922
-59.756680
-59.824726
-59.854973
-60.086052
-59.967926
-60.084797
-60.259895
-60.322441
-60.231171
-60.309784
-60.553310
-60.530754
-60.444641
-60.608894
-60.720718
-60.785152
-60.808971
-60.898773
-61.118595
-61.061825
-61.124813
-61.068428
-61.303730
-61.368626
-61.296364
-61.315807
-61.492363
-61.419323
-61.389801
-61.579422
-61.665562
-61.581177
-61.511715
-61.702133
-61.877831
-61.690212
-61.728134
-61.734367
-61.698383
-61.826015
-61.801422
-61.815830
-61.706627
-61.803692
-61.699978
-61.700710
-61.752823
-61.743736
-61.666721
-61.753777
-61.818604
-61.673222
-61.728046
-61.630592
-61.648739
-61.708412
-61.685501
-61.623432
-61.431015
-61.412216
-61.519066
-61.457527
-61.383972
-61.245968
-61.238605
-61.075344
-61.094620
-61.129505
-61.058792
-61.000805
-60.768684
-60.943623
-60.826332
-60.753712
-60.721615
-60.682396
-60.691242
-60.605293
-60.582550
-60.467575
-60.515011
-60.427238
-60.389023
-60.390602
-60.347691
-60.238495
-60.205429
-60.158875
-60.361053
-60.202927
-60.023666
-60.060276
-60.088348
-60.074383
-60.033688
-59.980412
-60.084511
-59.987183
-59.925610
-60.020622
-59.995415
-60.004345
-59.828579
-60.004734
-59.929394
-60.000858
-59.995083
-59.956482
-59.953289
-59.966988
-60.002888
-60.004436
-60.083405
-59.962116
-60.103561
-60.135204
-60.126068
-60.221432
-60.070442
-60.249832
-60.203087
-60.324814
-60.295250
-60.329193
-60.417225
-60.447895
-60.548328
-60.483109
-60.490643
-60.599072
-60.712894
-60.679981
-60.727310
-60.880177
-60.880493
-60.875374
-60.854649
-60.973911
-61.148365
-61.048237
-61.224758
-61.149403
-61.288651
-61.318993
-61.324009
-61.486244
-61.527306
-61.613121
-61.520901
-61.718777
-61.816891
-61.877346
-61.810699
-61.977757
-61.990036
-62.160446
-61.963646
-62.209496
-62.250149
-62.324123
-62.381199
-62.356255
-62.635845
-62.557800
-62.609657
-62.633152
-62.792217
-62.908417
-62.861900
-62.879597
-63.015209
-63.089321
-63.045399
-63.009258
-63.180176
-63.225189
-63.373142
-63.264713
-63.293919
-63.395100
-63.475338
-63.440052
-63.418499
-63.515900
-63.460400
-63.581234
-63.478676
-63.605984
-63.570435
-63.447296
-63.384178
-63.580936
-63.595863
-63.375904
-63.477692
-63.522057
-63.474072
-63.294582
-63.329483
-63.355633
-63.259045
-63.210411
-63.142456
-63.074753
-63.044476
-62.905376
-62.814426
-62.868942
-62.776600
-62.588268
-62.615620
-62.608864
-62.480923
-62.305103
-62.339626
-62.203636
-62.120827
-62.059029
-61.877075
-61.741684
-61.743263
-61.631935
-61.447037
-61.489357
-61.262951
-61.095608
-60.955837
-60.916229
-60.857559
-60.692589
-60.638626
-60.456203
-60.331188
-60.224068
-60.087673
-60.029556
-59.776321
-59.736855
-59.531658
-59.465157
-59.403328
-59.231503
-59.042213
-58.977310
-58.914558
-58.730198
-58.635452
-58.523193
-58.481632
-58.363270
-58.175514
-58.074528
-57.944458
-57.881950
-57.744793
-57.654903
-57.549877
-57.456020
-57.304588
-57.244774
-57.161125
-57.087448
-57.016003
-56.910316
-56.787182
-56.755322
-56.695702
-56.599430
-56.565655
-56.544785
-56.368481
-56.318844
-56.283489
-56.178577
-56.134281
-56.078484
-56.039711
-55.978779
-55.922192
-55.799248
-55.856155
-55.849895
-55.694069
-55.691868
-55.710564
-55.702614
-55.544300
-55.622791
-55.702480
-55.581997
-55.524807
-55.561474
-55.581081
-55.640217
-55.581108
-55.595692
-55.600124
-55.630451
-55.491535
-55.640228
-55.678097
-55.600758
-55.634949
-55.718822
-55.725422
-55.683838
-55.795002
-55.878330
-55.827579
-55.950001
-55.902096
-55.962364
-55.872429
-56.019379
-56.141914
-56.194172
-56.137791
-56.106041
-56.273655
-56.188599
-56.420559
-56.406094
-56.322544
-56.477882
-56.642551
-56.646111
-56.486462
-56.719055
-56.788883
-56.783184
-56.741642
-56.926414
-56.956024
-56.878357
-56.987057
-57.029274
-57.126221
-57.127853
-57.096836
-57.198925
-57.286442
-57.335537
-57.233513
-57.407028
-57.318329
-57.413914
-57.390823
-57.447487
-57.456207
-57.464046
-57.432362
-57.595642
-57.518936
-57.486046
-57.486858
-57.614956
-57.605793
-57.595936
-57.584930
-57.615158
-57.632133
-57.608780
-57.609505
-57.658649
-57.688805
-57.530193
-57.614101
-57.648109
-57.659149
-57.572163
-57.574875
-57.571480
-57.550098
-57.564442
-57.580116
-57.484413
-57.468933
-57.552361
-57.491482
-57.388306
-57.406113
-57.494888
-57.340782
-57.282719
-57.320087
-57.340904
-57.303257
-57.164818
-57.175682
-57.200008
-57.121048
-56.968925
-57.021858
-57.054760
-56.929737
-56.872299
-56.811337
-56.854069
-56.625950
-56.722458
-56.624413
-56.665062
-56.507275
-56.432991
-56.464554
-56.464153
-56.369400
-56.068680
-56.201035
-56.250122
-56.171841
-55.903812
-55.941208
-55.937180
-55.785404
-55.688377
-55.670036
-55.622845
-55.509853
-55.395657
-55.384521
-55.304596
-55.201221
-54.999008
-55.039219
-55.083439
-54.880939
-54.773819
-54.848446
-54.730171
-54.589207
-54.549442
-54.516537
-54.376038
-54.221180
-54.213329
-54.174191
-54.168339
-53.981022
-53.810303
-53.792084
-53.874680
-53.742031
-53.668060
-53.584690
-53.577488
-53.367104
-53.334728
-53.429440
-53.321995
-53.100266
-52.991234
-53.079067
-52.974190
-52.907238
-52.786087
-52.807648
-52.601482
-52.693810
-52.529736
-52.506618
-52.488323
-52.469334
-52.354332
-52.310135
-52.319843
-52.204231
-52.169086
-52.031387
-52.097973
-52.046490
-51.898983
-51.884521
-51.724178
-51.783642
-51.671093
-51.555389
-51.554832
-51.495136
-51.473648
-51.300411
-51.404259
-51.215546
-51.211678
-51.147316
-51.048733
-51.067944
-51.131508
-50.907162
-50.839466
-50.885342
-50.798420
-50.790871
-50.764389
-50.718422
-50.625027
-50.652893
-50.598953
-50.537678
-50.447727
-50.376705
-50.429031
-50.289352
-50.360226
-50.186069
-50.230614
-49.995178
-50.076878
-49.924084
-50.074661
-49.890106
-49.846458
-49.868011
-49.867748
-49.826630
-49.788231
-49.750217
-49.742302
-49.776627
-49.948982
-50.044857
-49.968033
-49.882725
-50.046322
-50.159542
-50.273773
-50.439663
-50.354599
-50.123638
-50.005089
-50.208836
-50.116695
-50.120831
-49.848465
-49.600544
-49.569469
-49.659782
-49.601681
-49.289272
-49.175041
-49.155979
-49.214237
-49.356457
-49.501392
-49.378189
-49.332222
-49.323425
-49.257927
-49.440712
-49.523788
-49.249485
-49.220585
-49.426250
-49.355331
-49.205643
-49.074970
-49.089615
-49.039989
-49.079620
-49.152653
-49.087696
-48.777786
-48.786636
-49.008831
-48.935715
-48.924095
-48.978218
-49.032158
-48.917515
-49.148064
-49.236206
-49.098850
-48.745556
-48.806114
-49.036880
-49.055592
-48.900043
-48.911366
-48.875278
-48.763142
-48.862118
-49.227474
-49.282837
-48.994469
-48.979149
-49.288879
-49.388344
-49.586655
-49.467617
-49.227863
-49.198444
-49.278942
-49.496510
-49.223248
-49.251644
-49.172409
-49.156170
-48.999058
-48.957958
-49.024944
-48.912502
-48.967842
-49.220051
-49.189945
-49.012756
-48.959270
-48.909603
-48.820789
-48.962006
-48.734119
-48.698166
-48.605282
-48.702656
-48.699661
-48.618092
-48.610252
-48.532036
-48.290066
-48.295341
-48.503693
-48.483273
-48.499298
-48.315102
-48.378460
-48.227070
-48.156586
-47.900509
-48.023125
-48.013828
-47.994980
-47.853287
-47.854729
-47.847794
-47.643791
-47.649357
-47.665386
-47.694935
-47.565727
-47.569878
-47.574276
-47.646931
-47.843510
-47.517433
-47.530159
-47.425148
-47.428635
-47.218468
-47.364140
-47.445190
-47.143387
-47.133888
-47.000256
-46.994671
-46.863766
-46.946709
-46.803188
-46.608952
-46.724663
-46.432289
-46.397041
-46.361629
-46.257427
-46.131424
-46.158073
-45.917076
-45.611862
-45.607365
-45.628185
-45.512486
-45.214886
-45.256237
-45.022114
-44.797112
-44.898895
-44.681999
-44.432159
-44.342888
-44.493546
-44.315567
-44.327972
-44.100777
-43.877213
-43.670647
-43.597370
-43.634361
-43.544277
-43.509274
-43.300972
-43.038742
-43.089180
-43.004570
-42.958038
-42.730732
-42.588257
-42.595085
-42.652313
-42.474400
-42.397732
-42.452995
-42.309345
-42.228275
-42.150345
-42.254261
-42.167091
-41.957535
-41.902538
-41.963379
-41.936592
-41.717728
-41.799675
-41.802078
-41.806278
-41.565407
-41.566978
-41.635544
-41.561947
-41.646461
-41.594852
-41.644081
-41.590519
-41.563072
-41.480106
-41.555519
-41.656078
-41.481850
-41.588276
-41.551769
-41.668179
-41.464920
-41.556782
-41.659458
-41.644321
-41.451454
-41.633896
-41.710026
-41.709755
-41.541023
-41.657417
-41.659336
-41.730915
-41.629559
-41.667564
-41.616154
-41.694599
-41.692650
-41.784374
-41.635868
-41.796150
-41.678520
-41.749470
-41.805336
-41.873688
-41.929573
-41.610310
-41.770897
-41.903843
-41.858311
-41.751991
-41.830685
-41.948139
-41.728901
-41.762051
-41.901539
-41.885288
-41.830490
-41.735573
-41.854767
-41.834023
-41.835526
-41.740997
-41.754566
-41.803913
-41.703110
-41.734558
-41.611122
-41.686325
-41.563354
-41.499363
-41.460655
-41.424408
-41.389896
-41.319805
-41.384403
-41.332241
-41.282188
-41.246113
-41.086983
-41.117855
-41.009048
-41.134781
-40.979164
-41.098957
-40.944748
-40.907448
-40.640331
-40.841042
-40.798347
-40.681919
-40.652325
-40.774445
-40.709885
-40.612930
-40.533920
-40.546532
-40.552242
-40.437119
-40.327560
-40.380264
-40.430019
-40.287872
-40.146057
-40.119431
-40.324699
-40.048485
-39.994911
-40.145481
-40.098007
-40.005562
-39.958103
-39.910187
-39.979210
-39.953865
-39.786629
-39.779125
-39.942562
-39.944530
-39.746403
-39.614639
-39.793163
-39.628773
-39.661041
-39.570019
-39.658424
-39.613682
-39.570751
-39.436825
-39.596970
-39.595108
-39.431835
-39.262985
-39.396530
-39.491066
-39.368629
-39.279408
-39.381542
-39.223022
-39.198776
-39.258121
-39.198929
-39.123650
-39.209423
-39.165421
-39.113716
-39.117916
-39.059551
-39.077244
-38.982227
-38.990593
-39.027691
-39.160999
-38.963531
-38.950981
-38.853218
-38.934574
-38.978752
-38.858170
-38.853104
-38.897533
-38.920181
-38.825474
-38.772564
-38.855865
-38.780239
-38.805840
-38.639610
-38.838261
-38.760937
-38.725925
-38.750423
-38.745510
-38.678368
-38.587566
-38.712288
-38.651974
-38.706924
-38.720848
-38.560802
-38.637527
-38.677528
-38.701469
-38.407085
-38.654324
-38.646252
-38.702076
-38.492054
-38.576374
-38.709782
-38.654369
-38.589745
-38.555893
-38.760857
-38.579575
-38.709091
-38.564392
-38.669807
-38.661919
-38.708275
-38.660831
-38.657024
-38.691360
-38.729065
-38.705688
-38.794403
-38.593025
-38.698559
-38.734787
-38.784317
-38.722332
-38.839775
-38.678555
-38.701221
-38.782272
-38.709698
-38.800697
-38.831978
-38.797562
-38.722157
-38.865742
-38.825588
-38.784195
-38.817978
-38.806046
-38.914207
-38.756130
-38.761604
-38.803516
-38.875019
-38.925911
-38.798180
-38.774673
-38.697388
-38.877171
-38.720177
-38.864658
-38.768265
-38.764275
-38.686626
-38.885109
-38.744061
-38.697853
-38.712410
-38.685982
-38.739361
-38.657986
-38.858810
-38.677765
-38.716419
-38.615982
-38.670891
-38.627335
-38.628510
-38.724144
-38.629025
-38.685368
-38.530170
-38.598881
-38.514668
-38.682247
-38.596405
-38.553246
-38.613640
-38.549519
-38.501869
-38.389324
-38.620476
-38.586304
-38.529320
-38.348019
-38.425117
-38.495678
-38.504711
-38.429420
-38.370892
-38.366554
-38.551048
-38.519527
-38.400978
-38.396206
-38.477646
-38.308907
-38.352734
-38.510986
-38.501869
-38.368309
-38.407322
-38.451393
-38.404785
-38.303909
-38.340004
-38.430950
-38.302387
-38.386730
-38.323818
-38.358318
-38.323254
-38.260166
-38.151958
-38.231106
-38.368225
-38.280491
-38.030148
-38.114216
-38.232140
-38.199257
-37.963779
-38.027374
-38.002377
-37.988842
-37.973145
-37.973915
-37.828106
-37.963589
-37.821953
-37.722233
-37.612034
-37.737221
-37.667004
-37.591213
-37.669437
-37.573254
-37.413368
-37.391880
-37.387012
-37.476654
-37.535061
-37.403515
-37.308895
-37.234505
-37.404461
-37.287304
-37.117393
-37.250637
-37.194279
-37.139935
-37.118641
-37.063293
-36.900555
-36.919941
-37.143570
-36.933392
-36.756008
-36.907227
-36.867004
-36.840195
-36.713772
-36.798237
-36.781147
-36.719109
-36.612614
-36.672314
-36.619068
-36.656597
-36.575729
-36.519081
-36.678162
-36.462307
-36.467861
-36.553288
-36.581524
-36.426434
-36.518372
-36.379982
-36.349819
-36.497112
-36.458694
-36.314816
-36.361382
-36.430401
-36.403233
-36.361217
-36.267609
-36.450027
-36.348751
-36.318871
-36.431900
-36.457226
-36.320072
-36.393478
-36.454041
-36.419472
-36.302784
-36.371414
-36.406334
-36.435493
-36.380173
-36.459541
-36.452503
-36.439899
-36.519741
-36.455700
-36.508526
-36.529594
-36.675835
-36.597298
-36.543510
-36.702263
-36.579727
-36.712044
-36.612682
-36.764622
-36.596004
-36.771191
-36.796932
-36.715069
-36.764832
-36.701775
-36.914864
-36.768032
-36.859161
-36.876133
-36.808556
-36.869125
-36.922600
-36.940945
-36.895462
-37.030704
-36.930283
-36.914619
-36.995983
-37.007065
-37.130165
-36.926868
-37.039932
-37.029938
-37.001465
-36.951153
-36.983112
-37.181339
-36.996700
-37.121819
-36.874714
-37.035194
-37.081688
-37.050957
-36.977455
-37.077015
-37.155582
-36.955688
-37.165821
-37.049995
-36.998383
-36.920174
-37.084152
-37.136635
-37.079582
-36.983250
-36.931206
-36.998032
-37.017170
-37.044521
-36.961460
-37.074760
-36.925373
-36.836647
-36.956493
-37.019089
-36.958374
-36.764893
-36.946388
-36.858196
-36.946285
-36.835644
-36.906727
-36.811386
-36.804367
-36.750328
-36.794189
-36.878059
-36.753132
-36.620438
-36.848774
-36.894424
-36.557510
-36.568890
-36.909485
-36.778111
-36.509594
-36.696907
-36.704185
-36.611771
-36.551750
-36.530266
-36.537075
-36.620491
-36.519573
-36.409615
-36.574501
-36.527618
-36.457329
-36.323219
-36.491886
-36.476654
-36.454685
-36.335739
-36.441528
-36.351723
-36.401859
-36.356300
-36.309044
-36.386944
-36.366615
-36.203953
-36.263348
-36.366852
-36.343639
-36.216007
-36.325581
-36.366234
-36.293308
-36.293152
-36.164249
-36.265129
-36.255234
-36.203548
-36.275055
-36.321056
-36.183300
-36.112198
-36.271820
-36.248749
-36.289925
-36.264988
-36.224476
-36.301102
-36.316593
-36.500790
-36.358047
-36.504040
-36.241032
-36.491879
-36.531227
-36.480846
-36.536121
-36.437595
-36.669853
-36.341824
-36.667210
-36.600479
-36.692177
-36.483189
-36.534679
-36.765549
-36.771507
-36.755577
-36.667507
-36.787334
-36.766880
-36.853931
-36.742313
-36.855667
-36.925083
-36.909702
-36.813190
-36.912376
-37.020367
-36.928108
-36.959328
-37.038574
-37.071144
-36.884220
-37.166435
-37.045601
-37.014679
-37.088627
-37.153679
-37.013084
-37.023365
-37.227295
-37.016071
-37.066914
-36.998508
-37.154408
-37.034801
-36.978432
-37.039509
-36.960560
-37.027756
-36.857365
-36.998085
-36.821285
-36.806705
-36.806591
-36.750488
-36.687325
-36.679531
-36.513691
-36.618271
-36.454342
-36.462399
-36.471416
-36.498573
-36.242973
-36.233814
-36.323929
-36.103996
-36.146931
-36.134678
-36.268574
-35.934864
-35.903091
-35.946308
-35.916084
-35.965157
-35.749874
-35.788677
-35.690384
-35.822498
