Az       (ft/s^2)
-38.870121
-38.845234
-38.783619
-38.803860
-38.904079
-38.813530
-38.713604
-38.998005
-38.665890
-38.806210
-38.862751
-38.901539
-38.829971
-38.790901
-38.928310
-38.801224
-38.936882
-38.939991
-38.690918
-38.786346
-38.845860
-39.029121
-38.695908
-38.846310
-38.902828
-38.894794
-38.985432
-38.853340
-38.748142
-38.890453
-38.859886
-38.965656
-38.876461
-39.040188
-38.781166
-38.815090
-38.966595
-38.763786
-38.917980
-38.971912
-38.850384
-38.888306
-38.853962
-39.036140
-38.868176
-38.871490
-38.756096
-38.860607
-39.016399
-38.826855
-38.929184
-38.850605
-38.896061
-38.868065
-38.724129
-38.873714
-38.948654
-38.908852
-38.702461
-38.803673
-38.903038
-38.854321
-38.775261
-38.897030
-38.812809
-38.764198
-38.663906
-38.908497
-38.796867
-38.779930
-38.764771
-38.749897
-38.918228
-38.700371
-38.745644
-38.585823
-38.951054
-38.827114
-38.640701
-38.720676
-38.683979
-38.876236
-38.642593
-38.782440
-38.783932
-38.524433
-38.757881
-38.662830
-38.881603
-38.623272
-38.702377
-38.732960
-38.660183
-38.833172
-38.559856
-38.757408
-38.684162
-38.639866
-38.762512
-38.783154
-38.494339
-38.591049
-38.745342
-38.709423
-38.539993
-38.708168
-38.729988
-38.654850
-38.656956
-38.592381
-38.731472
-38.590343
-38.569256
-38.600269
-38.681561
-38.661655
-38.568462
-38.622696
-38.463150
-38.623848
-38.548260
-38.630844
-38.646980
-38.503033
-38.561878
-38.506195
-38.622189
-38.588848
-38.512470
-38.637917
-38.351196
-38.585770
-38.502579
-38.405174
-38.467529
-38.595325
-38.497421
-38.433826
-38.474651
-38.437000
-38.568634
-38.393421
-38.315216
-38.595757
-38.434071
-38.501850
-38.259201
-38.475212
-38.511185
-38.363987
-38.396366
-38.328979
-38.455009
-38.281639
-38.430798
-38.505806
-38.274834
-38.331169
-38.140270
-38.459461
-38.452068
-38.397957
-38.096642
-38.299881
-38.373981
-38.203915
-38.189098
-38.351479
-38.388729
-38.127663
-38.149544
-38.171913
-38.309940
-38.114254
-38.209114
-38.073162
-38.198410
-38.182072
-37.940804
-38.240093
-38.221905
-38.148911
-38.026546
-38.009277
-38.281925
-38.084160
-38.044426
-38.012783
-38.138599
-38.074974
-37.911118
-37.893581
-38.086853
-38.107662
-37.937149
-37.851292
-38.160931
-37.851551
-37.886250
-37.938770
-38.214092
-37.965248
-37.793972
-38.042469
-37.977585
-37.961884
-37.938618
-37.931946
-38.001671
-37.937176
-38.053230
-37.885155
-37.915123
-38.114452
-37.894642
-38.149353
-37.870190
-37.860172
-38.022404
-38.001541
-38.046566
-37.773499
-37.893265
-38.013916
-37.822716
-37.993790
-37.823032
-38.188339
-37.631123
-37.764751
-37.850403
-37.891258
-37.789852
-37.778126
-37.941578
-37.603401
-37.702290
-37.735752
-37.768730
-37.960442
-37.685818
-37.738155
-37.724342
-37.663013
-37.806808
-37.667316
-37.614002
-37.785625
-37.553936
-37.687546
-37.640560
-37.585392
-37.666054
-37.524273
-37.669750
-37.624252
-37.504051
-37.546463
-37.448963
-37.590443
-37.537262
-37.699036
-37.309185
-37.364483
-37.532921
-37.400661
-37.515778
-37.410801
-37.407818
-37.454147
-37.328568
-37.434551
-37.366486
-37.513523
-37.347160
-37.323807
-37.470062
-37.313576
-37.381546
-37.181664
-37.471977
-37.233326
-37.211967
-37.354382
-37.409054
-37.306503
-37.206837
-37.217804
-37.197662
-37.237026
-37.153160
-37.271255
-37.141922
-37.210857
-37.100277
-37.171581
-37.156811
-36.926182
-37.192127
-36.979591
-37.104980
-37.055103
-37.052467
-37.024368
-36.953457
-37.066036
-36.806744
-37.023357
-36.829937
-36.911030
-36.923630
-36.979420
-36.781754
-36.891621
-36.807892
-36.732304
-36.675125
-36.940758
-36.723911
-36.783367
-36.588139
-36.728634
-36.743458
-36.642399
-36.676975
-36.619881
-36.710743
-36.521664
-36.528584
-36.838871
-36.436131
-36.588703
-36.612312
-36.429924
-36.660446
-36.632076
-36.629658
-36.358421
-36.714359
-36.604897
-36.513439
-36.650135
-36.547489
-36.679359
-36.519829
-36.555553
-36.640167
-36.492382
-36.620354
-36.569500
-36.687103
-36.457741
-36.514317
-36.689621
-36.598167
-36.563213
-36.606617
-36.572208
-36.657993
-36.491211
-36.712433
-36.718948
-36.662994
-36.587944
-36.456245
-36.852955
-36.574177
-36.668671
-36.642159
-36.647968
-36.742554
-36.594997
-36.576038
-36.577160
-36.769314
-36.737774
-36.521698
-36.492249
-36.656181
-36.588112
-36.470810
-36.596653
-36.620697
-36.390041
-36.481033
-36.575035
-36.523819
-36.578156
-36.361809
-36.412739
-36.450386
-36.412407
-36.502144
-36.364315
-36.393764
-36.282249
-36.372398
-36.337296
-36.228951
-36.477558
-36.186817
-36.203178
-36.025352
-36.318348
-36.223667
-36.124386
-36.221561
-36.040775
-36.149616
-36.057888
-35.997414
-36.160229
-36.092205
-36.050117
-36.013973
-35.978771
-36.165020
-35.834866
-35.928226
-36.032097
-36.069515
-35.893810
-35.889477
-36.066170
-35.809570
-35.979431
-35.899647
-35.841141
-36.017658
-35.835030
-35.983875
-35.822075
-35.892349
-35.954956
-35.786865
-35.897495
-35.795147
-35.955162
-35.743336
-35.882381
-35.936302
-35.822948
-35.810223
-35.831074
-36.032616
-35.737244
-35.753540
-35.861164
-35.895523
-35.902863
-35.666748
-35.807270
-35.968918
-35.783298
-35.677013
-35.703213
-35.992001
-35.863499
-35.763206
-35.838848
-35.758072
-35.851974
-35.859131
-35.849419
-35.811985
-35.656086
-35.933750
-35.758263
-35.787575
-35.907482
-35.845078
-35.895519
-35.743568
-35.908302
-35.802444
-35.838921
-35.826824
-35.905323
-35.899082
-35.920170
-35.870365
-35.895245
-35.776909
-35.927216
-35.894444
-35.856865
-35.964840
-35.920898
-35.837223
-35.837463
-36.199654
-36.039196
-35.695034
-36.139149
-36.030930
-36.202339
-35.843674
-36.142036
-36.058399
-36.005997
-36.119175
-35.944447
-36.269302
-36.111382
-36.125114
-36.011845
-36.225361
-36.194542
-36.156818
-36.418686
-36.121441
-36.242668
-36.268375
-36.355328
-36.341228
-36.334225
-36.417015
-36.516647
-36.274586
-36.612442
-36.454403
-36.542938
-36.635624
-36.659611
-36.596657
-36.794289
-36.981136
-36.742966
-36.823483
-37.011414
-36.977520
-37.100765
-37.201077
-37.225132
-37.341228
-37.347515
-37.495621
-37.311371
-37.796108
-37.714752
-37.721779
-37.803215
-38.147297
-38.086670
-38.047295
-38.220436
-38.404808
-38.355740
-38.668388
-38.630398
-38.889317
-38.848328
-38.930347
-39.156826
-39.140663
-39.369682
-39.360275
-39.616241
-39.707859
-39.749744
-39.939041
-39.963348
-40.196426
-40.214558
-40.365971
-40.473045
-40.626396
-40.847130
-40.726608
-40.952045
-41.129700
-41.161217
-41.293163
-41.299114
-41.551823
-41.701569
-41.748016
-41.902027
-41.909081
-42.088154
-42.087135
-42.315212
-42.341137
-42.424408
-42.620125
-42.749336
-42.846088
-42.631405
-43.062145
-43.039921
-43.079174
-43.315384
-43.278885
-43.523697
-43.360874
-43.566605
-43.611748
-43.911247
-43.763546
-43.750076
-44.052593
-44.229607
-44.064552
-44.173256
-44.223949
-44.495445
-44.387932
-44.467068
-44.677090
-44.748550
-44.639519
-44.750153
-44.957260
-45.012413
-44.919750
-45.082455
-45.243870
-45.324245
-45.295391
-45.407803
-45.618195
-45.560951
-45.615753
-45.654358
-45.896599
-45.956436
-45.833103
-46.142982
-46.071869
-46.319180
-46.162880
-46.312046
-46.310215
-46.450935
-46.725998
-46.557632
-46.789982
-46.714962
-46.971420
-46.905807
-46.988045
-47.135349
-47.134060
-47.361675
-47.349285
-47.398327
-47.623440
-47.610451
-47.642868
-47.642895
-48.035034
-48.094807
-48.015800
-48.151314
-48.263470
-48.356163
-48.419659
-48.458111
-48.663940
-48.812489
-48.852032
-48.827583
-49.014103
-49.226215
-49.309292
-49.215931
-49.321899
-49.786243
-49.645645
-49.815678
-49.807156
-50.113171
-50.113350
-50.078396
-50.376423
-50.369194
-50.866333
-50.631821
-50.756603
-50.960709
-51.219002
-51.130497
-51.192024
-51.644089
-51.555149
-51.755825
-51.847626
-52.153660
-52.017986
-52.134914
-52.426952
-52.616673
-52.629192
-52.768097
-52.913994
-53.241058
-53.093781
-53.275326
-53.394108
-53.700768
-53.749973
-53.849953
-54.028870
-54.169048
-54.381763
-54.236317
-54.616703
-54.638638
-54.773308
-55.044632
-55.022812
-55.269379
-55.214436
-55.463867
-55.641273
-55.687710
-55.779873
-55.684776
-56.269077
-56.308208
-56.319313
-56.324833
-56.563759
-56.675552
-56.698940
-56.979229
-56.997581
-57.116493
-57.209412
-57.319530
-57.376068
-57.510471
-57.621662
-57.606270
-57.825008
-57.864449
-58.011986
-58.125957
-58.053799
-58.248287
-58.265999
-58.344212
-58.397305
-58.348152
-58.693256
-58.584095
-58.918507
-58.640537
-58.739902
-58.786610
-58.897045
-59.044281
-58.853390
-58.995106
-58.999325
-59.240730
-59.069530
-59.095493
-59.166828
-59.280243
-59.262856
-59.101147
-59.282372
-59.319942
-59.252541
-59.382053
-59.234760
-59.247471
-59.385643
-59.443520
-59.285011
-59.200546
-59.461094
-59.392399
-59.132381
-59.257942
-59.446457
-59.373905
-59.208870
-59.313049
-59.316063
-59.284878
-59.211933
-59.266922
-59.325993
-59.247639
-59.240623
-59.192245
-59.250462
-59.341591
-59.037544
-59.235184
-59.203148
-59.352409
-59.084400
-59.208408
-59.365364
-59.126965
-59.453110
-59.076233
-59.246586
-59.292385
-59.373425
-59.146717
-59.336090
-59.576744
-59.100574
-59.362614
-59.489086
-59.505356
-59.275330
-59.412357
-59.584133
-59.408794
-59.655342
-59.580181
-59.597832
-59.645756
-59.649525
-59.750729
-59.702827
-59.857513
-59.909420
-59.865154
-59.950825
-59.933334
-60.202160
-60.008175
-60.179550
-60.101227
-60.403931
-60.501137
-60.218216
-60.461044
-60.626289
-60.663765
-60.387783
-60.693665
-60.997501
-60.788063
-60.840252
-61.024033
-61.269657
-60.891788
-61.106945
-61.272297
-61.350925
-61.424065
-61.322891
-61.671127
-61.649872
-61.675133
-61.636803
-61.747631
-61.862942
-61.906261
-62.038364
-62.010250
-62.104057
-62.141060
-62.299458
-62.313831
-62.326969
-62.372898
-62.352375
-62.515980
-62.641418
-62.738323
-62.637157
-62.722866
-62.827202
-62.780960
-62.886600
-63.045086
-62.985413
-62.931515
-63.136131
-63.254292
-63.175072
-63.163090
-63.328056
-63.368225
-63.373520
-63.387875
-63.470203
-63.560856
-63.526546
-63.604565
-63.536903
-63.697498
-63.680084
-63.672333
-63.839561
-63.851284
-63.892006
-63.736332
-63.859264
-64.031967
-64.043785
-63.891693
-63.935631
-64.214844
-64.045784
-63.942707
-64.206596
-64.363083
-64.122253
-64.049370
-64.349770
-64.400200
-64.340118
-64.244736
-64.321915
-64.395729
-64.399361
-64.432442
-64.465538
-64.434807
-64.384453
-64.482780
-64.461937
-64.598335
-64.364708
-64.599655
-64.415413
-64.584404
-64.585480
-64.537117
-64.378738
-64.521263
-64.577209
-64.430016
-64.533867
-64.676079
-64.529289
-64.315674
-64.552994
-64.644592
-64.534378
-64.368538
-64.567810
-64.489738
-64.560234
-64.444504
-64.446022
-64.373123
-64.612793
-64.444473
-64.294495
-64.523895
-64.460747
-64.503746
-64.273827
-64.341843
-64.451736
-64.273575
-64.375237
-64.316002
-64.400681
-64.202126
-64.288910
-64.141922
-64.310600
-64.274117
-64.073868
-64.302811
-64.134903
-64.173828
-64.090111
-64.105431
-64.030128
-63.994370
-64.055229
-63.941532
-63.935917
-63.889946
-63.946274
-63.860638
-63.906631
-63.862061
-63.640045
-63.666489
-63.785507
-63.855843
-63.587044
-63.630482
-63.527809
-63.706841
-63.472485
-63.445957
-63.461967
-63.582680
-63.287796
-63.307602
-63.536377
-63.302937
-63.233562
-63.252342
-63.398037
-63.152428
-63.066505
-63.210468
-63.197346
-63.181702
-62.945881
-63.062443
-63.051392
-63.167488
-62.842289
-62.885170
-63.147106
-62.984383
-62.786480
-62.716614
-62.973282
-62.934986
-62.720329
-62.782368
-62.751297
-62.852348
-62.627998
-62.718834
-62.692688
-62.597954
-62.776798
-62.468540
-62.710041
-62.602791
-62.489918
-62.494263
-62.441952
-62.709270
-62.257004
-62.407429
-62.589027
-62.547977
-62.357582
-62.163033
-62.434269
-62.257084
-62.286758
-62.315460
-62.305779
-62.207527
-62.099224
-62.333172
-62.150490
-62.065998
-62.086025
-61.981861
-62.146851
-62.172760
-62.054302
-61.928288
-61.984402
-62.003250
-61.861706
-61.890099
-61.997395
-61.924030
-61.714878
-61.911007
-61.908199
-61.703888
-61.720844
-61.688435
-61.891300
-61.719856
-61.686123
-61.602566
-61.716137
-61.730747
-61.590260
-61.630974
-61.517216
-61.607986
-61.527191
-61.519493
-61.712990
-61.386536
-61.489334
-61.388737
-61.599941
-61.492558
-61.340450
-61.400036
-61.517277
-61.431030
-61.315941
-61.333294
-61.483364
-61.362888
-61.266869
-61.424671
-61.333763
-61.295792
-61.206585
-61.341949
-61.341438
-61.299271
-61.274723
-61.193478
-61.358818
-61.097458
-61.253887
-61.280331
-61.092407
-61.273300
-61.226456
-61.282814
-61.098301
-61.138718
-61.132862
-61.185802
-61.290882
-61.138603
-61.276318
-61.120586
-61.214367
-61.108582
-61.136345
-61.147850
-61.090763
-61.205040
-61.192188
-61.247616
-61.057747
-61.028194
-61.300602
-61.008698
-61.176075
-61.016582
-61.251720
-61.094154
-61.075760
-61.140171
-61.076565
-61.254719
-60.951687
-61.144081
-61.141739
-61.066547
-61.103157
-61.063309
-61.196991
-60.886681
-61.139355
-61.118034
-61.190010
-60.982613
-60.982845
-61.127247
-61.068775
-61.144272
-60.984795
-61.162537
-61.099453
-60.982849
-61.096142
-61.110909
-61.013546
-61.008038
-61.011963
-61.066822
-61.022160
-61.165104
-60.962051
-61.072468
-60.880886
-61.051910
-61.165104
-61.050159
-61.064453
-60.916870
-61.142586
-60.968632
-61.069786
-61.044373
-60.920868
-61.029408
-60.922672
-61.084621
-60.942966
-61.042839
-61.024666
-60.958580
-60.942440
-60.941998
-60.964680
-60.976734
-61.077900
-61.065918
-60.873474
-60.927597
-60.921360
-61.093666
-60.857910
-61.052700
-60.796741
-60.974186
-60.982815
-60.958229
-60.932495
-60.851147
-61.015648
-60.813389
-60.957775
-61.010895
-60.858250
-60.944038
-60.891285
-60.851208
-60.837818
-60.986893
-60.991219
-60.820202
-60.874035
-60.772263
-60.902493
-60.902794
-60.822964
-60.859737
-60.858833
-60.874962
-60.788097
-60.886688
-60.960857
-60.667614
-60.780483
-60.846741
-60.982281
-60.731277
-60.828140
-60.934368
-60.779873
-60.838985
-60.643906
-60.804626
-60.896286
-60.909554
-60.744640
-60.749172
-61.054928
-60.659554
-60.624691
-60.639458
-60.940567
-60.756554
-60.773033
-60.858170
-60.653225
-60.581470
-60.667603
-60.771324
-60.619133
-60.591869
-60.684906
-60.743889
-60.733639
-60.566372
-60.532200
-60.533871
-60.674549
-60.620541
-60.562523
-60.589283
-60.416824
-60.606850
-60.596661
-60.473812
-60.448406
-60.428925
-60.721081
-60.489727
-60.471333
-60.425190
-60.402954
-60.566856
-60.431984
-60.665634
-60.354324
-60.438980
-60.551121
-60.449944
-60.386005
-60.382713
-60.579315
-60.425011
-60.408344
-60.405334
-60.405037
-60.482452
-60.366997
-60.428860
-60.346947
-60.460102
-60.371838
-60.255863
-60.483742
-60.385418
-60.499397
-60.195679
-60.281551
-60.475586
-60.372665
-60.323025
-60.287010
-60.546528
-60.377079
-60.136757
-60.374989
-60.377739
-60.401367
-60.143303
-60.262203
-60.392883
-60.428169
-60.302456
-60.260086
-60.200809
-60.281868
-60.230347
-60.292202
-60.311272
-60.302792
-60.197205
-60.179451
-60.367943
-60.171463
-60.051601
-60.130753
-60.325371
-60.140141
-60.097294
-60.242321
-60.137280
-60.240906
-60.128571
-60.130657
-60.116901
-60.132343
-60.050602
-60.141724
-60.233479
-60.129356
-59.917259
-60.044159
-60.147743
-60.028660
-59.960781
-60.167789
-60.131943
-59.957302
-59.976761
-59.935333
-60.183670
-60.025303
-59.841965
-59.948784
-59.944050
-59.971004
-59.776211
-60.101383
-59.982098
-59.745411
-59.845692
-59.905121
-59.930096
-59.685974
-59.798790
-59.883305
-59.807766
-59.815369
-59.740932
-59.758053
-59.732857
-59.784592
-59.655872
-59.680019
-59.816418
-59.596291
-59.623909
-59.762623
-59.789215
-59.562492
-59.456882
-59.713982
-59.677925
-59.648937
-59.542023
-59.667072
-59.623608
-59.398151
-59.515385
-59.616550
-59.626759
-59.520370
-59.341259
-59.664246
-59.424778
-59.440941
-59.444561
-59.601292
-59.453415
-59.212200
-59.456627
-59.418221
-59.431217
-59.166386
-59.358433
-59.397449
-59.214081
-59.294361
-59.212223
-59.412567
-59.214397
-59.177170
-59.138298
-59.166203
-59.284004
-59.076241
-59.236958
-59.127892
-59.227238
-59.130856
-59.071770
-59.178333
-58.982990
-59.249405
-59.060009
-59.184170
-58.916496
-59.048496
-59.105026
-59.059589
-59.147701
-58.962223
-59.098286
-58.875549
-59.149883
-59.061649
-58.989773
-58.933769
-58.899033
-59.094212
-58.927113
-59.104481
-58.898746
-58.837479
-58.825226
-58.942112
-59.037567
-58.786274
-58.994900
-58.852493
-58.856998
-58.885139
-58.991856
-58.834393
-58.547848
-58.951206
-58.861481
-58.761982
-58.691212
-58.818626
-58.747910
-58.711033
-58.890606
-58.570026
-58.670631
-58.578938
-58.801327
-58.636356
-58.608608
-58.648552
-58.542294
-58.794212
-58.494160
-58.591904
-58.593121
-58.806919
-58.624298
-58.624329
-58.843758
-58.684509
-58.749409
-58.627232
-58.812084
-58.777496
-58.745663
-58.819881
-58.765060
-58.851871
-58.935188
-58.934216
-59.015656
-59.044064
-58.932766
-58.928051
-59.055061
-59.154320
-59.024033
-59.044361
-59.208271
-59.171856
-58.949387
-58.936226
-59.117535
-59.024311
-59.090622
-59.216934
-59.029644
-58.995277
-58.812824
-59.090046
-59.087132
-59.018940
-58.902340
-58.895462
-59.225433
-59.025517
-58.953934
-58.879383
-58.867912
-58.854523
-58.720268
-58.997856
-58.700806
-58.747829
-58.619118
-58.655903
-58.631798
-58.526485
-58.609875
-58.420193
-58.696693
-58.398632
-58.561565
-58.555080
-58.571831
-58.536606
-58.375195
-58.481773
-58.507549
-58.493752
-58.363907
-58.503357
-58.727650
-58.474861
-58.538425
-58.658543
-58.721905
-58.640701
-58.590073
-58.551315
-58.629112
-58.543228
-58.688122
-58.667889
-58.716782
-58.579212
-58.417866
-58.534954
-58.760899
-58.673550
-58.415169
-58.416241
-58.666855
-58.574966
-58.595657
-58.552990
-58.576611
-58.412556
-58.293209
-58.566349
-58.491665
-58.509007
-58.350464
-58.455086
-58.368225
-58.272644
-58.374561
-58.473469
-58.564644
-58.452198
-58.447838
-58.495743
-58.450180
-58.523361
-58.351662
-58.353619
-58.349976
-58.274654
-58.361065
-58.324764
-58.325115
-58.264610
-58.289360
-58.358570
-58.173241
-58.415470
-58.376060
-58.296513
-58.347088
-58.162369
-58.284504
-58.067074
-58.299030
-58.286072
-58.154598
-58.190464
-57.999294
-58.111389
-58.178879
-58.334778
-58.180790
-58.078785
-58.211445
-58.259979
-58.258255
-58.248695
-58.163132
-58.261635
-57.984673
-58.119724
-58.269558
-58.056358
-57.983166
-58.076382
-58.168751
-58.111450
-58.012047
-58.185780
-58.109451
-58.248470
-58.183361
-58.079742
-58.228134
-58.185917
-58.226013
-58.070969
-58.270500
-58.223648
-58.078018
-58.097660
-58.258518
-58.182442
-58.027531
-58.109951
-58.222916
-58.185295
-58.108704
-58.300575
-58.029888
-58.273499
-58.348255
-58.197731
-58.085018
-58.212364
-58.409317
-58.149429
-58.126690
-58.284512
-58.208202
-58.315601
-58.181145
-58.204662
-58.229340
-58.257492
-58.282394
-58.162140
-58.278862
-58.162678
-58.250462
-58.171082
-58.279137
-58.168034
-58.053917
-58.094929
-58.158558
-58.113159
-58.033657
-58.162125
-58.281807
-58.219425
-58.021965
-58.118530
-58.272366
-58.279053
-58.149014
-58.142967
-58.384285
-58.297894
-58.331539
-58.391571
-58.346729
-58.231586
-58.320705
-58.561409
-58.459503
-58.433815
-58.438953
-58.496189
-58.630032
-58.642391
-58.556145
-58.635895
-58.769680
-58.792252
-58.642002
-58.921276
-58.877243
-58.833454
-58.800980
-58.943165
-58.949940
-58.893959
-58.903503
-58.955784
-58.856216
-59.005371
-58.930767
-59.040272
-59.039551
-58.984745
-59.034527
-59.053711
-59.086685
-59.032955
-59.034405
-59.141281
-59.174091
-59.287872
-59.069790
-59.227352
-59.249542
-59.215965
-59.297546
-59.274139
-59.412579
-59.377457
-59.302773
-59.408501
-59.369717
-59.443203
-59.251213
-59.365021
-59.472664
-59.485775
-59.487938
-59.430668
-59.482956
-59.459000
-59.513084
-59.631462
-59.493790
-59.553738
-59.505104
-59.575878
-59.614880
-59.666348
-59.661781
-59.567146
-59.707001
-59.493473
-59.735695
-59.608818
-59.870861
-59.609615
-59.570339
-59.912937
-59.651203
-59.720856
-59.691998
-59.947868
-59.689831
-59.758801
-59.933338
-59.830647
-59.894138
-59.702946
-59.898968
-59.825848
-59.846947
-59.805389
-59.690201
-59.993259
-59.723721
-59.831303
-59.708523
-59.819035
-59.746426
-59.475925
-59.843861
-59.663910
-59.761383
-59.311642
-59.579906
-59.414127
-59.461922
-59.167908
-59.143265
-59.225582
-58.901836
-58.967659
-58.874645
-58.772442
-58.476757
-58.464291
-58.521599
-58.406269
-58.492023
-58.312607
-58.351280
-58.286316
-58.380466
-58.219147
-58.152603
-58.303467
-58.170399
-58.224430
-58.087139
-58.328430
-58.065151
-58.109932
-58.150501
-58.144909
-58.154793
-58.146580
-58.317085
-58.125908
-58.287170
-58.090034
-58.060387
-58.264309
-58.350651
-58.186749
-58.078716
-58.200386
-58.158482
-58.027889
-58.214668
-58.062408
-58.102913
-58.008377
-58.116299
-58.105820
-58.259789
-58.118172
-58.017956
-58.322346
-58.125141
-58.235458
-58.195461
-58.200726
-58.278904
-58.079636
-58.236233
-58.122890
-58.287853
-58.012222
-58.102139
-58.159863
-58.087109
-58.140583
-58.122845
-58.091759
-58.130878
-58.157421
-58.206406
-58.081539
-58.246880
-58.256516
-58.310654
-58.366894
-58.272556
-58.207283
-58.313339
-58.465561
-58.387123
-58.594963
-58.590019
-58.559780
-58.634777
-58.666687
-58.758648
-58.763245
-58.848110
-58.863590
-59.043243
-59.034245
-59.084431
-59.061108
-58.986416
-59.093307
-59.254814
-59.332935
-59.316784
-59.269264
-59.261364
-59.317898
-59.381977
-59.339054
-59.363434
-59.428322
-59.472984
-59.547657
-59.444508
-59.456299
-59.566639
-59.391735
-59.483845
-59.366226
-59.509148
-59.394089
-59.300030
-59.499638
-59.490463
-59.578320
-59.469479
-59.513542
-59.606853
-59.519653
-59.549522
-59.620701
-59.475807
-59.434250
-59.353012
-59.413017
-59.434078
-59.516941
-59.344833
-59.265476
-59.300701
-59.404045
-59.439407
-59.315704
-59.327934
-59.412842
-59.469921
-59.323051
-59.193459
-59.394245
-59.462353
-59.388126
-59.318134
-59.411785
-59.421417
-59.313595
-59.384190
-59.252686
-59.474895
-59.450657
-59.383171
-59.558952
-59.696999
-59.728542
-59.574997
-59.734097
-59.712120
-59.714188
-59.743023
-59.661263
-59.785984
-59.754574
-59.585526
-59.687428
-59.731422
-59.686401
-59.513176
-59.579659
-59.448212
-59.559742
-59.730717
-59.519615
-59.568897
-59.540916
-59.406811
-59.225273
-59.430481
-59.248234
-59.325394
-59.124638
-59.108349
-59.117859
-59.001316
-59.031609
-58.929470
-59.158722
-58.966324
-58.976292
-58.871552
-59.038540
-58.863708
-58.930759
-58.963169
-58.897751
-58.935928
-58.925678
-58.986877
-59.052341
-58.927372
-58.911560
-59.122608
-59.302116
-59.115009
-59.186005
-59.428181
-59.307335
-59.139992
-59.295040
-59.525265
-59.340927
-59.413414
-59.580574
-59.572544
-59.523773
-59.522316
-59.521564
-59.645088
-59.756680
-59.754959
-59.690605
-59.829941
-59.962700
-59.912579
-59.865124
-59.942356
-59.895351
-59.947712
-59.927525
-60.109402
-60.068821
-60.002907
-59.931419
-59.992432
-60.071526
-60.002804
-60.057541
-59.995693
-60.203369
-60.133785
-60.097969
-60.048256
-59.991299
-60.086880
-60.196678
-60.151405
-60.024426
-60.018791
-60.180531
-60.200359
-60.080448
-60.107384
-60.124985
-60.212940
-60.178829
-60.215572
-60.037338
-60.255432
-60.248848
-60.213551
-60.069397
-60.215328
-60.157825
-60.152180
-60.156425
-60.117115
-60.021851
-60.000420
-60.033115
-59.889809
-59.963440
-59.727039
-59.732594
-59.800514
-59.742786
-59.707672
-59.661339
-59.748379
-59.457451
-59.434559
-59.500999
-59.646095
-59.316864
-59.318073
-59.516602
-59.467030
-59.433243
-59.369682
-59.454845
-59.404259
-59.587090
-59.516720
-59.524673
-59.502110
-59.614174
-59.556671
-59.438839
-59.523540
-59.454666
-59.449543
-59.368977
-59.374687
-59.316719
-59.329727
-59.347805
-59.319904
-59.295055
-59.389389
-59.234772
-59.200386
-59.361122
-59.364037
-59.240482
-59.238049
-59.295212
-59.244774
-59.194538
-59.236935
-59.188347
-59.142746
-59.149624
-59.114632
-59.200844
-59.164734
-59.228939
-59.191017
-59.180695
-59.259712
-59.212971
-59.142601
-59.163986
-59.344894
-59.234386
-59.341042
-59.118523
-59.131962
-59.178963
-59.225578
-59.208290
-59.029903
-59.171177
-59.156708
-59.112759
-59.034882
-59.083920
-58.982719
-58.927002
-58.980492
-59.026096
-58.848160
-58.849895
-58.838142
-58.896080
-58.877731
-58.916740
-58.758347
-58.906654
-58.873943
-59.059814
-58.912064
-59.018665
-59.047367
-58.977901
-58.976563
-59.116337
-59.202847
-59.057175
-59.034603
-59.133869
-59.183701
-59.106869
-59.171570
-59.059467
-59.176872
-59.209087
-59.145485
-59.110859
-59.200752
-59.202724
-58.945370
-59.014366
-58.944786
-58.926132
-58.888824
-58.956608
-58.933342
-58.799194
-58.735470
-58.865078
-58.938370
-58.803841
-58.833916
-58.882050
-58.867630
-59.017921
-58.893494
-58.956161
-58.910809
-58.972813
-58.892910
-58.838619
-59.011570
-58.807869
-58.881664
-58.869640
-58.942471
-58.747612
-58.910919
-58.883709
-58.866730
-58.972282
-58.871372
-58.845776
-58.797047
-58.906273
-58.809681
-58.753010
-58.863369
-58.718319
-58.669228
-58.758270
-58.821774
-58.728832
-58.650574
-58.647202
-58.768848
-58.801971
-58.747623
-58.716785
-58.741486
-58.835850
-58.833794
-58.928043
-58.814320
-58.942955
-59.011494
-59.089745
-59.066498
-59.034443
-59.100517
-59.079750
-59.068439
-59.185749
-59.120434
-59.078735
-58.998981
-59.023216
-58.972969
-58.892765
-58.760212
-58.793007
-58.708313
-58.658016
-58.567955
-58.682278
-58.565742
-58.467144
-58.456474
-58.533058
-58.511414
-58.460270
-58.426434
-58.416824
-58.376438
-58.344151
-58.289387
-58.239727
-58.167042
-58.124619
-58.048012
-57.898869
-57.857712
-57.898994
-57.888962
-57.797401
-57.749660
-57.668743
-57.686275
-57.708801
-57.648167
-57.741009
-57.670090
-57.634472
-57.644085
-57.677975
-57.551071
-57.501030
-57.522659
-57.432178
-57.455219
-57.331383
-57.300766
-57.248459
-57.259880
-57.059147
-57.038097
-57.023701
-56.970257
-56.952633
-56.947891
-56.981991
-56.881172
-56.915031
-56.873543
-56.888546
-56.883770
-56.935337
-56.932934
-56.838970
-56.796043
-56.853230
-56.874863
-56.831432
-56.858128
-56.715637
-56.755722
-56.723099
-56.747837
-56.743065
-56.650753
-56.706001
-56.693169
-56.624893
-56.646160
-56.648933
-56.691486
-56.582264
-56.550110
-56.587231
-56.706341
-56.603661
-56.443279
-56.506481
-56.593895
-56.579678
-56.523849
-56.538746
-56.616741
-56.467113
-56.617287
-56.716942
-56.617577
-56.493099
-56.591846
-56.714344
-56.624100
-56.527565
-56.583660
-56.593185
-56.611759
-56.535824
-56.456390
-56.526527
-56.313469
-56.433865
-56.372795
-56.370033
-56.370277
-56.434780
-56.258965
-56.324810
-56.261597
-56.257870
-56.339859
-56.334057
-56.193832
-56.201244
-56.250072
-56.206837
-56.179630
-56.140110
-56.059406
-56.054638
-56.110317
-56.075985
-56.117599
-55.921551
-55.892563
-55.950104
-55.894337
-55.884392
-55.705864
-55.749855
-55.738358
-55.681076
-55.578899
-55.558144
-55.621635
-55.344048
-55.309097
-55.448006
-55.429413
-55.345493
-55.313427
-55.277744
-55.440784
-55.499817
-55.249664
-55.400616
-55.657772
-55.694592
-55.491291
-55.512741
-55.815334
-55.847092
-55.756699
-55.830776
-56.104015
-55.939808
-55.941471
-55.997314
-56.110832
-56.251812
-56.269451
-56.291508
-56.325195
-56.452316
-56.358013
-56.471066
-56.526932
-56.629921
-56.652390
-56.680069
-56.766880
-56.734196
-56.772747
-56.744061
-56.748051
-56.760151
-56.716610
-56.817070
-56.747612
-56.585018
-56.678444
-56.649597
-56.432426
-56.416218
-56.440063
-56.423344
-56.373650
-56.409950
-56.311092
-56.289669
-56.270573
-56.242985
-56.148148
-56.257809
-56.231277
-56.161758
-56.058292
-56.027260
-56.091812
-55.900093
-56.035339
-56.043423
-55.992821
-56.070637
-56.115551
-56.259529
-56.307587
-56.454391
-56.552643
-56.530273
-56.764786
-56.721436
-56.833305
-56.828930
-56.857227
-56.796806
-56.840298
-56.767326
-56.776619
-56.781315
-56.701801
-56.711277
-56.713406
-56.894978
-56.762062
-56.799576
-56.831924
-56.944050
-56.922668
-56.919464
-56.925079
-56.884911
-56.810074
-56.737541
-56.767590
-56.758457
-56.605232
-56.557217
-56.455975
-56.523350
-56.545181
-56.369537
-56.403599
-56.195656
-56.389084
-56.284122
-56.361938
-56.276272
-56.145893
-56.203518
-56.122169
-56.089783
-55.997128
-55.927498
-55.967247
-55.912872
-55.877644
-55.807594
-55.707848
-55.728424
-55.744431
-55.695183
-55.762928
-55.643951
-55.595947
-55.517467
-55.546844
-55.598190
-55.521034
-55.504833
-55.365047
-55.369057
-55.414238
-55.446552
-55.345238
-55.386028
-55.242298
-55.360249
-55.347878
-55.373489
-55.307884
-55.205181
-55.175503
-55.165779
-55.309643
-55.176933
-55.102486
-55.131496
-55.151016
-55.098549
-55.149765
-55.153061
-55.021011
-55.041836
-55.230541
-55.187428
-55.170322
-55.201965
-55.286339
-55.165710
-55.285675
-55.250183
-55.255344
-55.253330
-55.290688
-55.274780
-55.267036
-55.291744
-55.324043
-55.176266
-55.283226
-55.305267
-55.186836
-55.251705
-55.246437
-55.242538
-55.175373
-55.213249
-55.271942
-55.283173
-55.185993
-55.183212
-55.265461
-55.298618
-55.118645
-55.257301
-55.197392
-55.081158
-55.145279
-55.135532
-55.007454
-54.992241
-55.007984
-54.837898
-54.846188
-54.837811
-54.889000
-54.631699
-54.617954
-54.657360
-54.540955
-54.552589
-54.460064
-54.535149
-54.337021
-54.239941
-54.348591
-54.359001
-54.176613
-54.060757
-54.143036
-54.180225
-54.039700
-53.984650
-54.106377
-53.965508
-53.865505
-53.930813
-53.983032
-53.832623
-53.830673
-53.845379
-53.760250
-53.725925
-53.730553
-53.715302
-53.507725
-53.576065
-53.527046
-53.399673
-53.447575
-53.441666
-53.320309
-53.253956
-53.346180
-53.369022
-53.114933
-53.086479
-53.271595
-53.376160
-53.246449
-53.141853
-53.103390
-53.138885
-53.128918
-53.218311
-53.113499
-53.253754
-53.148434
-53.086910
-53.110321
-53.177982
-53.139679
-53.153835
-53.101856
-52.974152
-53.051556
-53.031513
-52.884396
-53.110046
-52.926006
-52.686081
-52.762329
-53.027908
-52.888756
-52.817333
-52.837090
-52.785271
-52.715527
-52.700989
-52.716995
-52.646107
-52.587059
-52.626854
-52.538044
-52.551472
-52.443279
-52.205807
-52.275391
-52.282475
-52.295158
-52.204311
-52.222443
-52.150921
-52.113331
-52.052208
-52.110352
-51.944344
-51.971992
-51.931442
-51.971115
-51.881142
-51.884464
-51.685730
-51.556458
-51.652134
-51.541924
-51.401978
-51.154934
-51.129192
-51.093174
-50.954605
-50.791363
-50.583111
-50.423149
-50.301334
-50.209221
-50.013531
-49.769421
-49.658871
-49.436687
-49.427433
-49.078690
-49.033745
-48.834389
-48.716076
-48.496037
-48.472675
-48.488285
-48.430363
-48.348511
-47.985741
-48.183502
-48.224892
-48.253147
-48.315212
-48.358089
-48.146996
-48.047852
-48.123215
-47.925365
-47.738300
-47.638195
-47.276024
-47.067688
-46.664276
-46.344494
-46.031651
-45.860615
-45.658443
-45.266518
-44.997372
-44.558563
-44.524174
-44.305153
-44.155197
-43.781754
-43.739376
-43.562668
-43.165508
-43.066689
-42.734043
-42.622902
-42.195499
-41.967731
-41.773705
-41.449947
-41.145317
-40.857616
-40.682117
-40.367443
-40.027760
-39.823532
-39.512123
-39.274693
-38.892410
-38.534531
-38.131187
-37.826641
-37.403873
-37.011978
-36.653122
-36.136086
-35.733768
-35.205334
-34.870224
-34.512760
-34.137169
-33.761780
-33.319653
-33.050392
-32.803169
-32.407734
-32.026150
-31.716013
-31.363962
-31.026588
-30.640245
-30.236904
-29.892796
-29.455891
-28.990946
-28.613277
-28.226946
-27.927990
-27.487743
-27.179228
-26.914320
-26.669228
-26.348841
-26.064152
-25.810547
-25.627802
-25.325224
-24.989809
-24.803251
-24.571545
-24.313074
-24.011480
-23.688711
-23.329607
-23.062197
-22.772667
-22.518938
-22.248194
-22.063480
-21.930939
-21.690876
-21.532288
-21.430672
-21.222050
-20.993134
-20.928637
-20.835440
-20.697550
-20.541336
-20.503553
-20.245378
-20.031307
-19.805197
-19.608360
-19.469946
-19.193792
-18.840780
-18.736536
-18.553164
-18.411736
-17.956293
-17.727240
-17.667416
-17.632637
-17.533081
-17.371334
-17.137281
-16.880962
-16.714338
-16.649649
-16.517309
-16.261709
-16.108374
-15.867277
-15.593697
-15.620827
-15.399386
-15.194172
-15.114184
-15.001742
-14.808278
-14.596132
-14.501492
-14.414717
-13.986123
-13.796064
-13.629662
-13.514101
-13.282113
-13.096511
-12.975995
-12.757772
-12.442928
-12.308879
-12.114437
-11.975313
-11.871235
-11.756115
-11.601822
-11.363707
-11.181437
-11.037279
-10.872309
-10.678817
-10.461545
-10.288489
-10.144005
-10.049710
-9.789205
-9.604425
-9.497414
-9.440549
-9.318563
-9.255740
-9.275664
-8.989988
-8.841022
-8.711618
-8.664074
-8.551043
-8.362030
-8.115087
-7.937877
-7.718008
-7.389127
-7.278783
-7.101816
-6.905790
-6.703322
-6.626131
-6.530745
-6.323781
-6.225926
-6.126002
-6.136148
-5.986862
-5.874815
-5.719227
-5.638878
-5.611995
-5.275334
-5.207576
-5.216327
-5.047071
-4.754511
-4.719514
-4.486453
-4.312644
-4.198028
-4.296004
-4.231529
-4.012893
-3.994713
-4.008689
-4.103681
-4.117703
-3.984286
-3.872125
-3.718976
-3.892480
-3.817460
-3.664409
-3.647381
-3.546477
-3.271027
-3.252209
-3.398228
-3.156199
-2.826463
-2.717923
-2.735565
-2.715284
-2.971161
-2.971853
-2.477132
-2.632445
-2.886976
-2.942816
-2.933705
-3.056330
-2.727641
-2.587935
-2.919266
-2.950862
-2.675442
-2.499465
-2.374370
-2.172263
-2.248151
-2.274100
-2.173015
-2.029129
-2.103664
-2.029610
-2.016781
-2.356490
-2.486225
-2.316952
-2.176884
-2.322583
-2.330415
-2.198171
-2.251817
-2.292463
-1.918470
-1.632116
-1.631568
-1.765237
-1.759450
-1.784662
-1.742392
-1.762654
-1.939003
-1.941733
-2.117393
-2.021218
-2.114235
-1.948782
-2.015085
-2.197176
-2.217413
-1.876132
-1.713737
-1.789781
-1.589633
-1.587191
-1.575678
-1.540147
-1.300741
-1.308081
-1.337614
-1.440887
-1.408323
-1.204987
-1.160107
-1.109145
-1.146604
-1.003898
-0.938060
-0.769717
-0.682808
-0.563498
-0.447691
-0.463665
-0.268922
-0.211551
-0.049117
-0.101975
-0.119882
0.053440
0.132250
0.153656
0.064756
0.281112
0.201352
0.264569
0.417470
0.434808
0.452167
0.509442
0.552966
0.575953
0.763656
0.736437
0.796001
0.841080
1.028122
0.951675
0.916023
1.059260
1.018748
1.097979
1.101536
1.190356
1.145751
1.209863
1.237114
1.209361
1.361818
1.329606
1.373054
1.373780
1.523563
1.589343
1.578953
1.601543
1.627579
1.676352
1.618756
1.760887
1.756680
1.731165
1.806752
1.841656
1.802538
1.820148
1.912641
1.895132
1.919042
2.000706
1.981797
1.971405
2.075541
2.071856
2.083455
2.106259
2.083034
2.100829
2.124020
2.147587
2.148334
2.071601
2.108468
2.011657
2.142854
2.133699
2.052563
1.998838
1.982842
2.006047
1.975545
1.930744
1.986623
1.924683
1.826793
1.952621
2.083878
1.763355
1.744174
1.720387
1.722091
1.605855
1.614892
1.644482
1.524561
1.464125
1.328066
1.320736
1.292948
1.259186
1.207407
1.241928
1.190178
0.926467
1.035414
0.960831
1.073773
0.969600
0.970912
1.052779
0.986137
1.022875
1.046168
1.105858
1.011457
0.982977
1.065929
1.144939
1.196755
1.174378
1.100218
1.116776
1.141647
1.129342
1.154451
1.166837
1.095066
1.057363
1.147677
1.138527
0.965894
1.136253
1.238412
1.156037
1.049003
1.104550
1.225660
1.095688
1.087088
1.113067
1.252924
1.220144
1.110812
1.035248
1.088842
1.075746
1.135332
1.121788
1.101611
1.086564
0.937113
1.001566
1.094550
1.061379
1.070147
1.030895
0.999217
0.991815
1.029973
0.960279
0.962712
0.983263
0.926087
0.929104
0.925348
0.946593
0.826108
0.812237
0.920959
0.863057
0.824229
0.761482
0.687205
0.688930
0.774055
0.779307
0.803768
0.760667
0.707423
0.767833
0.856002
0.927244
0.796454
0.847730
0.788105
0.732675
0.692998
0.751647
0.627710
0.462792
0.400739
0.332789
0.356984
0.207215
0.203873
0.018110
-0.019547
0.026397
-0.012561
0.033018
-0.120819
-0.088166
-0.126283
-0.038615
-0.082597
-0.134620
-0.159528
-0.241159
-0.410355
-0.391478
-0.361167
-0.399962
-0.526519
-0.492457
-0.548911
-0.568187
-0.608639
-0.659730
-0.558308
-0.574688
-0.531098
-0.530891
-0.490066
-0.580420
-0.627218
-0.658833
-0.561652
-0.651514
-0.689650
-0.637185
-0.722876
-0.809248
-0.845358
-0.819402
-0.917101
-0.925876
-0.816674
-0.769206
-0.838897
-0.990343
-0.914546
-0.978346
-0.991502
-0.946755
-1.007393
-0.994826
-1.119235
-1.045291
-1.071531
-1.086424
-1.174064
-0.999823
-1.094273
-1.023097
-0.992572
-1.041450
-1.011303
-1.043100
-0.981782
-1.003672
-0.989024
-1.009641
-0.890533
-0.958553
-0.933567
-0.945543
-0.918605
-0.906826
-0.921257
-0.822463
-0.748437
-0.746972
-0.734049
-0.730652
-0.651195
-0.666386
-0.704218
-0.646931
-0.586639
-0.593708
-0.574758
-0.569472
-0.593234
-0.615820
-0.497641
-0.460413
-0.502413
-0.508244
-0.434904
-0.404731
-0.351606
-0.333759
-0.431504
-0.359766
-0.311978
-0.236431
-0.196810
-0.198548
-0.352119
-0.302033
-0.191681
-0.173998
-0.119646
-0.165283
-0.202857
-0.066855
-0.003289
0.050818
-0.047355
0.013865
0.082878
0.064605
0.154480
0.106295
0.156891
0.065990
0.087916
0.090699
0.154509
0.178759
0.103149
0.174075
0.098978
0.132731
0.088816
0.193264
0.144971
0.169898
0.092446
0.148153
0.161933
0.133237
0.111252
0.073912
0.045979
0.067278
0.119295
-0.032970
-0.058931
0.033890
-0.046952
0.030504
-0.068357
-0.068293
-0.090380
-0.093560
-0.085697
-0.097659
-0.107295
-0.151293
-0.190808
-0.117084
-0.223778
-0.150370
-0.190273
-0.208420
-0.282710
-0.179260
-0.226161
-0.241181
-0.284154
-0.260045
-0.226203
-0.243218
-0.218696
-0.244341
-0.310704
-0.305192
-0.211573
-0.293702
-0.360885
-0.345680
-0.321863
-0.338231
-0.372138
-0.332691
-0.326028
-0.354613
-0.358198
-0.335903
-0.289833
-0.349849
-0.301435
-0.344367
-0.315135
-0.308618
-0.338573
-0.281879
-0.306900
-0.306609
-0.360703
-0.410364
-0.325492
-0.393961
-0.380212
-0.333712
-0.362216
-0.429455
-0.360961
-0.378855
-0.395386
-0.413766
-0.382315
-0.352550
-0.362207
-0.348689
-0.363307
-0.503915
-0.422455
-0.416387
-0.389347
-0.476134
-0.518316
-0.559760
-0.499221
-0.485792
-0.528979
-0.591288
-0.600616
-0.576522
-0.571648
-0.552850
-0.666940
-0.660408
-0.649322
-0.649669
-0.654997
-0.643292
-0.705082
-0.769480
-0.791562
-0.672730
-0.719976
-0.829372
-0.792093
-0.758269
-0.753053
-0.803633
-0.712941
-0.795166
-0.760565
-0.778550
-0.728418
-0.699741
-0.660902
-0.662096
-0.737424
-0.742553
-0.711029
-0.656554
-0.692441
-0.670860
-0.677149
-0.723696
-0.685633
-0.660044
-0.618718
-0.671479
-0.695897
-0.626294
-0.606149
-0.556295
-0.546658
-0.634329
-0.610725
-0.480442
-0.521770
-0.529821
-0.554978
-0.532121
-0.602376
-0.601552
-0.537561
-0.516652
-0.671393
-0.606431
-0.562065
-0.544233
-0.547750
-0.585441
-0.622479
-0.583920
-0.477928
-0.501430
-0.565978
-0.533641
-0.491953
-0.510303
-0.557211
-0.535125
-0.516250
-0.511900
-0.614102
-0.510534
-0.524585
-0.517838
-0.561571
-0.458757
-0.513403
-0.501842
-0.531953
-0.473929
-0.386602
-0.411518
-0.555390
-0.482216
-0.382220
-0.496482
-0.506398
-0.478491
-0.414356
-0.581796
-0.502273
-0.518188
-0.376598
-0.509368
-0.525859
-0.463247
-0.401758
-0.456599
-0.505816
-0.433349
-0.541159
-0.502681
-0.474840
-0.459598
-0.501862
-0.526937
-0.561192
-0.510302
-0.523607
-0.561894
-0.490956
-0.536112
-0.579173
-0.542331
-0.542146
-0.461463
-0.544167
-0.597422
-0.508248
-0.494343
-0.503019
-0.542410
-0.539284
-0.451665
-0.542803
-0.449086
-0.571235
-0.492488
-0.474373
-0.413159
-0.467708
-0.486509
-0.525211
-0.536650
-0.458798
-0.493178
-0.556158
-0.499781
-0.528719
-0.512933
-0.521876
-0.508666
-0.564740
-0.520406
-0.486880
-0.477637
-0.430399
-0.481950
-0.496253
-0.522398
-0.459044
-0.535817
-0.513763
-0.518217
-0.455228
-0.459774
-0.580182
-0.460545
-0.474374
-0.490288
-0.518232
-0.483767
-0.464682
-0.472365
-0.468815
-0.457150
-0.469995
-0.556585
-0.516679
-0.496629
-0.449937
-0.520159
-0.615061
-0.563358
-0.555856
-0.551101
-0.577582
-0.587734
-0.577860
-0.587851
-0.605323
-0.573287
-0.571458
-0.592264
-0.598878
-0.591615
-0.532830
-0.649260
-0.627595
-0.633320
-0.620598
-0.586606
-0.610996
-0.638983
-0.744759
-0.593976
-0.627967
-0.626751
-0.618999
-0.586811
-0.681937
-0.692571
-0.576129
-0.605319
-0.604476
-0.669124
-0.661996
-0.659382
-0.591190
-0.667894
-0.584433
-0.658875
-0.640908
-0.685151
-0.638658
-0.585362
-0.623328
-0.689006
-0.655176
-0.589079
-0.616876
-0.700515
-0.691153
-0.668818
-0.635193
-0.680394
-0.652076
-0.677233
-0.676968
-0.735505
-0.667870
-0.673488
-0.637525
-0.676860
-0.691592
-0.647825
-0.679270
-0.634335
-0.768825
-0.705643
-0.740487
-0.700264
-0.722320
-0.729444
-0.708764
-0.756683
-0.746977
-0.778609
-0.736921
-0.794007
-0.752441
-0.802399
-0.753434
-0.755604
-0.753889
-0.798880
-0.802941
-0.769939
-0.793813
-0.802521
-0.724424
-0.812656
-0.793281
-0.812308
-0.782739
-0.822809
-0.830378
-0.750549
-0.813878
-0.802739
-0.828224
-0.806057
-0.847508
-0.781471
-0.780520
-0.817376
-0.844398
-0.836052
-0.724950
-0.817521
-0.823752
-0.795982
-0.835008
-0.778326
-0.786172
-0.762772
-0.798050
-0.840459
-0.767156
-0.832219
-0.828172
-0.840433
-0.772906
-0.779266
-0.793569
-0.886874
-0.831502
-0.830033
-0.770977
-0.689375
-0.824052
-0.794545
-0.867535
-0.776663
-0.786191
-0.794398
-0.788889
-0.871866
-0.768020
-0.796823
-0.743572
-0.870095
-0.830059
-0.823218
-0.759591
-0.784160
-0.818636
-0.816087
-0.782625
-0.768003
-0.754460
-0.780199
-0.815806
-0.828686
-0.779163
-0.758283
-0.879825
-0.752586
-0.743087
-0.771537
-0.778294
-0.772589
-0.760522
-0.750910
-0.740157
-0.718066
-0.747405
-0.712266
-0.731378
-0.669149
-0.717055
-0.815059
-0.730100
-0.690284
-0.731842
-0.722775
-0.648562
-0.729521
-0.756506
-0.719351
-0.727461
-0.697422
-0.607126
-0.662592
-0.648976
-0.692940
-0.665262
-0.692003
-0.638848
-0.671263
-0.716348
-0.673163
-0.648113
-0.662888
-0.664835
-0.660414
-0.683045
-0.663814
-0.599634
-0.657926
-0.646559
-0.644713
-0.588090
-0.638677
-0.668272
-0.646208
-0.567410
-0.578251
-0.631144
-0.585014
-0.678195
-0.581394
-0.554255
-0.557487
-0.601210
-0.547417
-0.514344
-0.568720
-0.558156
-0.563197
-0.473213
-0.517832
-0.516681
-0.569988
-0.529988
-0.454222
-0.468698
-0.577013
-0.541554
-0.459592
-0.477756
-0.478036
-0.502416
-0.560132
-0.461839
-0.434479
-0.400604
-0.502392
-0.507673
-0.545704
-0.419113
-0.310130
-0.420626
-0.450814
-0.481349
-0.413316
-0.359338
-0.373889
-0.368446
-0.388583
-0.359845
-0.343365
-0.415768
-0.407031
-0.301576
-0.360658
-0.360409
-0.382378
-0.358695
-0.315914
-0.410752
-0.337654
-0.383589
-0.381663
-0.407808
-0.388067
-0.398678
-0.425261
-0.471721
-0.466835
-0.351038
-0.408586
-0.377830
-0.399690
-0.240698
-0.312111
-0.342831
-0.292526
-0.246746
-0.276545
-0.256023
-0.238997
-0.274715
-0.249610
-0.323049
-0.352174
-0.391600
-0.231984
-0.248088
-0.296015
-0.395866
-0.347960
-0.344660
-0.284037
-0.247049
-0.306769
-0.312945
-0.317194
-0.220297
-0.232384
-0.253280
-0.264946
-0.276187
-0.224266
-0.326787
-0.260933
-0.274741
-0.246815
-0.286105
-0.267819
-0.313907
-0.284126
-0.254812
-0.260894
-0.394275
-0.282470
-0.275930
-0.287345
-0.235477
-0.318122
-0.312453
-0.296318
-0.235398
-0.244043
-0.311134
-0.264477
-0.288780
-0.326539
-0.264716
-0.224085
-0.305107
-0.284598
-0.348294
-0.379420
-0.317543
-0.228240
-0.311240
-0.354842
-0.407547
-0.310998
-0.298194
-0.220674
-0.274238
-0.313358
-0.308966
-0.285548
-0.197366
-0.204101
-0.286504
-0.421411
-0.348952
-0.309653
-0.300113
-0.320328
-0.353519
-0.339044
-0.251661
-0.273119
-0.221755
-0.205804
-0.228357
-0.159040
-0.152166
-0.120341
-0.182036
-0.291100
-0.366142
-0.325556
-0.303038
-0.351974
-0.327117
-0.389311
-0.509164
-0.386351
-0.326953
-0.424294
-0.428621
-0.346627
-0.319674
-0.423810
-0.341144
-0.382240
-0.461422
-0.452996
-0.480617
-0.435706
-0.565292
-0.565638
-0.547886
-0.562386
-0.591865
-0.481619
-0.405096
-0.380848
-0.497649
-0.619382
-0.477322
-0.406450
-0.432947
-0.570141
-0.635886
-0.619519
-0.554407
-0.550497
-0.626380
-0.760649
-0.727936
-0.700808
-0.549660
-0.657576
-0.569015
-0.593103
-0.604005
-0.593705
-0.627000
-0.597102
-0.722126
-0.669627
-0.712752
-0.746796
-0.759563
-0.716736
-0.742132
-0.810747
-0.724101
-0.723655
-0.749035
-0.670173
-0.661269
-0.631937
-0.551789
-0.515741
-0.671725
-0.627078
-0.583356
-0.627061
-0.694492
-0.698401
-0.654474
-0.668243
-0.742781
-0.832157
-0.828594
-0.815505
-0.694662
-0.743301
-0.809703
-0.790443
-0.660126
-0.607992
-0.695335
-0.753455
-0.688139
-0.677666
-0.711871
-0.741684
-0.773846
-0.797194
-0.853607
-0.858356
-0.838381
-0.869047
-0.829164
-0.810994
-0.840168
-0.802028
-0.734137
-0.735766
-0.689440
-0.790519
-0.880087
-0.779789
-0.678815
-0.821299
-0.875279
-0.946909
-0.884381
-0.890473
-0.937001
-0.895275
-0.959025
-0.859170
-0.915651
-0.852356
-0.838610
-0.810711
-0.785809
-0.836518
-0.809822
-0.766929
-0.689453
-0.852723
-0.894228
-0.889775
-0.811770
-0.827650
-0.863843
-0.936644
-0.975467
-0.870899
-0.878371
-0.868607
-0.817821
-0.951331
-0.863911
-0.745538
-0.780523
-0.872838
-0.828416
-0.758525
-0.795472
-0.821699
-0.895667
-0.796367
-0.802126
-0.838579
-0.908682
-0.874162
-0.795426
-0.813181
-0.803199
-0.790461
-0.842022
-0.750364
-0.785505
-0.685813
-0.784572
-0.757790
-0.774139
-0.775288
-0.743960
-0.779272
-0.755832
-0.786042
-0.768209
-0.821817
-0.843164
-0.743530
-0.747552
-0.835905
-0.813780
-0.699450
-0.664658
-0.712579
-0.849198
-0.738928
-0.625066
-0.700882
-0.686484
-0.730782
-0.722130
-0.791557
-0.723561
-0.717607
-0.641831
-0.666541
-0.763685
-0.692120
-0.679129
-0.548345
-0.507087
-0.531505
-0.639823
-0.553723
-0.461519
-0.475727
-0.438579
-0.469061
-0.642786
-0.603126
-0.443214
-0.492775
-0.569490
-0.507451
-0.516478
-0.502334
-0.426141
-0.388919
-0.407246
-0.530523
-0.441062
-0.307866
-0.203417
-0.233994
-0.395882
-0.421212
-0.366179
-0.202341
-0.250448
-0.359514
-0.410476
-0.414403
-0.237249
-0.192513
-0.260682
-0.457109
-0.358787
-0.251980
-0.106289
-0.071793
-0.151807
-0.255579
-0.204419
-0.064084
-0.121739
-0.107808
-0.058363
-0.130437
-0.155051
-0.115932
-0.073380
-0.145834
-0.191581
-0.203112
-0.139799
-0.086966
0.002991
-0.012103
-0.126550
-0.057444
0.007971
0.008356
0.033672
0.064135
0.033414
0.036129
0.167773
0.014437
0.069639
0.093890
0.125065
0.093330
0.127488
0.184095
0.212064
0.173013
0.159158
0.160337
0.194764
0.236510
0.289132
0.305121
0.308804
0.260681
0.241555
0.280061
0.304083
0.311070
0.254827
0.393629
0.308707
0.350764
0.306001
0.435345
0.354360
0.302548
0.328753
0.494585
0.451189
0.417588
0.372936
0.409898
0.493902
0.492030
0.413034
0.337225
0.404298
0.523507
0.469062
0.404588
0.410791
0.390245
0.496287
0.393303
0.417584
0.438202
0.488278
0.443552
0.450458
0.407506
0.391472
0.465828
0.357834
0.431981
0.419581
0.376427
0.418932
0.386346
0.353336
0.379052
0.426955
0.386387
0.365849
0.321690
0.423489
0.400326
0.376344
0.293712
0.316853
0.331525
0.358701
0.405460
0.335847
0.302469
0.259478
0.357028
0.320377
0.297014
0.275567
0.293383
0.312722
0.295918
0.238081
0.199001
0.333308
0.254823
0.194436
0.235846
0.241231
0.290107
0.252699
0.202107
0.161285
0.233733
0.219492
0.210726
0.152248
0.098328
0.180510
0.272896
0.093968
0.057259
0.119746
0.158112
0.153989
0.132291
0.102069
0.025135
0.085748
0.042814
0.072094
0.030762
-0.027207
-0.040374
0.018316
-0.055198
-0.034277
-0.016874
-0.100214
-0.102119
-0.019116
-0.156880
-0.125301
-0.148840
-0.084584
-0.178378
-0.173658
-0.267568
-0.175622
-0.172655
-0.258557
-0.272027
-0.238457
-0.247210
-0.303100
-0.347560
-0.344656
-0.292085
-0.320689
-0.392451
-0.348319
-0.331898
-0.390630
-0.362895
-0.399996
-0.373758
-0.435338
-0.409400
-0.472377
-0.464779
-0.543059
-0.490769
-0.487588
-0.501876
-0.558211
-0.586882
-0.539478
-0.558777
-0.603498
-0.550372
-0.639655
-0.655979
-0.666432
-0.656205
-0.706361
-0.712299
-0.701558
-0.779406
-0.778405
-0.768344
-0.816872
-0.819552
-0.796015
-0.837644
-0.865187
-0.849232
-0.873997
-0.840519
-0.925146
-0.924073
-0.894036
-0.884914
-0.928118
-0.948627
-0.898900
-1.007234
-0.951094
-0.980671
-0.895537
-0.996307
-0.950213
-0.993279
-0.963102
-1.052542
-1.002365
-1.004976
-0.976444
-1.035317
-1.079865
-1.061778
-1.044388
-1.086509
-1.034499
-1.050343
-1.073506
-1.131921
-1.023908
-1.013195
-1.098236
-1.098826
-1.043108
-1.018744
-1.058015
-1.044166
-1.099917
-1.003398
-1.007790
-0.957310
-1.048907
-0.999466
-1.058537
-0.866554
-0.903080
-0.890318
-0.960195
-0.950350
-0.964175
-0.911172
-0.898810
-0.892377
-0.927810
-0.996654
-0.975951
-0.875014
-0.887286
-0.967619
-0.939868
-0.942837
-0.912262
-0.853382
-0.862350
-0.881955
-0.910690
-0.898587
-0.846397
-0.857890
-0.855864
-0.795119
-0.780184
-0.787656
-0.897201
-0.800370
-0.784807
-0.785576
-0.824526
-0.743149
-0.729787
-0.854470
-0.726330
-0.694897
-0.730235
-0.664608
-0.671736
-0.703972
-0.641516
-0.653914
-0.647956
-0.641106
-0.662598
-0.603239
-0.643335
-0.648630
-0.627385
-0.626676
-0.602709
-0.664476
-0.585863
-0.579903
-0.658841
-0.611773
-0.615107
-0.474397
-0.511990
-0.548771
-0.574801
-0.504114
-0.531698
-0.528758
-0.464038
-0.491796
-0.560884
-0.572520
-0.460806
-0.452386
-0.580628
-0.508693
-0.492580
-0.502542
-0.538955
-0.412732
-0.470210
-0.500020
-0.490074
-0.462109
-0.391701
-0.524404
-0.449360
-0.536816
-0.409551
-0.523775
-0.460200
-0.476621
-0.469050
-0.348741
-0.387801
-0.443774
-0.397874
-0.320377
-0.332232
-0.404623
-0.208406
-0.270094
-0.283863
-0.267389
-0.233461
-0.300335
-0.247566
-0.221468
-0.205524
-0.176324
-0.274510
-0.192091
-0.225571
-0.142283
-0.196415
-0.175177
-0.213311
-0.225969
-0.117551
-0.169069
-0.169527
-0.147733
-0.195435
-0.172106
-0.175546
-0.058124
-0.180690
-0.150055
-0.205328
-0.111160
-0.135660
-0.132974
-0.152464
-0.135399
-0.077445
-0.089864
-0.130654
-0.108171
-0.053665
-0.086083
-0.080890
-0.042937
-0.027509
-0.121262
-0.086859
0.002790
0.036120
-0.022127
0.009806
0.114809
0.012367
0.047028
0.050700
0.106909
0.090782
0.136686
0.139377
0.116077
0.130681
0.122063
0.113590
0.162437
0.182349
0.192243
0.157986
0.168319
0.222444
0.269322
0.182477
0.171773
0.221443
0.210639
0.257349
0.219130
0.177871
0.195057
0.189902
0.212583
0.194841
0.150262
0.140089
0.188082
0.179256
0.249961
0.271613
0.176869
0.166312
0.205452
0.265314
0.250557
0.230631
0.214365
0.187530
0.234305
0.238047
0.134866
0.171527
0.181126
0.229533
0.168071
0.233777
0.202725
0.210123
0.222624
0.265758
0.283797
0.313285
0.244839
0.285131
0.285297
0.312837
0.339636
0.270023
0.318080
0.219658
0.307541
0.304754
0.352658
0.355253
0.309164
0.315515
0.414204
0.367735
0.412609
0.399935
0.450398
0.328499
0.299397
0.352130
0.413173
0.336783
0.281919
0.362785
0.257752
0.272258
0.298420
0.280640
0.265980
0.292013
0.352253
0.359399
0.332894
0.331471
0.236126
0.347075
0.351398
0.315401
0.351969
0.325230
0.265855
0.228310
0.287113
0.282508
0.256371
0.254054
0.290513
0.287261
0.296651
0.289422
0.270480
0.306765
0.291799
0.296524
0.308339
0.362175
0.269273
0.294297
0.334783
0.333499
0.258449
0.300494
0.365593
0.315147
0.333148
0.258685
0.388352
0.363064
0.346248
0.302543
0.408922
0.283731
0.321883
0.414901
0.420484
0.341565
0.364644
0.346632
0.463800
0.357810
0.370337
0.337206
0.386128
0.343779
0.297711
0.328647
0.273078
0.376754
0.268850
0.330682
0.297928
0.166376
0.333530
0.299865
0.271321
0.222583
0.237013
0.236417
0.243207
0.154784
0.188768
0.189909
0.118935
0.075425
0.025250
0.056025
0.039985
0.064525
-0.057783
0.014301
-0.073920
-0.027775
-0.110876
0.006171
-0.055824
-0.078048
-0.151331
-0.031594
-0.122530
-0.150521
-0.119151
-0.075520
-0.173132
-0.190890
-0.118470
-0.275513
-0.264428
-0.210260
-0.267242
-0.279524
-0.244993
-0.222326
-0.374793
-0.295299
-0.287720
-0.326391
-0.295675
-0.361772
-0.316884
-0.322771
-0.340180
-0.468273
-0.496230
-0.471353
-0.612750
-0.668238
-0.641810
-0.616775
-0.796516
-0.841139
-0.869686
-0.792818
-0.878317
-0.866787
-0.783785
-0.905801
-0.881560
-0.870905
-0.806107
-0.911307
-0.896100
-0.889820
-0.909958
-0.975530
-1.044804
-1.086263
-1.094921
-1.176122
-1.223006
-1.215212
-1.228889
-1.341441
-1.372245
-1.491870
-1.424270
-1.383849
-1.310725
-1.309298
-1.364982
-1.345697
-1.315872
-1.288274
-1.165666
-1.202034
-1.264863
-1.232617
-1.198821
-1.110255
-1.173015
-1.160164
-1.103125
-1.173610
-0.992806
-0.955765
-0.895079
-1.102910
-0.942313
-0.925337
-0.832732
-0.773142
-0.788011
-0.706840
-0.708350
-0.699526
-0.653980
-0.610057
-0.557378
-0.555308
-0.445176
-0.472204
-0.461315
-0.399884
-0.509278
-0.461710
-0.468408
-0.254008
-0.362881
-0.378940
-0.363351
-0.425925
-0.436322
-0.404793
-0.391903
-0.481803
-0.405574
-0.517217
-0.394620
-0.586451
-0.517158
-0.683754
-0.620364
-0.735562
-0.669485
-0.636146
-0.849622
-0.730205
-0.744173
-0.833903
-0.904836
-0.805059
-0.854752
-0.957026
-1.000560
-0.962176
-1.031593
-1.152938
-1.139003
-1.204797
-1.231349
-1.333789
-1.275866
-1.387295
-1.426704
-1.449039
-1.479080
-1.548622
-1.507401
-1.556607
-1.655756
-1.665813
-1.668398
-1.726985
-1.844252
-1.808313
-1.812465
-1.924111
-2.081756
-2.012982
-2.038936
-2.143538
-2.272402
-2.266871
-2.323450
-2.433776
-2.485688
-2.550454
-2.683264
-2.896315
-2.876449
-3.009460
-3.153927
-3.347814
-3.453320
-3.579586
-3.662730
-3.888888
-4.077614
-4.203875
-4.346326
-4.550962
-4.614315
-4.692545
-4.855106
-5.040198
-5.121224
-5.272673
-5.499500
-5.627134
-5.611726
-5.914818
-6.097136
-6.162924
-6.334087
-6.460491
-6.681994
-6.848227
-7.010239
-7.069325
-7.226242
-7.353992
-7.459480
-7.582533
-7.707403
-7.866313
-7.919165
-8.077145
-8.184750
-8.425943
-8.542852
-8.691108
-8.827506
-9.095050
-9.282525
-9.345892
-9.597340
-9.857731
-10.069927
-10.189134
-10.303924
-10.677912
-10.756182
-10.903659
-11.003924
-11.453142
-11.529225
-11.546421
-11.777685
-12.117455
-12.325410
-12.437439
-12.709034
-12.929055
-13.219115
-13.511620
-13.817077
-14.037367
-14.215815
-14.430533
-14.761741
-15.053846
-15.306573
-15.370980
-15.626858
-15.787224
-16.098774
-16.421675
-16.552328
-16.735893
-17.066042
-17.417658
-17.623716
-17.812441
-18.070766
-18.220343
-18.515968
-18.727625
-18.874010
-19.079237
-19.272820
-19.401340
-19.717913
-19.899754
-20.062872
-20.275146
-20.507607
-20.795599
-20.963020
-21.265333
-21.485605
-21.680809
-21.807301
-22.052706
-22.190487
-22.332684
-22.556688
-22.712572
-22.855207
-23.008694
-23.086605
-23.342058
-23.458900
-23.680759
-23.837673
-24.028549
-24.265472
-24.542028
-24.669014
-24.671734
-25.047073
-25.186834
-25.317503
-25.354322
-25.622036
-25.672281
-25.813992
-25.978325
-26.045708
-26.121231
-26.178370
-26.340530
-26.491253
-26.741205
-26.869064
-26.978828
-27.137140
-27.362778
-27.496729
-27.613846
-27.710688
-27.856451
-28.002748
-28.229567
-28.286743
-28.464016
-28.587734
-28.682661
-28.856409
-28.940887
-29.161621
-29.329832
-29.416702
-29.634966
-29.874660
-30.070391
-30.127806
-30.329197
-30.519768
-30.715124
-30.865204
-31.070175
-31.160818
-31.230385
-31.511663
-31.846708
-32.093788
-32.242359
-32.489124
-32.500046
-32.763870
-33.048672
-33.216648
-33.423046
-33.599121
-33.715950
-33.970619
-34.313080
-34.515434
-34.607052
-34.803551
-35.163319
-35.202450
-35.302948
-35.574333
-35.854134
-36.157120
-36.435833
-36.557442
-36.680691
-36.966377
-37.187393
-37.348331
-37.687630
-37.862564
-38.071556
-38.142807
-38.432964
-38.665031
-38.923885
-39.078545
-39.327953
-39.549015
-39.722446
-40.017895
-40.174679
-40.350609
-40.517490
-40.787571
-40.847645
-41.133919
-41.561859
-41.666798
-41.707527
-41.866077
-42.138901
-42.341793
-42.513016
-42.753025
-42.967663
-43.174828
-43.249474
-43.547234
-43.795582
-43.903580
-44.006645
-44.436623
-44.759968
-44.788559
-44.938133
-45.106941
-45.294220
-45.400963
-45.685871
-45.608517
-45.587254
-45.951839
-46.130295
-46.229580
-46.303844
-46.296360
-46.278244
-46.416210
-46.698307
-46.711449
-46.856670
-47.022961
-47.234760
-47.301239
-47.551929
-47.687637
-47.790493
-47.730690
-47.917652
-48.279724
-48.384678
-48.489700
-48.701584
-48.739586
-48.605469
-48.768272
-48.973896
-48.937477
-49.241188
-49.387836
-49.278976
-49.148251
-49.237350
-49.405930
-49.566998
-49.681427
-49.799305
-49.788227
-49.830864
-49.962128
-49.988388
-50.176189
-50.139778
-50.182007
-50.296318
-50.499630
-50.395695
-50.560184
-50.646141
-50.635529
-50.593307
-50.642036
-50.766094
-50.844177
-51.089176
-51.150082
-51.235043
-51.112103
-51.116409
-51.316349
-51.436626
-51.541389
-51.537205
-51.572525
-51.614986
-51.757843
-51.755383
-51.794460
-51.724121
-51.782726
-51.891907
-52.054504
-52.110348
-52.143539
-52.183006
-52.344212
-52.345364
-52.394981
-52.452072
-52.634945
-52.657372
-52.759380
-52.892582
-52.889008
-52.976990
-53.022827
-53.059181
-53.141327
-53.243629
-53.398003
-53.522896
-53.541561
-53.599560
-53.799541
-53.778492
-53.863468
-53.874271
-54.143280
-54.129841
-54.083858
-54.179958
-54.391281
-54.516869
-54.245247
-54.444096
-54.542347
-54.658424
-54.704796
-54.782078
-54.961731
-54.927509
-55.085545
-55.001289
-55.318836
-55.265343
-55.311832
-55.384621
-55.665314
-55.710705
-55.767574
-55.859501
-56.003326
-56.148148
-56.240532
-56.264961
-56.509228
-56.678349
-56.840511
-56.928532
-57.152721
-57.248936
-57.449966
-57.516521
-57.647705
-57.802666
-58.000854
-58.149605
-58.176437
-58.280163
-58.361526
-58.379246
-58.609596
-58.622952
-58.765133
-58.914612
-59.067745
-59.268143
-59.327782
-59.282066
-59.479805
-59.697304
-59.776669
-59.920231
-60.154388
-60.157490
-60.229607
-60.517326
-60.596363
-60.679661
-60.788078
-60.981949
-61.025063
-61.060226
-61.233612
-61.328861
-61.455585
-61.439316
-61.506744
-61.516350
-61.670197
-61.700821
-61.664383
-61.806309
-61.614040
-61.690079
-61.711193
-61.625435
-61.555649
-61.716583
-61.724823
-61.603996
-61.712967
-61.761311
-61.869244
-61.791630
-61.850407
-61.889324
-61.846062
-61.942947
-61.737339
-61.828720
-61.896164
-61.859493
-61.846684
-61.823986
-61.849495
-61.748966
-61.721344
-61.759918
-61.762299
-61.739769
-61.663910
-61.773308
-61.666077
-61.685104
-61.670471
-61.730221
-61.551819
-61.520359
-61.788403
-61.750477
-61.576099
-61.410450
-61.406696
-61.535957
-61.365952
-61.333397
-61.290150
-61.299686
-61.300560
-61.298897
-61.397755
-61.225624
-61.220371
-61.313793
-61.251019
-61.171516
-61.098778
-61.186001
-60.992138
-61.100582
-61.085892
-60.957989
-60.830704
-60.978382
-60.865280
-60.685246
-60.699020
-60.688171
-60.568649
-60.579544
-60.695187
-60.533775
-60.542740
-60.484779
-60.544777
-60.423031
-60.521004
-60.489746
-60.448822
-60.366131
-60.450874
-60.511047
-60.302452
-60.361088
-60.333366
-60.410503
-60.315331
-60.417263
-60.368561
-60.411366
-60.521118
-60.439655
-60.487858
-60.403957
-60.511879
-60.471912
-60.558872
-60.650951
-60.587845
-60.552975
-60.547676
-60.639198
-60.496357
-60.649570
-60.694931
-60.716755
-60.643616
-60.707863
-60.881821
-60.967899
-60.997261
-60.950569
-61.042839
-61.129570
-61.163048
-61.134598
-61.367844
-61.411327
-61.346714
-61.493645
-61.587379
-61.437885
-61.422150
-61.648125
-61.760483
-61.679111
-61.689686
-61.884003
-61.957233
-61.942287
-61.973457
-62.028828
-62.057522
-62.135086
-62.182152
-62.286823
-62.369316
-62.406700
-62.415340
-62.497070
-62.513348
-62.638424
-62.662331
-62.557705
-62.674976
-62.824673
-62.878044
-62.787895
-62.953163
-62.961773
-63.041622
-62.998718
-63.264961
-63.305611
-63.351871
-63.180416
-63.429062
-63.550312
-63.452198
-63.336811
-63.517937
-63.649757
-63.718155
-63.684963
-63.579224
-63.761967
-63.908215
-63.734108
-63.850700
-63.974937
-63.977020
-63.986217
-63.989799
-64.097893
-64.075310
-63.956711
-64.113846
-64.192940
-64.107552
-64.055603
-64.259201
-64.227669
-64.231041
-64.224754
-64.188576
-64.232468
-64.295273
-64.269295
-64.230240
-64.337593
-64.381325
-64.317245
-64.268265
-64.277740
-64.356110
-64.378128
-64.212555
-64.286453
-64.397545
-64.268692
-64.242256
-64.321198
-64.313385
-64.241234
-64.280930
-64.355209
-64.342133
-64.194359
-64.218781
-64.278313
-64.163734
-64.104919
-64.171989
-64.275726
-64.154938
-64.088074
-64.090027
-64.215942
-64.179626
-64.039589
-64.023636
-63.969048
-64.006798
-64.001610
-63.853859
-63.941910
-63.782627
-63.877945
-63.760342
-63.783104
-63.642494
-63.738132
-63.665188
-63.611023
-63.649452
-63.611103
-63.499008
-63.490849
-63.582054
-63.496857
-63.391678
-63.361225
-63.347767
-63.471687
-63.322330
-63.295666
-63.273304
-63.166725
-63.105652
-63.095932
-63.227615
-63.019966
-62.895199
-62.953476
-62.975330
-62.902065
-62.900772
-62.904060
-62.906769
-62.757614
-62.775478
-62.808949
-62.741074
-62.715782
-62.619045
-62.638302
-62.710987
-62.770084
-62.549957
-62.463093
-62.595547
-62.587952
-62.439117
-62.429497
-62.611156
-62.649815
-62.385105
-62.493950
-62.457695
-62.370716
-62.452972
-62.541512
-62.535465
-62.351749
-62.564487
-62.590984
-62.538113
-62.389198
-62.462650
-62.610279
-62.539413
-62.522572
-62.586796
-62.709148
-62.634502
-62.623199
-62.701130
-62.710705
-62.717632
-62.699863
-62.860462
-62.877201
-62.920021
-62.874886
-62.883759
-62.915955
-63.034790
-63.068020
-63.026394
-63.225502
-63.128281
-63.130947
-63.265274
-63.342911
-63.441418
-63.402592
-63.481621
-63.505432
-63.676754
-63.590405
-63.649021
-63.800751
-63.863670
-63.948170
-63.837379
-63.985401
-64.027672
-64.083214
-64.219711
-64.012642
-64.172791
-64.406036
-64.320107
-64.294266
-64.401321
-64.548965
-64.377190
-64.604889
-64.555954
-64.648163
-64.778702
-64.700394
-64.838608
-64.783531
-64.888611
-64.749725
-65.068893
-65.082947
-64.971169
-64.978386
-65.198074
-65.088974
-65.079987
-65.346451
-65.266685
-65.180138
-65.379082
-65.379478
-65.445358
-65.419891
-65.554985
-65.541374
-65.552406
-65.773201
-65.619438
-65.665382
-65.790657
-65.818672
-65.654655
-65.816063
-65.961655
-65.964653
-65.802773
-65.893059
-66.042587
-66.002159
-65.937317
-66.027138
-66.019043
-66.049110
-65.978683
-66.199028
-65.987213
-66.077385
-65.913719
-66.015350
-65.973557
-65.980202
-65.954712
-65.897690
-65.901199
-65.887032
-65.918983
-65.702446
-65.805656
-65.805260
-65.795990
-65.733398
-65.748604
-65.837708
-65.625504
-65.544724
-65.619919
-65.689896
-65.423714
-65.483215
-65.619675
-65.388023
-65.428879
-65.399506
-65.409729
-65.268806
-65.408440
-65.322548
-65.374886
-65.320114
-65.329010
-65.280930
-65.316307
-65.258263
-65.253746
-65.158722
-65.108040
-65.178535
-65.242432
-65.176033
-64.976982
-65.136139
-65.209007
-65.055069
-65.027481
-65.069389
-65.084518
-65.062599
-65.082108
-65.195137
-65.039322
-65.054550
-64.921349
-65.071053
-64.985687
-64.976715
-64.946388
-64.969917
-65.048103
-64.924690
-64.941231
-64.810547
-64.847633
-64.812111
-64.908676
-64.835144
-64.844460
-64.830040
-64.662758
-64.639473
-64.741951
-64.557037
-64.495956
-64.481064
-64.510086
-64.331230
-64.279396
-64.184792
-64.106468
-64.138603
-64.068764
-63.986389
-63.794445
-63.716728
-63.833649
-63.550358
-63.546104
-63.450928
-63.290165
-63.010281
-63.164429
-63.028000
-62.756718
-62.596931
-62.566292
-62.534595
-62.232769
-62.055489
-61.936905
-61.790348
-61.741993
-61.485847
-61.373352
-61.242710
-61.017262
-60.874008
-60.775700
-60.635960
-60.447144
-60.312084
-60.226650
-60.043926
-59.983124
-59.705524
-59.661427
-59.523975
-59.464001
-59.316433
-59.165565
-59.092087
-58.826321
-58.868145
-58.905384
-58.658764
-58.554958
-58.580124
-58.404400
-58.267872
-58.235542
-58.243202
-58.167175
-58.098782
-57.940056
-57.923050
-57.877941
-57.830559
-57.808811
-57.785652
-57.905006
-57.584347
-57.722443
-57.672447
-57.752838
-57.618660
-57.710350
-57.693138
-57.590275
-57.718273
-57.615044
-57.749836
-57.718384
-57.731216
-57.635387
-57.819195
-57.778328
-57.723156
-57.894169
-57.920898
-57.886539
-57.889839
-58.012920
-58.122917
-58.048450
-58.142574
-58.153149
-58.222523
-58.279034
-58.266895
-58.373135
-58.493034
-58.446487
-58.413895
-58.652935
-58.644390
-58.619705
-58.738197
-58.895596
-58.849045
-58.796875
-58.949612
-58.996849
-59.111462
-59.082180
-59.065117
-59.219311
-59.254875
-59.216019
-59.260880
-59.328827
-59.380989
-59.281082
-59.266346
-59.421028
-59.369427
-59.374413
-59.338352
-59.363434
-59.360718
-59.450462
-59.328030
-59.279800
-59.357796
-59.333927
-59.195072
-59.129177
-59.254230
-59.113171
-59.048351
-58.942753
-59.019138
-58.868263
-58.789936
-58.747559
-58.598732
-58.623520
-58.423412
-58.435097
-58.369919
-58.220951
-58.009827
-57.993210
-58.083839
-57.678154
-57.572678
-57.565403
-57.544827
-57.269489
-57.122997
-56.987915
-56.976059
-56.792973
-56.549725
-56.543701
-56.403847
-56.217464
-56.138821
-56.044971
-55.914093
-55.663960
-55.684036
-55.513451
-55.356651
-55.173046
-55.088314
-54.996376
-54.898270
-54.750763
-54.673717
-54.407070
-54.326649
-54.333065
-54.085670
-54.020653
-53.954716
-53.876766
-53.666367
-53.592663
-53.516758
-53.361332
-53.329704
-53.248878
-53.280064
-52.995003
-52.948154
-52.921204
-52.804855
-52.723949
-52.624180
-52.637619
-52.461163
-52.697426
-52.460308
-52.397251
-52.236649
-52.323910
-52.249805
-52.084267
-52.158794
-52.087467
-52.052917
-51.937916
-52.001511
-51.934376
-51.818249
-51.836464
-51.746170
-51.805119
-51.714317
-51.603867
-51.768085
-51.619255
-51.589939
-51.544853
-51.602135
-51.473701
-51.476273
-51.535358
-51.400452
-51.463249
-51.491879
-51.424477
-51.262066
-51.385349
-51.344349
-51.256310
-51.266350
-51.301193
-51.194714
-51.260601
-51.314236
-51.143837
-51.165951
-51.174004
-51.129910
-51.046734
-51.196129
-51.137463
-50.907387
-50.974506
-51.119930
-50.988800
-50.818310
-50.900414
-50.902840
-50.754620
-50.715832
-50.821346
-50.831440
-50.630772
-50.635242
-50.589844
-50.485668
-50.420338
-50.535938
-50.354912
-50.261883
-50.181015
-50.218552
-50.080894
-50.082474
-49.965534
-49.935184
-49.767799
-49.696274
-49.638988
-49.675060
-49.370834
-49.470596
-49.416073
-49.248116
-49.111061
-49.080772
-49.067055
-48.870174
-48.854885
-48.747890
-48.555168
-48.466335
-48.512077
-48.349697
-48.229309
-48.040737
-48.009819
-47.906166
-47.841808
-47.698963
-47.606083
-47.487419
-47.541431
-47.318504
-47.192162
-47.055687
-47.049915
-46.827816
-46.858669
-46.725094
-46.597202
-46.581051
-46.373741
-46.321213
-46.254734
-46.149776
-45.957012
-45.880650
-45.866428
-45.756611
-45.695244
-45.594955
-45.522888
-45.335144
-45.346268
-45.277168
-45.204582
-45.014462
-44.906723
-44.986771
-44.895187
-44.783150
-44.672035
-44.613735
-44.527733
-44.396149
-44.532726
-44.394001
-44.316219
-44.266205
-44.236591
-44.194515
-44.062241
-44.065639
-44.003323
-43.982914
-43.961342
-43.892326
-43.837410
-43.870506
-43.924156
-43.675003
-43.691051
-43.780556
-43.734432
-43.593632
-43.752605
-43.739780
-43.635792
-43.611580
-43.633453
-43.657284
-43.650764
-43.620407
-43.619053
-43.602928
-43.647106
-43.581200
-43.569359
-43.627338
-43.540394
-43.480289
-43.681839
-43.650517
-43.515430
-43.584831
-43.537609
-43.588516
-43.484715
-43.593231
-43.496506
-43.588425
-43.505241
-43.418404
-43.491169
-43.518379
-43.481094
-43.317181
-43.516087
-43.428204
-43.393837
-43.442589
-43.404381
-43.339790
-43.187366
-43.444645
-43.272526
-43.197296
-43.300575
-43.213921
-43.244961
-43.033607
-43.163387
-43.057907
-43.033974
-42.985332
-42.996891
-42.934479
-42.842796
-42.993286
-42.755257
-42.716164
-42.731651
-42.719818
-42.715111
-42.650688
-42.668858
-42.419716
-42.468422
-42.506348
-42.459667
-42.308319
-42.268642
-42.376698
-42.204716
-42.198112
-42.162617
-42.133118
-41.936687
-42.048138
-42.039276
-41.860596
-41.841949
-41.884590
-41.760880
-41.654644
-41.688797
-41.679138
-41.532410
-41.525547
-41.468113
-41.374058
-41.321129
-41.274296
-41.206352
-41.146542
-41.026272
-41.016663
-41.008911
-40.910801
-40.832100
-40.656750
-40.625637
-40.655220
-40.624390
-40.437725
-40.377270
-40.585030
-40.186489
-40.161327
-40.199772
-40.135181
-40.024048
-39.875431
-39.893330
-39.923470
-39.765018
-39.675392
-39.577690
-39.601788
-39.489227
-39.412334
-39.358284
-39.252243
-39.241131
-39.141350
-39.080841
-39.051331
-38.976021
-38.839237
-38.693657
-38.862404
-38.677780
-38.606571
-38.590397
-38.588093
-38.419182
-38.424629
-38.473396
-38.229565
-38.284557
-38.348022
-38.291351
-38.109219
-38.071621
-38.098312
-38.111198
-37.908867
-37.910927
-37.984577
-37.911739
-37.850452
-37.798786
-37.806915
-37.721966
-37.753410
-37.786278
-37.645668
-37.724785
-37.776108
-37.670570
-37.745514
-37.702442
-37.677818
-37.688339
-37.749622
-37.695847
-37.709999
-37.752758
-37.710724
-37.700287
-37.685745
-37.704098
-37.730965
-37.854465
-37.803566
-37.698696
-37.853943
-37.842705
-37.891266
-37.860241
-37.833107
-37.935703
-38.032875
-38.056320
-37.982555
-38.030479
-38.056728
-38.169899
-38.059322
-38.156578
-38.309509
-38.228855
-38.158470
-38.275322
-38.404457
-38.344452
-38.310604
-38.389893
-38.528175
-38.443520
-38.493435
-38.498783
-38.521713
-38.514294
-38.589375
-38.575760
-38.616467
-38.670666
-38.708874
-38.695320
-38.617004
-38.808018
-38.731209
-38.695358
-38.663689
-38.610119
-38.931168
-38.752445
-38.766178
-38.760685
-38.852978
-38.709522
-38.782562
-38.810940
-38.879623
-38.785572
-38.843800
-38.819859
-38.760723
-38.763077
-38.835236
-38.865124
-38.744965
-38.675472
-38.827431
-38.880562
-38.752148
-38.777405
-38.685902
-38.668278
-38.657028
-38.656815
-38.595993
-38.626190
-38.594284
-38.547371
-38.544178
-38.486240
-38.481388
-38.473923
-38.384483
-38.296722
-38.385578
-38.423012
-38.196056
-38.199947
-38.255733
-38.257320
-37.885372
-38.098286
-38.187397
-37.953957
-38.000923
-37.963509
-37.979977
-37.779331
-37.920979
-37.814114
-37.745651
-37.678921
-37.686359
-37.664463
-37.631954
-37.499607
-37.619198
-37.501255
-37.415623
-37.397537
-37.367458
-37.358551
-37.308937
-37.323494
-37.296165
-37.400719
-37.334927
-37.123646
-37.152527
-37.351852
-37.219269
-37.140102
-37.258160
-37.181210
-37.152084
-37.152527
-37.250900
-37.301311
-37.130001
-37.095196
-37.245632
-37.324314
-37.298130
-37.373070
-37.277046
-37.200256
-37.328014
-37.310837
-37.459267
-37.321659
-37.547005
-37.340042
-37.586098
-37.480522
-37.563744
-37.515202
-37.471123
-37.727497
-37.700733
-37.671387
-37.757545
-37.829292
-37.853065
-37.779652
-37.885532
-37.936184
-37.840450
-37.999104
-38.001198
-38.154175
-38.039162
-38.077061
-38.206963
-38.220623
-38.112686
-38.214985
-38.376141
-38.331482
-38.286961
-38.262444
-38.446480
-38.376659
-38.351490
-38.342461
-38.438206
-38.616402
-38.364677
-38.350643
-38.519222
-38.572418
-38.535027
-38.468979
-38.578587
-38.551971
-38.507973
-38.494114
-38.626499
-38.570812
-38.572678
-38.374424
-38.451954
-38.572536
-38.637325
-38.369335
-38.449577
-38.543690
-38.462196
-38.376644
-38.331913
-38.543896
-38.357143
-38.375576
-38.330853
-38.321156
-38.291111
-38.234173
-38.250004
-38.316551
-38.247150
-38.073517
-38.154682
-38.281631
-38.070175
-38.063057
-38.090279
-38.087906
-38.067474
-37.973724
-37.979290
-38.015259
-38.040310
-37.872372
-37.845661
-38.022995
-37.946232
-37.779766
-37.871250
-37.896187
-37.729877
-37.816288
-37.854179
-37.782272
-37.729908
-37.797348
-37.767654
-37.675323
-37.712833
-37.712948
-37.704643
-37.633099
-37.571934
-37.653538
-37.743412
-37.667568
-37.668293
-37.603706
-37.573681
-37.615925
-37.654022
-37.614368
-37.598286
-37.561466
-37.580761
-37.649517
-37.650234
-37.532108
-37.488579
-37.521515
-37.669601
-37.654964
-37.596275
-37.498478
-37.555771
-37.628834
-37.653255
-37.550907
-37.616047
-37.443596
-37.563015
-37.620201
-37.613483
-37.498898
-37.463757
-37.643284
-37.383308
-37.549889
-37.535252
-37.382290
-37.456036
-37.595299
-37.444313
-37.347652
-37.493011
-37.493622
-37.367825
-37.442242
-37.473045
-37.358715
-37.185162
-37.418140
-37.301746
-37.250023
-37.196487
-37.052254
-37.151287
-37.168991
-37.074741
-36.916206
-36.994179
-36.777546
-36.812424
-36.856121
-36.821045
-36.812428
-36.495361
-36.511471
-36.575245
-36.565414
-36.330719
-36.265305
-36.316666
-36.332771
-36.165798
-36.000187
-35.993183
-35.948284
-35.815510
-35.876282
-35.870979
-35.805073
-35.508923
-35.536469
-35.562824
-35.519157
-35.301975
-35.338444
-35.237957
-35.350178
-35.165489
-35.028412
-34.939072
-35.036163
-34.945862
-34.792324
-34.868446
-34.754025
-34.785744
-34.729931
-34.778706
-34.573868
-34.560398
-34.621033
-34.406864
-34.543236
-34.611320
-34.481861
-34.291565
-34.397648
-34.459114
-34.400818
-34.361103
-34.262737
-34.209118
-34.455830
-34.352932
-34.250763
-34.154060
-34.274975
-34.265160
-34.204430
-34.267879
-34.231148
-34.277607
-34.211437
-34.305492
-34.268536
-34.234619
-34.206276
-34.334103
-34.409595
-34.302605
-34.287392
-34.508812
-34.299610
-34.293606
-34.393524
-34.607677
-34.422825
-34.377316
-34.414696
-34.563480
-34.586559
-34.503815
-34.478176
-34.680801
-34.618534
-34.535709
-34.689072
-34.816559
-34.680946
-34.694046
-34.768143
-34.796955
-34.870480
-34.750626
-34.883942
-34.797241
-34.997009
-34.917721
-34.889011
-35.022594
-35.042362
-35.007889
-34.971786
-35.100163
-35.066444
-35.203194
-35.109879
-35.117966
-35.061131
-35.252274
-35.213070
-35.152287
-35.138176
-35.267731
-35.245670
-35.235092
-35.164516
-35.232185
-35.317238
-35.194019
-35.126381
-35.287415
-35.418930
-35.304615
-35.235783
-35.256065
-35.308846
-35.195511
-35.399288
-35.414936
-35.400826
-35.295521
-35.369106
-35.448799
-35.449539
-35.314411
-35.198822
-35.410114
-35.451420
-35.364964
-35.321156
-35.424519
-35.328606
-35.250999
-35.388149
-35.424725
-35.392128
-35.196007
-35.387714
-35.430820
-35.417118
-35.269573
-35.238316
-35.397350
-35.398411
-35.253101
-35.291279
-35.250416
-35.313862
-35.263515
-35.309959
-35.266376
-35.276073
-35.158485
-35.142643
-35.251003
-35.229256
-35.145927
-35.033901
-35.298874
-35.260174
-35.110638
-35.031551
-35.013683
-35.266159
-35.208260
-35.069641
-35.019520
-35.128323
-35.108391
-34.985813
-35.131557
-35.142242
-35.081429
-35.133678
-35.192791
-35.158047
-35.136543
-35.174595
-35.160183
-35.211876
-35.169518
-35.160007
-35.187920
-35.143524
-35.282925
-35.165989
-35.266529
-35.264225
-35.237976
-35.208588
-35.262211
-35.419849
-35.165421
-35.392879
-35.291916
-35.361149
-35.332687
-35.494152
-35.314175
-35.208988
-35.352993
-35.376835
-35.396091
-35.361656
-35.385300
-35.253159
-35.397667
-35.451725
-35.423805
-35.500992
-35.526985
-35.542988
-35.618675
-35.526981
-35.592274
-35.630047
-35.588173
-35.573036
-35.691071
-35.570396
-35.565086
-35.590908
-35.562901
-35.529976
-35.679890
-35.836575
-35.504677
-35.559597
-35.697319
-35.718159
-35.670555
-35.670090
-35.769135
-35.558662
-35.464214
-35.667561
-35.777046
-35.565536
-35.495625
-35.513397
-35.548817
-35.475353
-35.533897
-35.546356
-35.513138
-35.453030
-35.474606
-35.619423
-35.593136
-35.424183
-35.410374
-35.301533
-35.385124
-35.334156
-35.228470
-35.304604
-35.333176
-35.125835
-35.042931
-35.168709
-34.995167
-34.973389
-34.982006
-34.951553
-34.825985
-34.897667
-34.772884
-34.739719
-34.663570
-34.632301
-34.513012
-34.619171
-34.411980
-34.282066
-34.438862
-34.286247
-34.277779
-34.119831
-34.119556
-33.917957
-34.060719
-33.921188
-33.905251
-33.748268
-33.767494
-33.659378
-33.753464
-33.663910
-33.534569
-33.573692
-33.419079
-33.490940
-33.472790
-33.344879
-33.234627
-33.319366
-33.250885
-33.261417
-33.211281
-33.108707
-33.112038
-33.079308
-32.963608
-32.837036
-33.124073
-33.096119
-32.993496
-32.640453
-32.904003
-32.673489
-32.801376
-32.762424
-32.827721
-32.795795
-32.906189
-32.805603
-32.752476
-32.791950
-32.764980
-32.893452
-32.867077
-32.980453
-32.882553
-32.873028
-33.006683
-32.824162
-33.039169
-32.947327
-32.951881
-32.999493
-33.079639
-32.970890
-32.933987
-33.132168
-33.141396
-32.954372
-33.068161
-33.195518
-33.268051
-33.192020
-33.221348
-33.189949
-33.284615
-33.289940
-33.263271
-33.270741
-33.346287
-33.450275
-33.434303
-33.436279
-33.348614
-33.435944
-33.555840
-33.580605
-33.539597
-33.522121
-33.595585
-33.615055
-33.658321
-33.497673
-33.627033
-33.653511
-33.690037
-33.679302
-33.798355
-33.667950
-33.665127
-33.709984
-33.603230
-33.649940
-33.778988
-33.738338
-33.620625
-33.668495
-33.792759
-33.687531
-33.476212
-33.638634
-33.769905
-33.711922
-33.820644
-33.607601
-33.467712
-33.717289
-33.681473
-33.630436
-33.562359
-33.649937
-33.537064
-33.569752
-33.474445
-33.597984
-33.303158
-33.214756
-33.366123
-33.349209
-33.349297
-33.276802
-33.355484
-33.225731
-33.079918
-33.061386
-33.157177
-33.278015
-33.055164
-33.133183
-32.985600
-33.160736
-32.988560
-32.862667
-32.863483
-33.025913
-32.880470
-32.794334
-32.866135
-32.937275
-32.766617
-32.670101
-32.865162
-32.761795
-32.681770
-32.711876
-32.771355
-32.553635
-32.544903
-32.498631
-32.427368
-32.601864
-32.515533
-32.335854
-32.367519
-32.553928
-32.384453
-32.268162
-32.315521
-32.327507
-32.097466
-32.247635
-32.180370
-32.239506
-32.069275
-31.977604
-32.028664
-31.991259
-31.982069
-31.972950
-31.985321
-31.987514
-31.926859
-31.892181
-31.965826
-31.824751
-31.711958
-31.870192
-31.907621
-31.938854
-31.745462
-31.602758
-31.589525
-31.738480
-31.797047
-31.751923
-31.597584
-31.559719
-31.594908
-31.554680
-31.553991
-31.542013
-31.475004
-31.348057
-31.383707
-31.330473
-31.486773
-31.543978
-31.383198
-31.376623
-31.421799
-31.353848
-31.270632
-31.430176
-31.521080
-31.377489
-31.332926
-31.399473
-31.199333
-31.323936
-31.368013
-31.337662
-31.303696
-31.261662
-31.271568
-31.335745
-31.266493
-31.338036
-31.249008
-31.243689
-31.308310
-31.162924
-31.182436
-31.359751
-31.312840
-31.126543
-31.269663
-31.283230
-31.248339
-31.141466
-31.242376
-31.330805
-31.330982
-31.130573
-31.218340
-31.258757
-31.346420
-31.089678
-31.235218
-31.244644
-31.316881
-31.165823
-31.111561
-31.326704
-31.241282
-31.178764
-31.232647
-31.170195
-31.185535
-31.294775
-31.224495
-31.102837
-31.076313
-31.288910
-31.248978
-31.242491
-31.218975
-31.187340
-31.173906
-31.145473
-31.244255
-31.293350
-31.161251
-31.159241
-31.217918
-31.312691
-31.123213
-31.145870
-31.175314
-31.189476
-31.189455
-31.130348
-31.194221
-31.199682
-31.012711
-31.023647
-31.334482
-31.248106
-31.076218
-31.180420
-31.269516
-31.135025
-31.159632
-31.314631
-31.129778
-31.244949
-31.242344
-31.228767
-31.126043
-31.283474
-31.229017
-31.171507
-31.340359
-31.193359
-31.028191
-31.323223
-31.436819
-31.122509
-31.191465
-31.260826
-31.286968
-31.236164
-31.286442
-31.290060
-31.193373
-31.349314
-31.215496
-31.196447
-31.419868
-31.330914
-31.213642
-31.322317
-31.455170
-31.356403
-31.408369
-31.336525
-31.327263
-31.408218
-31.442022
-31.429733
-31.394239
-31.504854
-31.442028
-31.475451
-31.509687
-31.513777
-31.357315
-31.459051
-31.662003
-31.516539
-31.514940
-31.618887
-31.666800
-31.597147
-31.482618
-31.713955
-31.777452
-31.670303
-31.523569
-31.843012
-31.887678
-31.705982
-31.650299
-31.691879
-31.787243
-31.708401
-31.926725
-31.780361
-31.767021
-31.748798
-31.855631
-31.713610
-31.831703
-31.916203
-31.915588
-31.902758
-31.908869
-31.952772
-32.059196
-31.897070
-31.960522
-32.000301
-32.109745
-32.016510
-32.070847
-32.035168
-32.091862
-32.202656
-32.140682
-32.240211
-32.202148
-32.166981
-32.202805
-32.288990
-32.320721
-32.298283
-32.331200
-32.301952
-32.353527
-32.345299
-32.419067
-32.371761
-32.376495
-32.437038
-32.567924
-32.486797
-32.448624
-32.478828
-32.529922
-32.658581
-32.403202
-32.523914
-32.549583
-32.680164
-32.589535
-32.650978
-32.696270
-32.727646
-32.644951
-32.585476
-32.794071
-32.768089
-32.581600
-32.631485
-32.779209
-32.859653
-32.683189
-32.662415
-32.841286
-32.692619
-32.737331
-32.759224
-32.802330
-32.804947
-32.835354
-32.773476
-32.759979
-32.843697
-32.922142
-32.731041
-32.839314
-32.982876
-32.897114
-32.813999
-32.763294
-32.914581
-33.011932
-32.870193
-32.892265
-33.006123
-32.976215
-32.821953
-33.012356
-33.145706
-33.080334
-32.917583
-33.107983
-33.095139
-33.214043
-33.055721
-33.120781
-33.034779
-33.191082
-33.199669
-33.118862
-33.188560
-33.214233
-33.191189
-33.148441
-33.114895
-33.216579
-33.142605
-33.240425
-33.344685
-33.190830
-33.141773
-33.326385
-33.234264
-33.242775
-33.257534
-33.276672
-33.350895
-33.239033
-33.311127
-33.348148
-33.347446
-33.298954
-33.208149
-33.264404
-33.452656
-33.448524
-33.359093
-33.324917
-33.440098
-33.424049
-33.354115
-33.442284
-33.432053
-33.343666
-33.431873
-33.540176
-33.510105
-33.512463
-33.543091
