Az       (ft/s^2)
-21.380259
-21.422081
-21.304060
-21.511311
-21.470827
-21.449492
-21.700657
-21.579760
-21.377134
-21.362860
-21.740284
-21.575600
-21.525669
-21.606298
-21.650917
-21.521612
-21.660713
-21.788567
-21.553726
-21.522827
-21.570574
-21.695559
-21.761086
-21.844936
-21.595322
-21.699024
-21.788906
-21.790071
-21.722403
-21.799175
-21.863417
-21.718670
-21.681023
-21.863716
-21.974945
-21.926310
-21.640924
-21.766485
-21.894802
-21.972170
-21.740009
-22.058065
-21.919168
-21.794111
-21.810810
-22.071283
-22.064423
-21.924194
-21.788223
-21.963461
-21.934425
-22.106186
-21.968307
-22.050516
-22.070436
-21.869833
-22.019325
-22.313860
-22.319059
-22.067019
-22.024973
-22.176138
-22.238724
-22.288120
-22.156551
-22.279158
-22.349712
-22.222918
-22.263483
-22.338202
-22.446753
-22.213148
-22.229712
-22.337061
-22.446470
-22.405855
-22.275551
-22.315365
-22.411766
-22.305759
-22.312408
-22.419058
-22.485544
-22.338114
-22.304728
-22.520393
-22.562538
-22.377171
-22.184359
-22.571344
-22.547308
-22.329714
-22.282150
-22.615520
-22.515385
-22.380142
-22.555597
-22.429640
-22.396553
-22.543835
-22.608114
-22.407835
-22.628330
-22.502459
-22.572023
-22.406467
-22.555822
-22.458494
-22.570662
-22.577917
-22.646061
-22.624237
-22.528698
-22.507044
-22.605495
-22.496620
-22.809896
-22.695454
-22.469343
-22.565029
-22.853027
-22.720613
-22.456573
-22.682472
-22.652918
-22.701340
-22.667143
-22.758265
-22.766432
-22.683632
-22.768251
-22.784157
-22.930862
-22.741188
-22.899742
-22.844290
-22.783308
-22.829704
-22.942541
-22.824097
-22.809834
-22.915812
-22.724848
-22.897947
-22.972168
-22.958679
-22.910097
-22.945053
-23.123177
-23.100756
-23.030737
-22.918232
-23.026354
-23.017626
-23.183355
-23.086889
-23.068432
-23.086510
-23.014206
-23.124416
-23.146151
-23.277290
-22.946842
-23.144781
-23.260242
-23.340693
-23.196493
-23.296719
-23.210688
-23.311069
-23.340303
-23.441050
-23.310873
-23.376467
-23.454876
-23.322943
-23.436079
-23.564104
-23.434624
-23.394466
-23.480988
-23.452826
-23.610222
-23.563023
-23.733187
-23.385899
-23.458693
-23.781258
-23.652952
-23.535196
-23.604918
-23.659998
-23.587954
-23.554873
-23.865126
-23.771065
-23.657616
-23.654711
-23.748201
-23.774870
-23.787455
-23.753531
-23.846062
-23.841036
-23.723661
-23.793756
-23.906710
-23.930857
-23.704060
-23.788740
-24.031347
-23.902710
-23.877846
-23.843525
-23.920502
-23.973295
-23.964151
-24.060383
-23.803782
-24.118149
-23.914309
-23.996290
-24.019978
-24.139936
-24.056034
-23.909300
-24.154535
-24.013165
-24.349310
-23.985931
-24.144423
-24.085182
-24.311825
-24.242130
-24.222841
-24.215401
-24.188786
-24.196829
-24.297308
-24.436623
-24.371553
-24.366425
-24.229065
-24.299070
-24.635370
-24.419653
-24.319447
-24.373068
-24.611916
-24.332321
-24.479258
-24.622227
-24.725754
-24.399929
-24.310873
-24.610132
-24.744570
-24.486935
-24.624708
-24.611660
-24.558401
-24.570944
-24.657192
-24.836802
-24.612577
-24.686836
-24.557388
-24.802895
-24.717115
-24.682671
-24.631084
-24.801556
-24.788538
-24.675110
-24.779942
-24.885929
-24.840420
-24.762049
-24.710175
-24.873703
-24.922232
-24.920996
-24.818140
-24.894354
-24.824186
-24.963333
-24.932024
-24.957878
-25.003756
-24.946430
-25.026621
-25.041786
-24.966898
-24.932886
-25.054918
-25.002020
-25.035614
-25.108440
-25.039957
-25.082247
-25.041563
-25.202765
-25.030521
-25.132973
-25.153002
-25.002075
-25.180250
-25.117125
-25.316797
-25.039854
-25.050503
-25.094263
-25.399805
-25.170906
-25.183771
-25.233421
-25.215174
-25.283518
-25.081873
-25.242901
-25.285433
-25.313625
-25.186443
-25.302397
-25.165398
-25.174688
-25.395628
-25.313976
-25.221127
-25.239473
-25.390360
-25.300449
-25.188602
-25.307137
-25.390469
-25.114750
-25.305397
-25.383829
-25.350082
-25.167645
-25.366982
-25.288563
-25.241837
-25.242996
-25.377998
-25.254339
-25.286821
-25.288115
-25.335913
-25.284586
-25.322989
-25.282188
-25.319883
-25.162134
-25.493063
-25.332155
-25.260267
-25.195896
-25.302263
-25.341526
-25.234486
-25.319305
-25.245527
-25.285215
-25.257114
-25.327366
-25.235867
-25.259930
-25.363070
-25.273186
-25.353077
-25.361050
-25.290331
-25.226427
-25.183687
-25.368984
-25.276144
-25.387083
-25.335522
-25.278519
-25.334682
-25.340284
-25.331228
-25.465879
-25.510389
-25.232063
-25.414249
-25.787046
-25.379175
-25.403618
-25.489799
-25.604595
-25.483137
-25.535318
-25.636478
-25.586025
-25.631367
-25.466574
-25.651823
-25.765810
-25.581133
-25.639849
-25.811071
-25.780479
-25.804199
-25.794268
-25.800467
-25.842442
-25.979168
-25.909012
-25.953503
-26.064194
-26.025360
-25.903593
-25.992613
-26.247187
-26.125214
-26.057068
-26.083035
-26.234919
-26.294334
-26.122988
-26.265604
-26.292967
-26.314175
-26.218796
-26.333290
-26.481323
-26.506227
-26.402365
-26.426714
-26.573702
-26.469837
-26.516106
-26.614523
-26.666897
-26.485704
-26.659773
-26.837172
-26.771776
-26.658592
-26.702959
-26.737207
-26.843943
-26.775574
-26.835220
-26.767542
-26.793598
-26.771063
-27.005035
-26.935236
-26.866776
-26.896675
-26.994829
-26.927280
-27.002928
-27.002060
-27.116545
-26.944504
-26.925938
-27.060986
-27.133644
-27.141350
-26.978542
-27.182045
-26.917248
-27.169132
-27.137047
-27.277248
-27.064623
-27.066679
-27.160429
-27.255859
-27.226641
-27.089294
-27.250357
-27.293320
-27.315237
-27.332909
-27.290640
-27.355129
-27.319887
-27.400585
-27.467903
-27.435148
-27.610043
-27.511740
-27.460066
-27.641970
-27.866747
-27.838963
-27.701134
-27.785250
-27.790445
-27.964968
-28.019686
-28.082861
-28.057587
-28.066843
-28.181250
-28.213659
-28.302593
-28.455761
-28.376453
-28.403320
-28.642895
-28.582417
-28.754230
-28.624315
-28.783714
-28.808407
-28.869675
-29.030516
-29.070728
-29.105116
-29.104895
-29.212500
-29.114557
-29.455917
-29.348871
-29.248491
-29.359135
-29.566244
-29.572588
-29.564964
-29.683252
-29.612988
-29.706194
-29.883551
-29.898932
-29.836138
-29.729591
-29.871714
-29.812983
-29.966578
-29.930447
-29.955112
-30.108192
-29.857758
-29.998117
-30.076633
-30.060146
-30.153006
-30.195953
-30.231573
-30.227516
-30.356176
-30.299757
-30.225739
-30.341507
-30.343920
-30.416809
-30.295307
-30.424561
-30.445753
-30.354069
-30.253599
-30.408068
-30.235594
-30.206799
-30.252417
-30.549471
-30.361170
-30.168222
-30.424938
-30.375771
-30.290056
-30.354324
-30.300386
-30.416315
-30.267418
-30.342072
-30.360565
-30.202724
-30.419399
-30.237743
-30.325130
-30.130751
-30.228207
-30.310925
-30.157867
-30.289640
-30.200592
-30.060953
-30.141035
-30.221924
-30.075016
-29.963371
-30.075380
-30.292963
-30.017397
-30.040285
-30.065985
-30.013931
-30.024771
-30.070917
-30.171246
-29.948704
-29.905207
-30.023428
-30.091833
-30.159979
-29.989578
-30.119095
-30.116619
-30.102859
-30.131767
-30.075348
-30.120966
-30.204958
-30.126760
-30.150761
-30.311159
-30.201342
-30.193068
-30.099915
-30.407776
-30.150658
-30.341862
-30.330511
-30.246292
-30.305239
-30.440878
-30.287561
-30.425787
-30.344450
-30.403250
-30.318399
-30.566586
-30.547558
-30.486012
-30.687878
-30.547440
-30.453306
-30.547531
-30.848936
-30.779423
-30.683081
-30.803648
-30.805513
-30.743475
-30.891851
-30.957861
-30.964508
-30.825346
-30.964661
-31.186813
-31.034184
-31.076027
-31.125044
-30.985060
-31.304157
-31.204018
-31.288877
-31.240299
-31.299109
-31.384188
-31.478682
-31.528978
-31.418896
-31.404755
-31.638321
-31.537956
-31.641544
-31.602510
-31.672363
-31.688055
-31.701021
-31.811335
-31.695766
-31.863911
-31.765318
-31.833843
-31.846964
-32.038799
-31.825823
-31.924879
-32.064037
-32.053082
-32.118427
-31.914091
-32.108810
-32.114380
-32.131542
-32.173508
-32.177425
-32.186493
-32.257561
-32.125431
-32.086037
-32.295864
-32.386032
-32.223808
-32.216438
-32.414989
-32.210567
-32.372509
-32.443249
-32.393978
-32.407227
-32.383598
-32.423985
-32.438034
-32.582581
-32.510681
-32.480171
-32.624828
-32.698982
-32.622417
-32.454716
-32.659870
-32.618301
-32.806393
-32.692085
-32.756165
-32.756844
-32.855610
-32.825703
-32.874020
-32.801685
-32.904652
-33.133587
-32.991146
-32.922695
-33.024326
-33.119774
-33.076729
-33.098564
-33.036819
-33.333134
-33.239220
-33.219757
-33.233742
-33.387596
-33.399120
-33.434067
-33.272163
-33.398338
-33.639500
-33.514355
-33.498947
-33.496857
-33.690720
-33.616959
-33.716499
-33.860561
-33.744484
-33.746250
-33.757172
-33.907791
-34.097260
-33.866802
-33.897835
-34.015732
-34.094635
-34.029652
-34.112690
-34.154922
-34.185162
-34.028511
-34.240562
-34.107639
-34.236271
-34.262089
-34.246651
-34.336288
-34.173248
-34.277737
-34.438602
-34.375500
-34.325989
-34.347168
-34.562004
-34.558823
-34.252846
-34.504196
-34.357864
-34.498970
-34.549335
-34.503471
-34.625965
-34.470318
-34.490871
-34.499714
-34.706303
-34.633385
-34.588203
-34.565178
-34.694790
-34.765499
-34.666039
-34.677948
-34.784088
-34.662376
-34.805744
-34.708042
-34.808605
-34.843945
-34.618881
-34.800312
-34.969444
-34.830486
-34.939480
-34.839420
-35.039379
-35.002502
-34.908665
-34.902317
-35.109818
-35.061314
-34.871765
-35.138931
-35.210281
-35.153496
-35.010658
-35.083668
-35.244835
-35.206169
-35.080830
-35.201683
-35.338867
-35.452805
-35.039833
-35.353390
-35.475147
-35.304855
-35.231186
-35.323902
-35.486237
-35.318401
-35.485523
-35.380520
-35.498795
-35.530407
-35.307278
-35.462883
-35.452396
-35.724659
-35.460087
-35.350891
-35.684361
-35.474010
-35.668655
-35.467636
-35.692703
-35.546753
-35.438915
-35.803455
-35.649815
-35.659992
-35.395016
-35.670113
-35.740269
-35.795258
-35.676678
-35.551754
-35.659264
-35.810631
-35.740898
-35.759842
-35.836937
-35.682991
-35.741814
-35.721180
-35.824074
-35.734001
-35.998837
-35.763535
-35.758335
-35.864159
-35.964390
-35.777435
-35.797047
-35.897041
-35.930096
-35.825649
-35.818146
-36.118717
-35.905277
-35.928318
-35.864391
-36.072865
-35.940952
-36.076256
-36.009163
-35.932838
-36.029568
-35.927406
-36.127922
-35.979603
-36.066036
-36.106091
-35.993149
-36.230820
-36.049805
-36.114655
-36.164810
-36.019119
-36.211872
-36.183426
-36.096882
-36.044228
-36.207455
-36.175121
-35.932159
-36.222256
-36.335316
-36.186337
-36.159466
-36.053741
-36.263382
-36.370811
-36.150829
-36.313145
-36.290462
-36.507320
-36.206779
-36.445591
-36.370872
-36.257664
-36.456669
-36.409248
-36.486511
-36.502140
-36.588795
-36.546394
-36.416004
-36.672157
-36.776646
-36.555252
-36.680782
-36.733620
-36.886127
-36.758945
-36.666885
-36.824749
-36.900143
-36.844856
-36.952820
-36.826321
-36.924923
-36.972412
-37.065548
-37.045521
-36.951084
-37.241135
-37.027706
-37.149075
-37.207104
-37.277161
-37.052494
-37.095585
-37.304260
-37.271152
-37.295689
-37.287853
-37.175674
-37.300434
-37.344345
-37.360714
-37.444954
-37.367744
-37.474232
-37.402275
-37.434650
-37.484711
-37.504196
-37.518085
-37.577862
-37.604042
-37.480675
-37.373234
-37.741341
-37.675175
-37.688259
-37.695484
-37.633781
-37.712425
-37.708576
-37.829659
-37.859295
-37.955383
-37.867191
-37.716679
-38.017082
-37.934616
-37.913460
-37.962677
-38.000782
-38.179924
-38.028072
-38.068310
-38.145287
-38.178318
-38.293671
-38.200703
-38.225418
-38.353901
-38.305336
-38.423252
-38.443367
-38.425087
-38.431427
-38.396336
-38.694942
-38.548386
-38.589672
-38.617622
-38.701553
-38.855427
-38.628441
-38.803642
-38.729343
-38.964905
-38.825989
-38.954411
-38.941643
-38.948895
-38.953960
-39.098579
-39.097046
-39.066833
-39.189880
-39.098335
-39.247162
-39.235596
-39.317860
-39.121162
-39.327183
-39.395615
-39.248180
-39.509277
-39.381706
-39.506870
-39.302483
-39.525265
-39.433777
-39.566902
-39.603775
-39.441219
-39.567352
-39.666622
-39.513809
-39.724655
-39.637806
-39.608833
-39.691784
-39.883564
-39.720772
-39.683643
-39.665306
-39.801632
-39.776890
-39.796730
-39.717228
-39.833302
-39.788864
-39.729980
-40.000404
-39.780659
-39.749977
-39.853741
-39.958237
-39.934837
-39.776264
-40.001862
-39.940258
-39.910057
-39.960396
-40.004288
-39.971573
-39.868935
-40.013939
-40.219231
-39.744926
-40.156563
-40.017990
-39.947495
-40.045502
-40.065979
-39.915573
-39.993454
-40.212738
-40.021801
-39.983051
-40.127098
-39.927670
-40.003281
-40.142159
-40.027275
-40.078339
-39.833702
-40.133759
-40.052654
-40.064754
-40.023483
-39.989849
-40.038197
-40.096672
-39.865620
-40.035316
-39.963043
-40.122818
-39.955887
-39.856972
-39.960903
-40.093372
-39.876648
-39.946548
-40.025879
-39.922165
-39.913731
-40.072609
-40.078659
-39.861828
-40.004921
-39.948746
-40.012356
-39.846252
-40.129322
-40.029648
-39.885918
-40.055286
-39.955250
-40.082253
-39.943432
-39.844841
-40.175812
-39.830875
-40.079208
-39.893051
-40.170689
-39.988808
-39.903374
-39.982449
-39.923309
-40.034245
-39.841499
-40.069557
-40.029919
-40.162148
-39.896389
-40.108727
-39.904106
-40.126152
-39.904099
-40.191418
-39.963539
-40.171253
-40.225845
-40.001678
-40.076313
-40.069756
-40.172356
-40.125889
-40.090012
-40.340279
-40.076923
-40.138580
-40.235107
-40.232826
-40.333469
-40.112587
-40.231441
-40.195431
-40.390598
-40.471584
-40.226269
-40.334164
-40.318047
-40.375710
-40.389881
-40.406826
-40.557541
-40.530254
-40.510288
-40.453625
-40.588093
-40.639961
-40.543663
-40.674084
-40.707714
-40.706192
-40.553162
-40.818398
-40.651237
-40.871105
-40.775623
-40.947998
-40.817902
-40.837475
-41.009266
-40.831455
-41.107853
-40.815388
-41.250072
-40.961678
-40.931046
-41.197372
-40.896557
-41.250603
-41.040897
-41.174774
-41.083820
-41.145718
-41.368015
-41.175545
-41.259785
-41.443687
-41.357136
-41.317238
-41.491913
-41.267765
-41.592270
-41.451534
-41.681309
-41.691181
-41.682304
-41.739075
-41.623852
-41.863358
-41.837406
-42.030380
-41.897732
-42.086483
-42.115570
-42.153584
-42.107357
-42.491203
-42.327011
-42.423523
-42.367085
-42.642761
-42.874763
-42.649143
-42.848957
-42.761425
-42.996979
-43.093079
-43.080410
-43.222523
-43.404152
-43.378548
-43.382851
-43.440762
-43.891575
-43.714397
-43.670654
-43.913940
-44.111359
-44.311352
-44.121769
-44.467918
-44.673351
-44.648792
-44.709297
-44.702190
-44.991608
-45.036900
-44.862213
-45.116802
-45.353573
-45.441883
-45.345119
-45.352371
-45.522266
-45.541023
-45.631992
-45.694695
-45.865353
-45.933376
-45.912121
-45.799328
-46.132042
-46.283096
-46.385319
-46.128876
-46.307549
-46.287918
-46.288837
-46.616150
-46.760693
-46.884907
-46.654789
-46.549240
-46.898952
-47.144073
-47.333950
-47.214962
-47.319481
-47.608109
-47.511726
-47.450745
-47.273991
-47.785744
-47.611946
-47.581852
-47.536663
-47.744675
-47.652546
-47.466774
-47.585777
-47.913857
-47.893913
-47.960903
-48.067940
-48.163231
-48.435349
-48.262253
-48.331978
-48.323891
-48.472759
-48.562191
-48.427277
-48.545650
-48.407528
-48.354103
-48.360176
-48.336308
-48.371468
-48.518639
-48.777489
-48.611870
-48.406921
-48.594303
-48.611435
-48.659626
-48.769840
-48.749840
-48.798447
-48.793591
-48.852894
-48.918419
-48.940422
-48.806618
-48.740685
-49.112305
-48.930817
-48.979767
-49.073761
-49.069622
-49.149323
-49.224403
-49.258064
-49.269047
-49.412254
-49.653259
-49.333565
-49.566868
-49.575962
-49.814846
-49.656864
-49.722610
-49.971832
-49.984615
-49.963787
-50.105053
-50.211349
-50.289818
-50.371807
-50.660847
-50.572643
-50.486351
-50.908581
-50.854572
-50.829098
-50.540005
-50.994785
-51.159378
-50.870926
-50.834625
-50.914875
-51.230843
-51.180801
-51.098965
-51.114666
-51.195267
-51.408966
-51.294479
-51.618996
-51.641327
-51.548252
-51.338646
-51.509094
-51.613190
-51.557880
-51.409611
-51.475403
-51.496067
-51.551296
-51.306664
-51.479546
-51.863426
-51.594990
-51.491734
-51.714649
-52.139797
-52.205643
-52.110008
-52.172810
-52.234322
-52.485523
-52.362831
-52.349724
-52.623055
-52.554123
-52.414375
-52.362526
-52.648495
-52.578896
-52.496761
-52.644535
-52.639843
-52.797714
-52.784023
-52.800121
-53.037285
-53.038116
-52.986462
-53.054333
-53.409325
-53.005047
-52.994690
-53.176891
-53.353218
-53.085423
-53.102974
-53.419739
-53.550190
-53.402626
-53.370808
-53.673386
-53.744373
-53.831993
-53.610538
-53.729874
-53.720394
-53.751076
-53.586567
-53.681267
-53.803093
-53.753323
-53.528217
-53.823326
-53.818737
-53.970142
-54.040264
-54.372196
-54.435085
-54.254253
-54.402607
-54.469547
-54.662785
-54.610268
-54.817253
-54.849297
-54.514759
-54.571156
-54.572330
-54.744827
-54.638748
-54.534897
-54.887714
-54.743137
-54.921963
-54.910667
-55.175800
-55.299793
-55.278442
-55.317028
-55.379925
-55.793743
-55.930416
-55.803078
-55.757427
-55.933792
-56.144894
-56.149734
-56.140350
-56.310173
-56.480873
-56.493320
-56.388149
-56.386425
-56.526871
-56.263542
-56.386513
-56.518433
-56.536224
-56.306648
-56.298054
-56.695324
-56.675812
-56.708908
-56.712563
-56.829044
-57.057827
-56.654888
-56.928291
-56.928303
-57.084301
-56.919720
-57.051136
-57.314651
-57.181313
-57.085300
-57.020523
-57.373318
-57.573708
-57.346375
-57.437214
-57.687527
-57.986481
-57.942295
-57.977180
-57.775005
-57.670139
-57.959080
-57.940144
-57.928947
-58.099941
-57.874710
-57.684078
-57.859413
-57.988441
-57.981476
-57.752911
-58.237396
-58.356014
-58.314358
-58.468979
-58.268871
-58.503727
-58.272511
-58.533878
-58.736034
-58.853207
-58.777248
-58.391521
-58.774063
-58.979328
-58.617474
-58.620205
-58.665874
-58.850433
-58.720337
-58.894840
-58.852062
-58.686478
-58.974621
-58.823536
-59.066895
-58.950134
-58.829357
-58.759598
-58.779888
-58.992691
-58.990250
-58.864727
-58.747749
-58.736156
-58.858883
-58.889141
-58.904419
-59.016399
-58.826889
-58.756329
-58.803940
-58.815998
-59.047924
-58.891624
-58.856998
-58.738590
-59.013962
-59.019867
-58.864090
-59.052605
-58.987274
-59.321407
-59.254444
-59.243713
-59.250019
-59.124706
-59.257183
-59.188026
-59.155880
-58.990795
-59.057358
-59.310970
-59.117424
-58.937263
-58.791920
-58.825970
-58.869480
-58.946064
-58.947762
-58.760883
-58.714462
-58.688442
-58.434021
-58.627979
-58.409523
-58.333401
-58.277073
-58.378799
-58.343063
-58.096512
-58.164021
-58.221352
-58.220093
-58.328053
-58.285141
-58.465572
-58.305737
-58.299088
-58.487934
-58.586357
-58.517109
-58.313587
-58.523331
-58.291531
-58.398712
-58.452297
-58.288795
-58.536472
-58.512638
-58.282108
-58.141518
-58.424603
-58.342529
-58.284241
-58.357685
-58.598900
-58.366737
-58.263969
-58.132019
-58.443481
-58.317753
-58.297237
-58.298622
-58.424381
-58.473942
-58.317543
-58.434399
-58.458080
-58.531651
-58.236946
-58.277512
-58.532570
-58.554695
-58.066330
-58.311127
-58.308937
-58.386822
-58.385838
-58.459011
-58.578320
-58.496670
-58.657402
-58.510010
-58.710800
-58.805294
-58.586391
-58.847652
-58.754932
-58.966591
-58.732433
-58.794441
-59.066711
-58.851131
-58.835636
-58.929428
-58.979301
-58.783367
-58.824787
-59.016914
-58.950699
-58.884033
-58.757202
-58.707176
-58.881016
-58.737835
-58.810493
-58.570168
-58.629551
-58.568138
-58.599339
-58.722351
-58.609638
-58.790909
-58.957592
-58.699177
-58.617630
-58.763134
-58.970402
-58.866142
-58.983700
-58.927383
-58.965195
-59.075581
-59.066986
-58.829010
-58.871658
-58.961109
-58.889244
-59.150032
-59.082619
-58.873539
-58.645084
-58.870270
-58.969948
-58.920433
-58.928761
-58.781498
-59.018593
-58.710705
-58.904594
-58.815781
-58.922428
-59.050682
-59.004932
-59.175007
-59.001156
-59.125202
-59.196648
-59.019051
-59.260006
-59.024464
-59.012516
-58.966492
-58.940460
-58.850258
-58.754124
-58.806721
-58.786613
-58.544807
-58.685299
-58.979675
-59.273071
-58.844711
-58.853081
-59.050495
-59.061775
-59.226444
-59.097073
-59.322895
-59.190163
-59.127232
-59.258472
-59.192371
-59.052750
-58.926029
-59.149231
-59.190987
-58.903728
-58.873405
-58.985016
-58.996090
-58.947731
-58.946602
-58.944435
-58.819679
-58.865383
-58.935326
-59.051273
-59.118874
-59.039402
-59.176266
-59.362061
-59.346573
-59.350510
-59.317352
-59.495724
-59.455692
-59.788258
-59.714993
-59.574665
-59.763683
-59.428677
-59.581799
-59.769066
-59.941605
-59.984905
-59.694569
-59.804546
-59.706051
-59.825459
-59.889225
-59.584023
-59.808556
-59.812748
-60.046551
-60.215710
-60.138401
-60.126247
-59.903385
-60.183033
-60.223827
-60.186020
-60.087070
-60.055935
-60.007950
-59.862003
-59.691208
-59.863171
-59.978592
-59.935829
-59.692451
-59.754787
-59.879337
-59.784676
-59.941303
-59.841377
-59.943081
-59.888039
-59.769150
-59.669899
-59.647747
-59.864197
-59.589619
-59.377731
-59.582222
-59.635540
-59.586693
-59.542156
-59.867287
-59.833698
-59.727829
-59.760723
-59.888824
-59.873821
-59.903988
-59.947990
-60.014290
-59.792824
-59.923923
-59.773216
-59.980938
-59.969341
-59.860580
-60.131104
-60.256844
-60.256771
-60.029198
-60.025574
-60.143681
-59.884895
-60.107182
-60.006622
-60.131420
-59.871029
-59.768581
-59.888042
-59.890965
-59.752411
-59.795311
-59.957912
-59.862122
-59.795918
-59.709129
-59.851479
-59.787609
-59.807320
-59.498104
-59.916687
-59.778919
-59.865665
-59.706299
-59.817009
-59.695683
-59.574226
-59.693108
-59.887737
-59.753574
-59.909660
-59.888798
-60.049164
-59.918011
-59.969505
-59.982090
-59.891315
-60.004620
-59.844872
-59.836586
-59.780605
-59.806259
-59.777882
-59.531891
-59.587696
-59.758297
-59.677952
-59.723152
-59.769726
-59.844643
-59.772835
-59.833546
-59.945549
-59.721954
-60.101665
-59.833652
-59.888824
-60.081104
-59.815998
-59.709148
-59.816845
-60.118076
-59.992363
-59.940605
-60.080173
-60.020668
-60.089947
-59.995087
-59.952576
-60.050179
-59.821388
-60.000652
-59.937176
-59.959473
-59.840733
-59.838840
-60.044506
-60.089222
-60.132000
-59.725296
-60.135082
-59.896622
-60.071671
-60.136436
-60.154686
-59.881321
-59.925419
-60.124626
-60.211967
-60.359627
-60.105976
-59.819481
-59.888866
-60.215904
-59.930744
-60.188065
-60.218758
-60.160431
-60.242416
-60.057232
-60.254162
-60.145844
-60.111462
-59.957401
-60.054886
-60.238663
-59.974178
-59.912262
-60.097626
-60.253113
-60.006737
-60.038746
-60.391544
-60.530975
-60.341000
-60.328793
-60.665726
-60.847748
-60.587574
-60.656628
-60.661388
-60.513321
-60.547451
-60.456486
-60.444588
-60.565712
-60.541164
-60.671906
-60.635098
-60.690094
-60.514156
-60.531956
-60.665096
-60.444324
-60.522404
-60.442783
-60.521263
-60.730095
-60.413540
-60.140343
-60.157642
-60.467400
-60.196262
-60.191841
-60.611599
-60.319496
-60.353371
-60.190933
-60.388401
-60.419186
-60.407963
-60.245182
-59.848667
-60.068779
-60.279865
-60.117004
-59.930267
-60.042934
-59.936329
-59.695782
-59.912369
-60.306198
-60.229347
-60.040493
-59.885315
-60.174496
-60.407673
-60.124855
-59.905590
-60.190567
-60.335903
-60.159721
-59.909855
-60.107437
-60.101166
-59.906040
-59.988918
-60.086178
-60.399494
-60.149273
-59.972584
-60.173180
-60.482395
-60.205853
-60.124687
-60.358540
-60.359905
-60.459145
-60.320042
-60.153416
-60.182041
-60.038013
-59.802208
-59.746387
-60.081451
-59.917290
-59.547215
-59.723652
-59.763893
-59.981621
-59.864426
-59.844677
-59.632095
-59.933960
-59.916786
-59.928967
-59.665276
-59.883556
-59.634701
-59.346680
-59.671085
-59.772236
-59.676197
-59.435371
-59.695858
-59.700562
-59.764877
-59.928246
-59.577385
-59.759354
-59.784874
-59.812401
-59.676281
-59.730015
-59.797901
-59.403595
-59.471413
-59.582085
-59.562153
-59.609375
-59.426220
-59.658421
-59.595680
-59.647457
-59.566574
-59.578823
-59.598518
-59.669441
-59.810394
-59.753872
-59.520313
-59.625408
-59.623737
-59.673309
-59.522495
-59.658554
-59.721466
-59.511040
-59.674194
-59.611492
-59.620190
-59.638794
-59.657021
-59.575233
-59.630791
-59.732086
-59.702709
-59.604019
-59.734676
-59.527481
-59.683529
-59.702003
-59.786030
-59.710922
-59.741070
-59.799210
-59.757668
-59.623604
-59.732834
-59.686802
-59.793121
-59.468552
-59.730900
-59.813049
-59.583092
-59.537365
-59.601955
-59.673271
-59.516926
-59.512424
-59.566593
-59.516232
-59.528587
-59.456860
-59.375042
-59.394337
-59.467426
-59.455116
-59.189209
-59.267944
-59.459557
-59.302814
-59.279697
-59.248604
-59.323799
-59.201130
-59.210732
-59.245979
-59.198009
-59.141354
-59.172646
-59.181515
-59.288319
-58.949429
-59.187408
-59.137875
-59.082924
-58.996902
-59.117607
-59.316151
-59.054264
-58.980572
-59.038300
-59.075100
-59.238461
-59.017555
-58.933205
-59.024715
-59.091812
-59.119854
-58.866608
-59.036930
-59.009766
-58.980724
-59.000912
-58.876053
-59.167713
-58.874031
-58.968933
-58.978363
-59.062786
-59.117046
-58.879597
-59.088375
-59.073475
-58.929031
-58.988914
-59.031414
-59.159599
-59.059280
-59.071224
-58.972565
-59.074932
-59.059200
-59.136410
-59.042980
-59.141895
-59.064041
-59.071274
-59.217422
-59.036591
-59.244427
-59.055344
-59.196266
-59.139587
-59.353291
-59.280209
-59.158783
-59.186962
-59.413036
-59.218964
-59.239937
-59.400433
-59.362904
-59.466057
-59.349548
-59.493038
-59.350235
-59.392807
-59.560249
-59.508217
-59.442188
-59.549763
-59.589123
-59.640804
-59.569851
-59.629105
-59.704845
-59.663628
-59.529278
-59.768608
-59.861927
-59.725563
-59.669514
-59.729523
-59.830685
-59.860798
-59.794411
-59.833275
-59.945553
-59.915417
-59.781113
-59.962364
-60.142239
-60.064121
-60.003143
-60.085304
-60.077019
-59.922337
-60.056358
-60.095390
-60.114365
-60.272823
-60.111275
-60.018436
-60.060154
-60.157330
-60.151619
-60.254105
-60.214779
-60.210121
-60.241295
-60.395657
-60.367168
-60.291431
-60.237377
-60.299267
-60.301575
-60.452415
-60.336849
-60.365128
-60.367531
-60.346199
-60.273495
-60.324215
-60.471470
-60.565918
-60.308849
-60.495663
-60.487671
-60.475704
-60.400589
-60.426720
-60.482555
-60.469425
-60.440456
-60.462944
-60.410542
-60.428596
-60.447727
-60.470478
-60.455097
-60.445683
-60.492085
-60.449898
-60.552883
-60.493427
-60.423660
-60.444183
-60.564999
-60.504360
-60.478317
-60.424023
-60.534393
-60.540035
-60.353947
-60.318039
-60.464230
-60.649693
-60.254250
-60.470142
-60.600441
-60.440399
-60.319191
-60.435150
-60.656876
-60.499516
-60.469692
-60.365681
-60.385223
-60.630646
-60.444561
-60.506355
-60.390411
-60.525848
-60.480434
-60.520187
-60.658703
-60.481133
-60.636791
-60.551682
-60.749031
-60.818787
-60.612885
-60.623497
-60.672165
-60.842419
-60.610931
-60.785381
-60.766468
-60.679989
-60.709888
-60.679077
-60.794621
-60.570240
-60.701859
-60.698200
-60.698677
-60.657768
-60.710293
-60.729294
-60.702435
-60.584801
-60.611004
-60.560287
-60.718235
-60.515656
-60.626381
-60.702362
-60.658642
-60.483330
-60.594288
-60.605988
-60.585686
-60.497143
-60.668514
-60.719604
-60.695065
-60.517380
-60.531811
-60.742607
-60.660248
-60.585442
-60.501617
-60.553566
-60.753071
-60.492794
-60.599010
-60.384655
-60.650051
-60.546513
-60.533691
-60.763435
-60.383389
-60.500751
-60.626736
-60.786564
-60.643467
-60.504486
-60.778328
-60.662083
-60.613865
-60.742989
-60.716820
-60.922226
-60.635300
-60.711834
-60.866573
-60.936913
-60.755207
-60.672714
-60.858936
-60.785408
-60.806686
-60.708996
-60.798016
-60.933010
-60.809643
-60.632755
-60.770248
-60.924313
-60.861454
-60.782108
-60.806538
-60.828926
-60.866215
-60.959156
-60.846161
-60.891953
-60.885597
-60.867371
-60.777168
-60.862740
-60.876965
-60.941406
-60.795155
-60.896545
-60.763908
-61.020245
-61.031998
-60.881676
-60.859867
-61.003780
-61.099056
-60.994465
-61.073586
-61.163696
-61.126991
-61.041176
-61.295704
-61.350372
-61.139519
-61.085945
-61.521770
-61.389008
-61.395706
-61.482685
-61.474613
-61.505375
-61.571175
-61.666641
-61.572048
-61.716324
-61.677628
-61.793365
-61.812489
-61.746983
-61.710220
-61.800819
-61.866768
-61.783058
-61.754562
-61.778961
-61.740929
-61.837318
-61.733089
-61.873089
-61.773003
-61.721432
-61.781567
-61.886211
-61.835567
-61.797916
-61.925625
-61.896122
-62.047955
-61.966370
-61.921726
-61.920448
-61.896790
-61.873451
-61.877388
-61.912354
-61.897690
-61.804985
-61.842991
-61.762241
-61.778358
-61.886711
-61.729668
-61.819473
-61.737236
-61.766129
-61.746681
-61.885601
-61.857887
-61.663410
-61.810768
-61.760151
-61.891163
-61.733967
-61.876652
-61.837318
-62.079353
-61.850193
-61.956654
-61.930771
-62.152855
-62.089142
-61.920345
-62.085297
-62.184097
-62.243916
-62.247871
-62.182331
-62.201431
-62.190689
-62.356884
-62.341267
-62.381287
-62.289257
-62.320778
-62.393139
-62.366138
-62.295979
-62.226746
-62.250744
-62.269394
-62.212280
-62.229626
-62.174259
-62.182728
-62.202656
-62.199818
-62.026733
-62.104992
-62.274597
-62.077892
-62.120045
-62.232914
-62.237419
-62.187233
-62.200592
-62.335426
-62.364426
-62.326820
-62.351017
-62.407700
-62.442013
-62.392853
-62.649479
-62.639881
-62.604145
-62.457558
-62.495079
-62.637150
-62.775791
-62.664417
-62.686832
-62.765045
-62.663662
-62.668133
-62.802780
-62.732876
-62.822178
-62.664040
-62.724903
-62.815430
-62.931484
-62.858673
-62.731476
-62.721111
-62.780075
-62.890236
-62.889050
-62.942757
-62.909954
-62.857525
-63.001221
-63.104153
-63.032406
-62.956703
-62.984764
-63.056938
-63.005318
-62.967094
-62.936726
-62.833466
-63.007259
-62.932011
-62.917522
-62.785210
-62.979549
-62.854084
-62.825855
-62.922642
-62.986946
-62.863403
-62.735107
-62.832027
-62.863571
-62.829361
-62.642166
-62.679340
-62.651894
-62.683285
-62.541286
-62.694016
-62.567619
-62.543022
-62.659580
-62.522446
-62.572430
-62.619568
-62.578476
-62.607700
-62.707703
-62.680531
-62.537647
-62.708290
-62.835812
-62.682362
-62.712212
-62.739147
-62.792568
-62.821339
-62.984291
-62.976208
-62.930573
-62.852619
-62.996029
-63.033577
-62.954727
-62.894485
-63.019424
-63.069084
-63.121632
-62.905479
-63.020657
-63.186253
-62.980591
-62.979130
-63.209026
-63.307331
-63.051781
-63.157925
-63.424740
-63.339428
-63.245701
-63.300480
-63.410404
-63.314552
-63.385391
-63.345604
-63.324581
-63.440773
-63.262459
-63.195293
-63.290577
-63.425468
-63.219578
-63.201496
-63.396786
-63.294727
-63.451244
-63.431442
-63.367722
-63.359547
-63.390141
-63.593517
-63.398014
-63.378353
-63.549706
-63.438141
-63.486862
-63.492393
-63.557777
-63.367229
-63.403133
-63.397102
-63.421749
-63.488903
-63.411461
-63.409447
-63.364605
-63.412277
-63.390537
-63.312241
-63.364487
-63.170071
-63.184319
-63.307217
-63.228405
-63.104664
-63.020874
-63.198246
-63.101223
-62.996807
-62.957409
-62.922688
-63.117176
-63.083298
-62.970573
-62.869705
-63.116291
-63.053509
-63.003433
-63.190594
-63.173195
-63.101196
-63.117477
-63.467922
-63.540253
-63.443966
-63.504078
-63.564602
-63.604740
-63.765800
-63.753693
-63.772305
-63.779518
-63.773098
-63.979729
-63.978786
-64.209190
-64.026787
-63.995392
-64.008492
-64.131149
-64.086929
-64.124306
-64.055702
-64.114288
-63.978500
-63.962822
-63.941479
-63.972584
-63.899319
-63.908760
-63.899078
-63.883484
-63.601074
-63.747532
-63.810375
-63.760700
-63.638973
-63.442959
-63.604767
-63.535286
-63.467690
-63.299805
-63.362789
-63.297668
-63.221294
-63.180035
-63.149551
-63.118465
-63.003143
-62.894699
-62.696510
-62.667549
-62.644104
-62.530983
-62.595142
-62.352600
-62.351097
-62.037468
-62.149696
-62.186672
-62.034740
-61.878418
-61.812393
-61.922386
-61.818874
-61.642048
-61.649143
-61.580631
-61.546734
-61.490467
-61.570049
-61.363209
-61.284351
-61.510433
-61.467255
-61.418644
-61.322056
-61.417229
-61.313236
-61.300659
-61.343876
-61.176834
-61.260674
-61.181778
-61.246208
-61.054268
-61.104359
-61.100193
-61.101063
-61.079273
-61.016277
-61.147518
-61.043507
-61.137444
-60.958076
-61.013283
-61.038338
-60.878551
-60.954784
-60.961308
-61.092430
-60.930668
-60.969910
-60.907833
-60.879330
-61.143482
-61.049797
-61.135677
-61.123219
-61.229748
-61.187805
-61.206303
-61.327255
-61.219921
-61.170166
-61.124359
-61.320286
-61.188095
-61.181583
-61.231453
-61.183880
-61.241901
-61.241711
-61.374138
-61.308792
-61.381172
-61.454056
-61.371033
-61.492718
-61.488674
-61.416199
-61.457012
-61.480507
-61.529465
-61.395470
-61.313126
-61.363674
-61.403351
-61.333115
-61.204235
-61.263180
-61.405689
-61.368050
-61.128780
-61.225510
-61.247227
-61.105991
-61.072578
-61.116051
-61.091061
-61.026966
-60.906857
-60.854412
-60.975674
-60.882996
-60.821949
-60.757442
-60.930031
-60.921227
-60.873837
-60.851345
-61.034210
-61.021141
-60.865944
-61.055065
-61.095730
-61.220604
-60.995811
-61.037533
-61.121883
-61.189163
-61.041443
-60.826431
-60.961597
-60.918190
-60.896290
-60.772606
-60.729023
-60.649204
-60.669197
-60.479889
-60.392792
-60.531094
-60.278141
-60.227020
-60.296436
-60.232426
-59.977051
-59.869774
-60.073982
-60.097900
-59.885704
-59.716663
-59.950554
-59.913143
-59.843082
-59.790062
-59.856606
-59.830441
-59.922226
-60.013187
-59.910011
-60.090157
-60.293404
-60.264599
-60.306080
-60.392834
-60.451199
-60.539204
-60.736629
-60.753235
-60.727570
-60.775028
-60.824619
-60.756340
-60.796677
-60.825832
-60.753471
-60.798351
-60.853725
-60.914978
-60.838520
-60.810055
-60.682068
-60.750286
-60.788868
-60.540882
-60.725761
-60.752899
-60.622169
-60.500992
-60.511097
-60.615791
-60.538082
-60.522484
-60.492355
-60.577160
-60.588493
-60.610271
-60.639614
-60.601555
-60.580032
-60.700508
-60.645355
-60.700836
-60.705254
-60.791336
-60.871864
-60.863167
-60.762947
-60.674465
-60.784718
-60.792240
-60.804695
-60.499332
-60.535763
-60.523277
-60.477257
-60.470917
-60.311661
-60.241634
-60.147743
-60.018711
-59.951485
-59.996769
-59.957550
-59.747272
-59.719261
-59.735657
-59.742401
-59.704430
-59.565456
-59.534573
-59.590534
-59.690956
-59.474361
-59.389030
-59.437160
-59.427807
-59.337482
-59.263607
-59.365845
-59.338608
-59.143684
-59.223797
-59.275307
-59.346058
-59.184544
-59.227413
-59.179337
-59.172165
-59.200531
-59.019695
-58.959915
-58.986347
-58.794216
-58.837025
-58.816628
-58.668125
-58.503372
-58.533859
-58.422695
-58.482800
-58.470505
-58.441948
-58.337124
-58.197411
-58.443466
-58.153095
-58.187210
-58.166008
-58.256458
-58.170967
-58.093510
-58.116379
-58.154037
-58.038189
-58.033009
-57.931889
-58.221203
-58.018227
-58.071339
-57.949375
-58.122353
-58.110245
-57.920509
-57.932793
-58.147358
-58.250248
-57.951019
-58.079144
-58.243408
-58.170837
-58.094872
-58.021206
-58.207317
-58.190033
-58.239300
-58.215317
-58.251156
-58.327915
-58.195381
-58.133381
-58.433743
-58.335003
-58.207264
-58.230392
-58.337856
-58.317482
-58.289234
-58.201069
-58.289593
-58.282314
-58.278996
-58.189266
-58.186428
-58.272034
-58.187542
-58.205158
-58.123943
-58.221218
-58.121826
-58.095253
-58.191383
-58.017628
-58.133385
-58.133820
-58.162876
-58.018608
-58.009686
-58.047951
-58.012756
-57.994408
-57.880867
-57.931290
-57.939396
-57.892677
-57.726166
-57.714867
-57.738117
-57.686180
-57.710503
-57.579746
-57.534924
-57.606049
-57.556622
-57.543285
-57.472836
-57.463932
-57.314472
-57.363583
-57.364204
-57.302872
-57.165970
-57.108849
-57.139511
-56.949963
-57.067139
-57.078262
-56.954414
-56.851978
-56.846966
-56.804184
-56.807438
-56.706276
-56.657776
-56.711643
-56.684856
-56.479290
-56.493206
-56.629456
-56.509666
-56.293568
-56.412418
-56.382080
-56.265438
-56.167027
-56.187920
-56.200939
-56.181320
-56.054157
-55.933792
-55.969700
-55.973625
-55.759155
-55.741711
-55.864765
-55.709812
-55.626888
-55.650932
-55.706657
-55.511314
-55.492889
-55.458199
-55.568306
-55.365147
-55.449760
-55.378670
-55.400845
-55.309719
-55.136650
-55.198959
-55.211300
-55.090733
-55.020607
-55.008652
-54.980587
-55.092129
-54.949787
-54.958401
-55.007092
-54.968197
-54.925758
-54.936954
-55.063171
-55.019913
-55.089012
-54.922329
-55.087917
-55.119373
-55.091640
-55.102821
-55.150841
-55.116756
-55.167255
-55.163982
-55.092503
-55.075275
-55.110806
-55.015518
-54.984173
-54.988899
-55.039986
-55.020271
-55.095226
-55.111904
-55.057922
-55.168526
-55.327190
-55.309685
-55.245174
-55.384399
-55.315525
-55.389057
-55.348194
-55.448105
-55.286537
-55.311928
-55.388634
-55.296947
-55.221325
-55.295277
-55.145775
-55.178329
-55.288639
-55.224667
-55.241123
-55.232658
-55.304859
-55.181110
-55.243614
-55.081394
-55.106152
-55.165501
-55.188599
-55.141834
-55.077099
-55.076294
-54.947872
-55.021332
-55.190491
-55.074814
-55.061455
-55.139099
-55.248615
-55.251640
-55.192284
-55.281300
-55.279583
-55.187782
-54.997841
-55.125580
-55.207661
-55.108288
-54.936069
-54.912254
-54.988430
-54.936722
-54.795898
-54.868805
-54.946102
-54.927494
-54.921268
-54.917542
-55.012112
-55.125553
-54.975285
-54.915176
-55.101833
-54.987595
-54.987259
-55.083214
-55.004330
-54.968838
-54.977119
-54.811859
-54.791588
-54.940636
-54.951904
-54.762215
-54.765160
-54.804352
-54.799252
-54.808582
-54.975475
-54.807186
-54.801975
-54.995895
-55.056755
-55.016968
-55.060196
-55.215317
-55.106457
-55.201744
-55.092735
-55.124622
-55.190704
-55.266792
-55.160133
-55.190941
-55.076801
-54.976654
-54.871941
-54.975292
-55.021675
-54.933868
-54.841141
-54.857536
-54.727901
-54.802364
-54.837257
-54.673370
-54.619164
-54.672611
-54.747395
-54.683823
-54.438107
-54.322147
-54.269310
-54.347084
-54.354324
-54.213730
-54.170040
-54.182083
-54.119442
-53.964195
-53.911892
-53.993420
-53.963200
-53.929382
-53.866119
-54.005997
-53.908474
-53.759884
-53.811043
-53.781189
-53.732166
-53.598213
-53.632633
-53.576012
-53.600796
-53.546764
-53.296165
-53.461731
-53.362865
-53.279411
-53.275326
-53.258106
-53.125450
-53.157738
-53.111843
-52.990452
-53.093636
-52.831425
-52.798763
-52.755936
-52.790283
-52.721531
-52.490261
-52.517921
-52.497551
-52.495613
-52.352295
-52.213470
-52.264244
-52.069416
-52.151875
-52.088806
-51.997581
-51.926987
-51.904888
-51.828030
-51.752567
-51.706165
-51.651344
-51.536160
-51.562763
-51.557125
-51.552715
-51.526466
-51.559792
-51.444839
-51.401875
-51.403336
-51.482880
-51.482140
-51.446247
-51.406860
-51.351540
-51.364395
-51.263611
-51.283039
-51.206741
-51.140385
-51.146088
-51.105190
-50.908768
-50.696655
-50.611919
-50.448715
-50.173656
-50.102337
-50.017387
-49.650444
-49.362942
-49.224129
-48.874336
-48.615242
-48.429321
-48.372910
-47.921669
-47.757565
-47.570618
-47.419510
-47.169815
-46.977276
-46.762360
-46.600048
-46.368126
-45.947643
-45.808590
-45.505398
-45.213127
-44.813515
-44.616009
-44.303490
-43.778023
-43.395927
-43.147198
-42.892334
-42.447010
-42.075718
-41.754410
-41.432247
-41.061794
-40.603561
-40.403210
-40.076038
-39.666656
-39.255207
-39.016518
-38.626995
-38.248451
-37.808445
-37.540966
-37.166885
-36.709419
-36.375900
-36.167244
-35.800713
-35.315712
-34.923038
-34.576172
-34.250362
-33.861897
-33.589333
-33.317440
-32.921085
-32.573849
-32.284718
-32.080688
-31.750130
-31.476938
-31.170334
-30.990660
-30.746731
-30.449797
-30.176212
-29.950836
-29.613583
-29.305721
-29.102287
-28.807261
-28.597019
-28.270708
-27.938673
-27.760420
-27.581491
-27.330915
-27.050749
-26.817232
-26.644791
-26.422489
-26.210796
-26.060745
-25.764729
-25.444660
-25.311304
-25.111746
-24.761797
-24.508896
-24.212055
-23.967920
-23.748577
-23.555874
-23.287289
-23.069654
-22.819897
-22.523699
-22.320869
-22.156004
-21.908745
-21.564001
-21.371099
-21.150070
-20.802090
-20.506266
-20.151861
-19.821489
-19.495377
-19.248434
-18.987303
-18.715666
-18.444929
-18.169222
-17.883087
-17.701834
-17.495680
-17.186108
-16.917500
-16.839451
-16.559258
-16.323442
-15.874634
-15.662313
-15.486435
-15.288539
-14.912090
-14.604712
-14.326250
-14.170564
-13.875877
-13.616793
-13.445594
-13.269745
-12.950425
-12.783388
-12.713509
-12.484439
-12.151113
-12.039236
-11.882974
-11.704155
-11.513779
-11.386001
-11.159489
-11.024785
-10.878218
-10.658155
-10.553147
-10.510152
-10.383968
-10.220603
-10.225133
-10.081357
-10.029576
-9.887089
-9.815488
-9.716099
-9.609833
-9.547636
-9.433568
-9.311137
-9.244305
-9.128736
-9.034438
-8.985717
-8.981961
-8.815489
-8.715247
-8.647822
-8.580376
-8.537031
-8.400963
-8.308593
-8.219744
-8.132971
-7.942636
-7.775907
-7.679199
-7.486260
-7.350568
-7.200956
-7.072049
-6.924042
-6.871686
-6.735863
-6.767640
-6.608954
-6.684522
-6.655885
-6.653910
-6.595598
-6.608953
-6.459448
-6.575883
-6.527587
-6.470746
-6.451196
-6.376519
-6.417558
-6.391307
-6.399357
-6.308969
-6.273389
-6.234227
-6.261460
-6.371874
-6.375851
-6.342957
-6.261113
-6.361297
-6.304609
-6.247202
-6.217965
-6.270720
-6.263669
-6.117903
-6.236338
-6.208553
-6.187830
-6.220618
-6.254078
-6.220084
-6.268120
-6.318148
-6.411635
-6.336796
-6.282299
-6.278473
-6.252512
-6.188677
-6.205204
-6.204089
-6.075929
-5.897460
-5.994819
-6.041924
-5.892718
-5.905091
-5.906111
-5.933406
-5.879364
-5.850910
-5.919905
-5.788193
-5.730831
-5.756757
-5.792533
-5.649010
-5.642624
-5.645422
-5.407452
-5.442569
-5.411103
-5.372694
-5.296879
-5.228261
-5.140642
-5.124498
-5.145864
-5.083725
-5.190514
-5.049618
-5.110333
-5.170187
-5.061703
-5.005581
-4.967021
-4.986703
-4.890916
-4.832230
-4.669312
-4.749397
-4.472752
-4.499371
-4.417258
-4.455287
-4.316682
-4.334885
-4.423020
-4.296652
-4.339263
-4.356794
-4.358315
-4.219442
-4.290941
-4.257530
-4.201598
-4.145309
-4.141498
-4.080684
-3.966714
-3.885906
-3.805272
-3.820040
-3.816819
-3.729009
-3.722189
-3.546306
-3.617032
-3.641001
-3.580858
-3.520628
-3.528066
-3.468505
-3.504336
-3.480842
-3.453913
-3.419052
-3.285395
-3.281658
-3.233690
-3.285445
-3.174507
-3.188664
-3.084583
-3.053688
-3.182307
-3.115585
-3.049799
-2.980384
-3.056241
-3.009160
-3.111533
-3.025273
-3.031667
-2.922420
-3.019191
-2.987826
-2.996239
-2.982090
-2.950563
-2.878354
-2.882007
-2.931330
-2.934121
-2.876797
-2.907355
-2.906967
-2.903653
-2.802251
-2.873687
-2.819950
-2.878003
-2.786951
-2.696192
-2.688164
-2.726737
-2.732762
-2.601491
-2.639097
-2.590923
-2.531702
-2.521691
-2.425704
-2.398060
-2.372947
-2.369580
-2.243085
-2.201044
-2.204736
-2.022082
-1.913577
-1.903112
-1.858888
-1.812080
-1.622724
-1.600628
-1.537060
-1.532935
-1.381822
-1.362236
-1.347335
-1.390367
-1.329601
-1.264986
-1.354758
-1.303431
-1.333223
-1.308775
-1.301732
-1.377153
-1.369390
-1.385770
-1.413828
-1.465473
-1.387534
-1.452357
-1.534983
-1.537696
-1.601406
-1.523888
-1.738308
-1.598079
-1.725893
-1.659463
-1.812645
-1.837452
-1.839545
-1.773664
-1.834694
-1.958817
-1.774062
-1.906878
-1.978081
-1.972906
-1.861433
-1.899345
-2.021361
-2.035538
-2.012665
-1.966559
-2.016085
-2.012059
-2.062823
-1.982547
-2.070036
-2.018663
-1.984434
-1.899089
-2.013329
-2.027773
-1.980931
-1.993746
-1.958080
-1.991284
-1.976207
-2.119406
-2.081110
-2.047181
-1.979653
-1.996052
-2.036534
-2.055319
-2.019160
-1.997619
-1.908353
-1.876492
-1.937161
-1.925703
-1.962423
-1.842408
-1.853338
-1.804462
-1.844563
-1.773800
-1.671223
-1.669855
-1.675410
-1.627317
-1.500288
-1.471631
-1.428305
-1.492972
-1.352088
-1.463692
-1.350450
-1.386486
-1.367150
-1.472054
-1.451381
-1.458115
-1.550300
-1.472014
-1.488016
-1.539029
-1.623948
-1.588802
-1.566181
-1.551511
-1.514651
-1.523306
-1.507625
-1.545071
-1.562795
-1.558381
-1.481166
-1.465123
-1.512748
-1.577443
-1.577168
-1.602913
-1.603066
-1.617603
-1.499041
-1.498785
-1.603555
-1.528479
-1.415449
-1.348694
-1.316448
-1.120874
-1.157684
-1.118136
-1.049925
-0.930011
-0.882365
-0.843865
-0.906217
-0.868259
-0.707306
-0.696290
-0.731498
-0.696087
-0.590719
-0.556907
-0.498183
-0.421000
-0.326143
-0.318228
-0.193427
-0.049350
-0.047218
-0.071328
0.077041
0.105190
0.171897
0.201315
0.251331
0.188224
0.212192
0.280916
0.104972
0.184447
0.239423
0.290931
0.211746
0.231459
0.267409
0.298553
0.255830
0.237651
0.297292
0.367853
0.355898
0.268742
0.392428
0.356465
0.350853
0.322963
0.282818
0.330514
0.246218
0.238385
0.233858
0.183256
0.089703
0.106812
0.081600
0.050332
0.052404
-0.057792
0.121801
0.108105
0.070232
-0.028144
0.104508
0.087746
0.011673
0.146660
0.119164
-0.012023
0.034429
0.005084
0.034252
-0.076314
-0.135542
-0.179990
-0.171954
-0.264037
-0.121679
-0.207580
-0.377533
-0.372959
-0.231411
-0.243076
-0.253787
-0.210328
-0.260573
-0.206765
-0.167611
-0.133520
-0.211144
-0.150272
-0.184514
-0.191407
-0.117849
-0.115093
-0.295227
-0.254576
-0.192818
-0.173443
-0.253625
-0.290218
-0.283839
-0.269669
-0.220982
-0.207242
-0.141955
-0.206736
-0.143640
-0.118288
-0.134262
-0.152124
-0.108501
-0.090910
-0.178048
-0.185449
-0.083910
-0.205827
-0.171155
-0.174345
-0.160345
-0.211872
-0.164651
-0.237739
-0.200746
-0.152412
-0.093269
-0.114306
-0.182416
-0.071929
-0.167486
-0.121287
-0.105278
-0.048211
-0.061625
-0.127412
-0.085314
-0.097716
-0.174104
-0.168751
-0.097311
-0.173069
-0.231591
-0.114700
-0.187855
-0.254974
-0.244218
-0.192195
-0.213254
-0.131687
-0.143584
-0.168892
-0.207369
-0.206313
-0.298932
-0.164397
-0.214632
-0.245728
-0.358984
-0.261673
-0.204972
-0.248649
-0.308602
-0.300217
-0.207640
-0.266258
-0.263148
-0.248523
-0.218377
-0.237883
-0.328012
-0.236870
-0.263704
-0.211087
-0.342425
-0.351410
-0.280504
-0.280206
-0.303312
-0.281912
-0.217553
-0.331215
-0.368764
-0.290669
-0.329727
-0.215562
-0.293017
-0.200289
-0.238338
-0.186324
-0.270970
-0.199994
-0.224866
-0.203503
-0.141512
-0.188544
-0.203215
-0.171419
-0.141722
-0.254999
-0.212122
-0.154474
-0.122707
-0.190436
-0.180736
-0.181411
-0.110074
-0.148408
-0.154786
-0.161789
-0.088119
-0.116383
-0.103796
-0.155418
-0.082300
-0.197582
-0.115483
-0.154749
-0.133247
-0.167054
-0.128019
-0.110214
-0.140804
-0.077775
-0.132856
-0.113792
-0.052908
-0.091241
-0.076287
-0.026876
-0.006290
-0.088238
-0.110958
-0.024443
-0.067502
-0.080093
-0.057151
-0.092324
-0.112467
-0.127076
-0.155921
-0.107814
-0.117903
-0.144948
-0.085341
-0.133855
-0.093549
-0.114334
-0.157195
-0.119750
-0.089250
-0.132897
-0.137683
-0.115677
-0.130189
-0.147456
-0.097631
-0.166203
-0.090828
-0.162954
-0.110308
-0.174036
-0.105224
-0.117491
-0.076306
-0.093662
-0.177115
-0.118386
-0.127775
-0.055387
-0.159507
-0.117319
-0.101456
-0.122874
-0.147006
-0.045978
-0.108575
-0.076846
-0.031248
-0.064886
-0.068035
-0.015711
0.020608
-0.048569
-0.018677
0.016266
0.009002
-0.048667
-0.026870
0.045921
0.002344
-0.007667
0.000312
0.080034
0.001300
0.037286
0.061554
-0.041877
-0.081508
0.035635
0.067247
-0.036890
-0.014929
0.026846
-0.028815
-0.067236
-0.091309
-0.057106
-0.032818
-0.053169
-0.091940
-0.094028
-0.061685
-0.166548
-0.276790
-0.100519
-0.179790
-0.233481
-0.255487
-0.212588
-0.261449
-0.370926
-0.348353
-0.353449
-0.425643
-0.329292
-0.365587
-0.423587
-0.389466
-0.503450
-0.452662
-0.460514
-0.470545
-0.563468
-0.589222
-0.529026
-0.487653
-0.590567
-0.639021
-0.668400
-0.696124
-0.695042
-0.664082
-0.682549
-0.743381
-0.754392
-0.771927
-0.657161
-0.703623
-0.824113
-0.913244
-0.901638
-0.796121
-0.920684
-0.938756
-1.013560
-1.031118
-1.104225
-1.166873
-1.135209
-1.165746
-1.207564
-1.271969
-1.174016
-1.332849
-1.216724
-1.219690
-1.201385
-1.262156
-1.265810
-1.262618
-1.200346
-1.083907
-1.194708
-1.171767
-1.270513
-1.146936
-1.185984
-1.126611
-1.162082
-1.181124
-1.145032
-1.075084
-1.089896
-1.019800
-1.014138
-1.091449
-1.070788
-0.978992
-0.962275
-0.923715
-0.981260
-0.893188
-0.944625
-0.987555
-0.937571
-0.870540
-0.986421
-0.996404
-0.902380
-0.861299
-0.770920
-0.927952
-0.893557
-0.795861
-0.812269
-0.787341
-0.802856
-0.758067
-0.780100
-0.728343
-0.698282
-0.746779
-0.808796
-0.755357
-0.761905
-0.661500
-0.723052
-0.669802
-0.707032
-0.670853
-0.622631
-0.649520
-0.611521
-0.602190
-0.515024
-0.516618
-0.533048
-0.519943
-0.455474
-0.495597
-0.454551
-0.459259
-0.461328
-0.484846
-0.384065
-0.382469
-0.485246
-0.494635
-0.378008
-0.306619
-0.381043
-0.346334
-0.333288
-0.288743
-0.336737
-0.286181
-0.251772
-0.239522
-0.285750
-0.288140
-0.383499
-0.160736
-0.236734
-0.227408
-0.239797
-0.205080
-0.255308
-0.145894
-0.131325
-0.082145
-0.226367
-0.086995
0.015854
-0.044352
-0.150888
-0.055517
-0.014713
-0.033296
-0.056592
-0.012498
0.006899
-0.004005
-0.002255
-0.005042
-0.023300
0.007540
0.076613
0.087884
0.071241
0.089894
0.165466
0.155460
0.073604
0.113678
0.186206
0.287521
0.180443
0.139722
0.188195
0.268976
0.189363
0.247716
0.191490
0.220469
0.254744
0.347878
0.312000
0.243212
0.254437
0.342377
0.338429
0.339662
0.359709
0.434382
0.348916
0.306429
0.386179
0.421834
0.437493
0.347118
0.376060
0.395503
0.407777
0.404025
0.406498
0.416309
0.391297
0.448705
0.354511
0.456557
0.507508
0.477990
0.451573
0.422596
0.460900
0.489139
0.433041
0.548972
0.516428
0.441448
0.507881
0.560100
0.500042
0.429980
0.412764
0.525288
0.496103
0.471558
0.385797
0.465724
0.380516
0.350416
0.365608
0.469473
0.367873
0.326103
0.361716
0.352305
0.379322
0.308408
0.334867
0.343333
0.300419
0.289786
0.355430
0.289013
0.218333
0.164176
0.256098
0.223359
0.191797
0.156126
0.229789
0.244074
0.223228
0.164680
0.180415
0.192330
0.116581
0.045220
0.193979
0.131300
0.019286
0.013274
0.084390
0.059635
0.048107
0.005603
-0.063289
-0.031395
-0.008842
-0.000702
-0.084476
-0.096346
-0.104241
-0.015360
-0.096969
-0.091807
-0.157707
-0.043777
-0.123904
-0.120934
-0.156651
-0.026819
-0.114142
-0.230409
-0.203034
-0.091160
-0.101157
-0.123413
-0.273845
-0.187028
-0.149747
-0.134772
-0.257985
-0.243633
-0.187031
-0.170698
-0.215793
-0.248225
-0.194928
-0.296655
-0.239360
-0.249556
-0.255752
-0.306310
-0.233854
-0.296538
-0.404115
-0.369096
-0.300296
-0.319042
-0.438986
-0.451280
-0.344159
-0.347813
-0.343237
-0.493598
-0.361396
-0.340390
-0.372462
-0.468261
-0.409834
-0.448935
-0.446367
-0.538289
-0.589446
-0.486453
-0.458193
-0.600786
-0.552035
-0.588661
-0.520153
-0.566710
-0.540692
-0.574714
-0.535766
-0.477410
-0.643927
-0.549528
-0.499181
-0.514490
-0.638686
-0.613170
-0.575499
-0.553037
-0.581207
-0.676042
-0.629490
-0.662762
-0.609500
-0.628456
-0.631553
-0.709838
-0.585906
-0.584865
-0.647095
-0.565823
-0.565439
-0.648463
-0.664823
-0.595112
-0.494075
-0.688505
-0.771637
-0.834195
-0.686760
-0.755001
-0.785206
-0.725324
-0.891507
-0.770099
-0.693958
-0.655653
-0.782227
-0.712812
-0.695511
-0.650950
-0.641225
-0.579721
-0.670224
-0.672885
-0.803760
-0.799091
-0.628835
-0.660281
-0.796725
-0.796468
-0.692825
-0.698410
-0.669337
-0.650903
-0.564762
-0.603906
-0.600721
-0.643389
-0.598034
-0.448822
-0.599706
-0.703805
-0.786484
-0.677569
-0.612866
-0.697275
-0.831111
-0.701012
-0.670767
-0.701304
-0.621731
-0.584711
-0.641756
-0.651529
-0.534005
-0.487489
-0.541470
-0.556428
-0.583756
-0.660543
-0.644484
-0.533018
-0.606825
-0.672547
-0.677779
-0.529134
-0.620576
-0.584266
-0.529456
-0.565851
-0.524140
-0.592023
-0.541692
-0.527387
-0.471516
-0.557563
-0.672189
-0.591701
-0.558916
-0.539600
-0.631335
-0.598396
-0.567399
-0.531186
-0.616943
-0.511777
-0.438177
-0.446196
-0.573981
-0.440234
-0.432752
-0.375401
-0.485292
-0.468696
-0.451833
-0.415725
-0.424554
-0.476184
-0.433389
-0.489838
-0.402607
-0.515676
-0.426910
-0.429358
-0.396318
-0.441764
-0.411472
-0.391237
-0.393037
-0.370952
-0.393003
-0.335054
-0.382904
-0.383560
-0.333518
-0.346819
-0.366191
-0.411631
-0.307360
-0.332935
-0.346270
-0.331127
-0.277562
-0.387055
-0.330487
-0.215792
-0.245630
-0.342475
-0.354843
-0.245591
-0.270205
-0.244193
-0.294934
-0.272162
-0.259058
-0.283538
-0.330309
-0.308869
-0.265432
-0.240772
-0.319817
-0.242241
-0.257196
-0.216950
-0.325376
-0.257673
-0.252966
-0.194794
-0.235071
-0.264007
-0.252420
-0.233243
-0.202381
-0.278103
-0.243125
-0.286480
-0.209538
-0.192447
-0.237901
-0.217401
-0.240633
-0.202042
-0.267362
-0.178408
-0.182202
-0.232377
-0.199035
-0.201603
-0.172221
-0.241076
-0.192851
-0.236896
-0.121625
-0.210684
-0.205649
-0.247079
-0.145575
-0.186017
-0.263979
-0.219918
-0.196406
-0.166762
-0.141040
-0.248615
-0.242738
-0.187863
-0.234227
-0.219341
-0.206880
-0.205274
-0.242160
-0.269483
-0.225143
-0.122374
-0.236384
-0.346953
-0.332552
-0.170111
-0.130642
-0.236906
-0.324635
-0.332208
-0.327886
-0.228621
-0.174107
-0.276281
-0.319555
-0.308929
-0.277935
-0.247901
-0.210400
-0.268427
-0.362748
-0.361611
-0.293897
-0.141023
-0.241297
-0.341180
-0.402050
-0.237375
-0.283549
-0.183334
-0.300716
-0.306479
-0.335674
-0.223388
-0.295903
-0.246133
-0.240384
-0.379326
-0.346729
-0.212998
-0.159906
-0.303312
-0.327521
-0.344882
-0.265760
-0.221565
-0.222348
-0.338134
-0.471222
-0.263237
-0.256355
-0.290108
-0.281894
-0.310138
-0.384248
-0.354759
-0.284150
-0.250154
-0.266322
-0.403812
-0.473274
-0.322023
-0.178692
-0.323270
-0.529763
-0.429966
-0.349552
-0.319906
-0.342545
-0.386394
-0.379228
-0.407067
-0.384719
-0.358635
-0.289297
-0.320614
-0.391791
-0.386472
-0.358892
-0.263265
-0.276148
-0.378328
-0.448359
-0.302797
-0.287110
-0.307117
-0.478861
-0.390958
-0.300060
-0.319166
-0.398622
-0.346188
-0.263882
-0.356187
-0.396889
-0.373476
-0.214573
-0.376038
-0.427189
-0.441091
-0.218512
-0.305522
-0.396866
-0.375407
-0.290114
-0.318172
-0.293872
-0.370413
-0.351381
-0.288629
-0.274848
-0.300859
-0.368178
-0.344888
-0.252902
-0.280897
-0.440102
-0.374539
-0.292201
-0.296550
-0.419104
-0.347143
-0.296682
-0.263182
-0.390052
-0.433434
-0.333124
-0.243600
-0.344601
-0.406703
-0.315165
-0.381020
-0.403069
-0.447535
-0.431104
-0.471401
-0.394078
-0.445124
-0.522463
-0.457385
-0.380495
-0.373286
-0.427175
-0.422678
-0.374409
-0.348989
-0.509396
-0.471227
-0.398655
-0.374753
-0.547845
-0.509285
-0.526645
-0.423377
-0.480416
-0.576142
-0.503790
-0.462558
-0.374828
-0.491628
-0.429863
-0.429027
-0.306217
-0.400685
-0.526590
-0.363241
-0.378985
-0.392702
-0.499472
-0.451189
-0.386420
-0.462837
-0.573075
-0.554487
-0.403754
-0.473221
-0.489660
-0.487658
-0.416077
-0.452202
-0.430923
-0.380782
-0.376148
-0.412910
-0.383418
-0.434408
-0.464217
-0.367190
-0.333363
-0.448246
-0.598357
-0.452989
-0.371792
-0.343026
-0.537958
-0.417392
-0.299685
-0.301933
-0.398216
-0.437349
-0.324934
-0.363096
-0.431227
-0.474764
-0.316473
-0.368201
-0.476325
-0.504694
-0.318632
-0.396380
-0.431748
-0.357873
-0.406991
-0.279730
-0.290035
-0.378321
-0.427025
-0.292072
-0.334211
-0.388389
-0.330006
-0.391087
-0.392117
-0.305177
-0.378467
-0.432890
-0.405242
-0.390643
-0.375965
-0.387548
-0.423100
-0.368695
-0.403763
-0.381525
-0.441527
-0.331013
-0.417801
-0.526923
-0.393990
-0.359346
-0.370117
-0.487609
-0.485464
-0.457953
-0.343028
-0.347567
-0.463793
-0.512826
-0.367022
-0.279505
-0.352706
-0.370643
-0.342019
-0.385048
-0.484521
-0.377575
-0.290851
-0.278071
-0.498259
-0.496808
-0.325848
-0.368647
-0.353791
-0.415766
-0.414116
-0.332033
-0.341946
-0.370747
-0.371583
-0.365416
-0.347527
-0.380789
-0.384020
-0.335815
-0.326670
-0.318035
-0.373458
-0.339571
-0.289824
-0.306380
-0.350396
-0.352527
-0.288733
-0.195367
-0.335650
-0.363604
-0.283256
-0.217332
-0.257649
-0.280077
-0.237288
-0.166983
-0.270870
-0.230775
-0.188637
-0.163609
-0.212621
-0.175048
-0.114610
-0.216418
-0.115146
-0.169456
-0.042575
-0.199363
-0.090115
-0.097576
-0.066054
-0.105573
-0.064201
-0.031594
-0.162217
-0.092128
-0.000123
0.084367
-0.042949
-0.045737
0.000581
0.043970
0.009735
-0.060309
0.008309
0.080376
-0.040968
0.020887
0.022425
0.080751
0.005570
0.091843
0.017685
0.072997
0.090643
0.130550
0.162273
0.161490
0.156887
0.143557
0.127135
0.142748
0.138909
0.266491
0.184708
0.184936
0.123230
0.213842
0.272624
0.244721
0.251808
0.274535
0.308698
0.249954
0.312864
0.346980
0.271764
0.411578
0.292510
0.361850
0.326522
0.493159
0.351802
0.444915
0.412490
0.446750
0.485232
0.412404
0.557996
0.509609
0.566103
0.490031
0.597985
0.553711
0.545330
0.639518
0.577485
0.631626
0.624774
0.660014
0.630431
0.614333
0.657148
0.637629
0.711441
0.614589
0.642829
0.672325
0.653974
0.649190
0.685092
0.671279
0.640747
0.696721
0.677075
0.655271
0.670260
0.727496
0.754906
0.742637
0.765523
0.694826
0.801939
0.777232
0.840231
0.804781
0.818824
0.781196
0.821349
0.826996
0.846509
0.919103
0.873995
0.826061
0.760040
0.908828
0.927910
0.979792
0.903684
0.836413
0.952590
0.929618
0.982865
0.893362
0.981023
0.857103
0.953873
1.005869
1.010840
0.957273
0.886656
0.971985
1.012885
0.954284
0.951278
0.998727
0.948254
0.930341
0.920624
1.036987
0.924998
0.970368
0.962107
1.013933
0.884623
0.963178
0.978378
0.938063
0.919598
0.860737
1.037786
0.905757
0.938189
0.880512
0.868739
0.872216
0.924153
0.923017
0.838565
0.825688
0.768547
0.915772
0.843785
0.861107
0.789745
0.824003
0.789130
0.825865
0.838339
0.817214
0.760780
0.663042
0.757813
0.781760
0.797334
0.700881
0.713132
0.697097
0.751428
0.705083
0.739007
0.666715
0.708475
0.683002
0.641682
0.661682
0.737696
0.633837
0.544941
0.660450
0.669953
0.657939
0.536152
0.546290
0.511440
0.541206
0.569041
0.475604
0.506112
0.430108
0.499486
0.387260
0.416591
0.402978
0.346589
0.275235
0.343739
0.333725
0.336440
0.225440
0.291756
0.213674
0.244140
0.238562
0.268343
0.184821
0.151247
0.110274
0.146245
0.113150
0.026517
0.016130
-0.030802
-0.041918
-0.043843
-0.126212
-0.147562
-0.242909
-0.261112
-0.265951
-0.158700
-0.292106
-0.358350
-0.384529
-0.454816
-0.337122
-0.398294
-0.439546
-0.499685
-0.525432
-0.598143
-0.591152
-0.606786
-0.594988
-0.654285
-0.655579
-0.679403
-0.705245
-0.772750
-0.729718
-0.717716
-0.708201
-0.725525
-0.837715
-0.810696
-0.801261
-0.820872
-0.840778
-0.818411
-0.805768
-0.899061
-0.815431
-0.825838
-0.868952
-0.859794
-0.741595
-0.716977
-0.846879
-0.842836
-0.759028
-0.748621
-0.724999
-0.734937
-0.754668
-0.701127
-0.734154
-0.690669
-0.622570
-0.621553
-0.627128
-0.606247
-0.544280
-0.488400
-0.441862
-0.559226
-0.444415
-0.539482
-0.453016
-0.448938
-0.444593
-0.397988
-0.516561
-0.441797
-0.369021
-0.342594
-0.369460
-0.333134
-0.297271
-0.261651
-0.266567
-0.118666
-0.189434
-0.153301
-0.229166
-0.027715
-0.054221
-0.131213
-0.127168
-0.049005
-0.077926
-0.135935
-0.139337
-0.013431
-0.014050
-0.089289
-0.003326
0.023310
0.032662
-0.039924
0.037901
0.097613
0.109510
0.020522
0.120304
0.171211
0.102764
0.076331
0.175879
0.182188
0.200610
0.188002
0.278908
0.182229
0.191831
0.237807
0.270273
0.346301
0.274957
0.257519
0.328792
0.371443
0.295342
0.333803
0.280547
0.321794
0.332249
0.366041
0.315480
0.384832
0.312703
0.408160
0.462806
0.404827
0.393866
0.408113
0.404576
0.426319
0.393069
0.419714
0.395331
0.323171
0.333258
0.452931
0.363675
0.299730
0.320614
0.464203
0.405717
0.398212
0.446689
0.467608
0.443661
0.447699
0.530599
0.523768
0.484520
0.444371
0.478735
0.514662
0.425447
0.379578
0.317445
0.489341
0.377804
0.350661
0.414371
0.338950
0.288151
0.394261
0.354733
0.295758
0.313151
0.286701
0.319539
0.312391
0.258888
0.263696
0.266843
0.222735
0.177848
0.229944
0.144508
0.110989
0.106261
0.094872
0.094668
0.062948
0.018302
-0.081743
-0.162709
-0.083970
-0.112788
-0.088415
-0.194433
-0.190614
-0.221580
-0.227614
-0.266663
-0.219150
-0.324996
-0.343580
-0.344997
-0.374142
-0.442165
-0.412688
-0.466250
-0.523667
-0.623060
-0.596031
-0.635594
-0.654206
-0.644508
-0.715986
-0.898689
-0.768393
-0.869246
-0.858624
-0.913370
-0.930983
-0.934065
-0.998155
-0.952781
-0.977698
-1.098112
-1.090382
-1.118963
-1.092202
-1.190788
-1.167784
-1.180528
-1.313120
-1.391591
-1.337373
-1.305719
-1.432328
-1.426317
-1.512102
-1.565469
-1.580263
-1.479714
-1.584818
-1.753494
-1.784796
-1.773224
-1.664370
-1.729445
-1.885500
-1.917258
-1.981486
-2.027429
-1.881668
-1.882252
-2.039549
-2.169403
-2.079699
-2.035372
-2.055634
-2.185772
-2.162664
-2.298559
-2.379580
-2.344379
-2.222177
-2.357305
-2.668507
-2.612171
-2.524702
-2.594820
-2.635862
-2.806219
-2.801057
-2.958568
-2.912805
-2.969444
-2.879076
-3.141642
-3.203207
-3.239479
-3.202051
-3.263834
-3.363619
-3.407663
-3.549439
-3.550536
-3.662815
-3.609589
-3.726064
-3.836608
-3.916123
-3.907326
-3.916225
-3.974529
-4.074390
-4.141104
-4.224193
-4.273434
-4.358718
-4.439598
-4.411893
-4.639733
-4.693978
-4.716764
-4.765834
-4.972571
-4.934126
-5.051015
-5.134751
-5.234494
-5.249450
-5.319615
-5.475466
-5.578415
-5.625790
-5.702432
-5.839923
-5.880225
-5.929231
-6.106320
-6.200089
-6.320558
-6.320153
-6.504961
-6.554166
-6.682091
-6.711692
-6.883555
-7.031973
-7.040393
-7.124119
-7.345475
-7.361641
-7.536698
-7.672501
-7.895986
-8.001624
-8.046601
-8.266105
-8.516030
-8.640459
-8.801758
-8.954576
-9.209653
-9.318459
-9.471146
-9.647192
-9.931265
-10.038337
-10.132168
-10.268452
-10.440517
-10.607925
-10.747256
-10.858440
-11.054288
-11.159657
-11.331530
-11.385736
-11.578822
-11.693961
-11.871521
-12.026343
-12.255375
-12.329265
-12.434517
-12.579604
-12.675376
-12.897839
-13.007374
-13.101175
-13.154728
-13.299938
-13.471311
-13.574612
-13.710637
-13.887898
-13.948770
-14.049298
-14.281446
-14.462348
-14.608363
-14.705083
-14.801487
-14.893905
-15.144190
-15.212268
-15.385626
-15.478689
-15.647184
-15.718067
-15.888092
-16.060717
-16.286131
-16.363352
-16.295603
-16.630781
-16.770113
-17.058311
-17.076982
-17.209227
-17.287285
-17.395735
-17.638603
-17.825989
-17.828058
-17.921484
-18.060539
-18.233517
-18.326645
-18.393167
-18.475418
-18.551241
-18.681583
-18.778326
-18.920763
-18.994997
-19.084301
-19.124014
-19.210253
-19.412580
-19.555532
-19.662188
-19.754589
-19.939459
-20.045977
-20.307182
-20.474428
-20.705648
-20.876900
-21.156778
-21.353069
-21.505398
-21.713009
-21.944239
-22.039236
-22.240911
-22.348347
-22.477678
-22.550644
-22.748629
-22.940012
-23.085135
-23.241524
-23.294434
-23.469553
-23.693562
-23.963196
-24.174145
-24.213390
-24.394951
-24.579960
-24.903652
-24.947136
-25.117176
-25.326492
-25.554119
-25.692673
-25.948847
-26.119078
-26.224138
-26.349714
-26.549747
-26.711891
-26.869188
-27.140894
-27.257978
-27.360243
-27.504883
-27.784267
-27.872656
-28.121754
-28.323147
-28.459835
-28.587429
-28.714865
-28.972477
-29.071817
-29.141479
-29.361401
-29.563648
-29.715275
-29.937607
-29.969265
-30.077995
-30.263069
-30.508091
-30.682163
-30.754688
-30.976109
-31.145437
-31.304533
-31.475544
-31.632097
-31.701143
-31.768969
-31.914618
-32.117001
-32.274319
-32.379650
-32.496262
-32.558571
-32.704483
-32.831539
-32.929806
-33.063431
-33.220222
-33.352509
-33.469040
-33.575378
-33.747410
-33.916718
-33.941635
-34.083721
-34.161186
-34.319416
-34.411129
-34.521152
-34.634777
-34.703838
-34.789761
-34.941673
-35.031929
-34.996658
-35.203079
-35.302464
-35.366909
-35.441025
-35.525257
-35.565830
-35.666565
-35.798611
-35.962666
-35.913181
-36.136223
-36.164009
-36.271587
-36.314465
-36.515903
-36.557426
-36.646156
-36.765667
-36.805485
-36.952187
-37.052479
-37.084835
-37.096264
-37.320072
-37.357864
-37.443626
-37.623123
-37.726357
-37.718765
-37.867779
-38.017075
-38.201813
-38.291367
-38.350151
-38.366341
-38.540516
-38.660149
-38.592236
-38.687149
-38.843224
-38.850986
-38.917423
-39.032017
-39.159027
-39.206017
-39.239033
-39.313614
-39.419518
-39.487179
-39.554913
-39.716927
-39.965599
-39.920620
-39.940746
-40.082909
-40.242805
-40.268883
-40.376804
-40.411339
-40.526237
-40.684044
-40.788551
-40.793190
-40.952473
-41.056458
-41.015953
-41.150787
-41.282864
-41.421734
-41.355381
-41.455345
-41.614944
-41.641949
-41.764599
-41.750301
-41.974701
-42.001591
-42.158447
-42.223454
-42.356529
-42.355442
-42.443691
-42.586063
-42.732868
-42.749355
-42.779491
-42.988091
-43.211704
-43.093582
-43.120708
-43.278397
-43.365662
-43.433887
-43.497181
-43.531769
-43.508804
-43.652191
-43.707859
-43.775181
-43.863407
-43.868740
-43.873764
-44.004230
-44.190250
-44.227608
-44.153111
-44.262634
-44.336437
-44.412445
-44.417355
-44.498260
-44.624287
-44.683643
-44.737110
-44.796249
-44.903587
-45.038055
-45.063137
-45.091244
-45.172859
-45.283535
-45.327618
-45.410885
-45.449631
-45.474773
-45.555260
-45.570351
-45.764172
-45.752537
-45.847481
-45.905041
-45.986572
-46.068565
-46.162830
-46.275826
-46.255466
-46.384663
-46.552143
-46.637512
-46.702919
-46.778194
-46.967300
-46.973919
-47.137657
-47.279072
-47.517975
-47.592941
-47.620956
-47.879536
-48.029655
-48.121315
-48.102615
-48.399300
-48.497948
-48.593143
-48.651157
-48.797276
-48.829964
-49.008076
-49.009621
-49.108150
-49.315216
-49.359165
-49.417542
-49.486877
-49.787151
-49.785004
-49.774792
-49.948872
-50.002811
-50.229954
-50.137638
-50.164089
-50.389217
-50.403660
-50.464375
-50.455730
-50.613575
-50.615318
-50.663872
-50.665726
-50.872395
-50.893829
-50.753265
-50.911213
-50.972393
-51.170677
-51.004776
-51.050991
-51.208450
-51.152809
-51.206238
-51.178642
-51.314377
-51.246872
-51.264038
-51.256775
-51.317162
-51.384266
-51.210499
-51.274254
-51.352253
-51.433140
-51.319675
-51.284790
-51.418858
-51.370205
-51.386017
-51.330433
-51.354137
-51.307827
-51.304344
-51.431999
-51.208508
-51.346161
-51.355289
-51.224724
-51.260830
-51.308647
-51.257328
-51.201546
-51.319859
-51.247932
-51.148357
-51.160385
-51.203228
-51.156311
-51.165531
-51.197224
-51.034439
-51.067127
-51.195950
-51.136311
-51.098820
-51.007641
-51.080658
-51.110668
-51.024746
-51.030907
-51.013680
-51.139191
-51.005943
-51.156929
-51.008438
-51.025074
-50.919155
-51.078270
-51.036392
-51.026066
-50.977894
-51.044266
-51.131554
-51.016430
-51.012463
-51.108654
-51.109531
-51.122089
-51.121883
-51.110176
-51.184799
-51.188755
-51.291988
-51.166080
-51.234116
-51.298512
-51.361835
-51.262680
-51.411602
-51.364517
-51.372902
-51.483177
-51.505596
-51.458656
-51.420300
-51.498383
-51.615166
-51.573730
-51.616272
-51.611080
-51.686535
-51.768024
-51.726925
-51.708035
-51.795506
-51.900520
-51.848061
-51.894958
-51.920708
-51.981129
-51.909546
-52.027702
-52.113266
-52.041798
-52.081337
-52.147945
-52.116772
-52.155029
-52.170486
-52.114731
-52.129345
-52.205170
-52.291569
-52.226910
-52.245697
-52.287209
-52.328350
-52.199135
-52.355854
-52.434799
-52.294754
-52.295723
-52.474171
-52.503941
-52.413589
-52.323257
-52.556835
-52.546215
-52.579082
-52.597797
-52.679382
-52.742382
-52.685089
-52.789608
-52.812656
-52.853092
-52.777802
-52.937721
-53.020512
-52.948147
-52.977135
-53.059639
-53.150070
-53.089031
-53.083649
-53.239635
-53.284332
-53.373928
-53.358246
-53.496220
-53.571331
-53.620979
-53.729881
-53.662037
-53.779648
-53.786617
-53.903133
-53.923950
-54.074444
-54.113457
-54.132103
-54.232582
-54.278961
-54.325195
-54.278877
-54.348595
-54.511139
-54.488964
-54.494534
-54.473625
-54.548721
-54.565369
-54.649570
-54.652931
-54.593811
-54.770233
-54.736744
-54.837051
-54.814964
-54.921833
-54.886120
-54.930565
-55.001987
-54.952641
-55.102646
-55.176853
-55.186329
-55.144943
-55.329655
-55.307388
-55.272690
-55.315140
-55.446613
-55.383274
-55.363213
-55.472103
-55.566895
-55.471592
-55.515198
-55.572041
-55.610168
-55.520851
-55.712349
-55.767326
-55.655033
-55.785141
-55.896866
-55.813511
-55.813381
-55.863670
-55.920101
-55.955807
-55.975601
-56.013340
-55.937443
-55.994740
-56.087566
-56.091560
-55.940975
-56.008003
-56.112682
-56.149284
-56.141239
-55.979546
-56.025253
-56.167561
-56.089752
-56.070072
-56.072239
-56.110352
-56.094849
-56.113007
-56.194160
-56.199482
-56.046806
-56.177910
-56.285984
-56.246986
-56.078533
-56.389874
-56.342190
-56.235443
-56.263725
-56.378098
-56.319408
-56.226082
-56.450115
-56.391796
-56.255318
-56.320518
-56.524891
-56.431080
-56.422386
-56.406292
-56.488297
-56.608150
-56.592731
-56.492302
-56.609154
-56.606483
-56.652164
-56.747372
-56.577957
-56.610054
-56.755936
-56.778610
-56.667122
-56.733238
-56.868111
-56.788048
-56.791046
-56.954521
-56.815781
-56.927872
-56.964458
-57.018291
-56.963379
-56.996067
-57.124546
-57.026730
-57.050373
-57.003765
-57.159084
-57.156483
-57.061661
-57.126846
-57.190197
-57.150600
-57.233540
-57.300980
-57.270355
-57.292274
-57.402977
-57.338577
-57.270489
-57.431477
-57.474419
-57.443981
-57.429821
-57.468994
-57.503487
-57.466007
-57.518814
-57.536957
-57.630451
-57.564533
-57.602177
-57.689384
-57.692497
-57.722446
-57.675579
-57.862835
-57.821884
-57.795269
-57.743031
-57.875675
-57.976826
-57.895340
-57.960018
-57.952717
-57.949543
-57.991482
-58.033070
-58.111874
-58.013439
-58.157436
-58.055252
-58.180626
-58.338623
-58.215885
-58.271450
-58.269840
-58.524307
-58.344215
-58.392406
-58.488586
-58.615677
-58.562420
-58.653889
-58.776115
-58.610607
-58.734566
-58.738209
-58.882290
-58.841499
-58.775539
-58.955147
-58.968987
-59.006519
-58.855377
-59.019592
-58.985062
-58.983410
-58.983242
-59.088223
-59.192291
-59.044460
-59.052547
-59.147839
-59.063686
-59.184826
-59.204586
-59.244087
-59.156845
-59.331184
-59.363934
-59.205894
-59.237846
-59.445469
-59.451939
-59.280617
-59.570129
-59.610699
-59.390694
-59.555481
-59.747585
-59.646500
-59.584469
-59.701721
-59.723358
-59.726650
-59.691406
-59.795147
-59.719925
-59.738232
-59.761543
-59.776237
-59.826603
-59.660477
-59.799534
-59.880215
-59.883926
-59.868103
-59.912144
-59.957321
-60.112633
-60.034149
-60.016819
-60.130943
-60.206280
-60.089512
-60.139023
-60.291275
-60.286755
-60.208912
-60.179779
-60.348846
-60.341362
-60.255283
-60.324726
-60.367210
-60.363987
-60.277130
-60.387100
-60.440090
-60.362492
-60.401905
-60.417870
-60.379242
-60.282677
-60.397858
-60.319691
-60.332722
-60.328564
-60.230762
-60.246235
-60.221924
-60.203091
-60.158970
-60.141708
-60.160137
-60.044476
-60.038403
-59.962967
-60.162430
-60.003105
-59.856033
-59.921505
-59.933956
-59.844311
-59.775021
-59.849342
-59.659203
-59.678436
-59.628845
-59.570782
-59.506413
-59.588535
-59.312538
-59.295742
-59.325779
-59.323280
-59.101688
-59.196365
-59.184547
-58.912121
-58.805363
-58.942017
-58.945293
-58.638355
-58.673435
-58.623981
-58.535091
-58.389320
-58.384121
-58.550129
-58.288342
-58.212620
-58.161438
-58.135822
-58.102711
-57.912136
-57.882053
-57.720978
-57.657818
-57.640560
-57.546291
-57.351902
-57.177555
-57.389767
-57.223820
-57.112366
-57.054504
-57.182415
-56.923058
-56.876690
-56.941734
-56.846336
-56.766109
-56.579170
-56.655064
-56.508343
-56.401112
-56.407600
-56.294407
-56.210712
-56.011768
-56.062458
-56.021744
-55.954956
-55.966537
-55.724377
-55.791840
-55.753281
-55.709633
-55.546822
-55.601208
-55.492306
-55.373356
-55.332912
-55.273067
-55.293324
-55.065651
-55.045277
-55.075336
-54.860085
-54.829102
-54.795517
-54.769241
-54.665092
-54.636463
-54.513077
-54.501167
-54.483803
-54.339222
-54.248993
-54.273411
-54.219711
-54.142815
-54.057037
-54.190006
-53.927319
-53.921242
-53.765945
-53.846275
-53.828671
-53.755367
-53.814537
-53.766678
-53.617207
-53.607925
-53.658485
-53.680904
-53.411629
-53.596298
-53.577724
-53.567696
-53.421486
-53.416729
-53.413975
-53.454288
-53.344418
-53.396904
-53.388954
-53.418072
-53.366459
-53.363976
-53.347843
-53.298038
-53.422585
-53.458164
-53.418743
-53.261013
-53.403553
-53.461132
-53.344242
-53.333363
-53.367855
-53.404301
-53.468819
-53.466389
-53.419380
-53.495258
-53.428921
-53.515350
-53.499939
-53.641727
-53.542782
-53.494854
-53.561100
-53.634205
-53.706898
-53.650185
-53.608421
-53.699738
-53.779282
-53.770550
-53.722366
-53.860317
-53.842983
-53.681900
-53.941883
-53.986336
-53.872475
-53.824192
-54.019028
-54.085979
-53.904018
-53.969170
-54.075649
-54.047474
-53.951256
-53.998505
-54.149071
-54.198006
-54.168167
-54.173069
-54.197712
-54.173683
-54.218079
-54.259140
-54.354881
-54.402847
-54.326797
-54.306599
-54.421547
-54.442554
-54.317051
-54.411613
-54.334820
-54.409847
-54.500420
-54.382900
-54.398533
-54.402966
-54.433002
-54.414471
-54.379993
-54.289860
-54.365391
-54.490265
-54.429298
-54.312981
-54.294651
-54.322441
-54.232563
-54.206669
-54.320366
-54.274921
-54.294262
-54.121540
-54.277390
-54.155197
-54.085575
-54.128994
-54.114670
-54.027836
-54.009930
-54.191696
-53.972996
-53.916988
-53.937641
-53.853241
-53.851631
-53.743423
-53.910500
-53.627094
-53.797989
-53.692013
-53.636028
-53.626759
-53.585365
-53.575592
-53.534370
-53.507191
-53.442261
-53.319695
-53.436794
-53.419662
-53.293709
-53.207657
-53.203777
-53.125191
-53.098789
-53.154739
-53.021179
-52.956219
-53.002644
-52.949898
-52.855461
-52.743263
-52.806004
-52.745224
-52.749329
-52.647938
-52.480000
-52.599083
-52.591366
-52.446392
-52.265522
-52.322578
-52.410965
-52.173351
-52.112835
-52.133247
-52.215225
-52.005608
-51.889671
-52.000839
-52.017250
-51.927868
-51.772564
-51.801292
-51.770679
-51.680439
-51.572998
-51.668732
-51.646244
-51.526508
-51.345478
-51.385689
-51.349800
-51.393223
-51.255348
-51.201176
-51.195324
-51.186218
-51.069439
-50.953800
-50.921524
-51.063110
-50.911640
-50.786175
-50.806709
-50.766369
-50.705593
-50.619484
-50.677265
-50.621971
-50.500427
-50.403458
-50.484104
-50.568024
-50.394363
-50.357128
-50.304657
-50.270702
-50.230606
-50.266243
-50.207905
-50.118923
-50.135891
-50.156387
-50.033485
-50.051403
-49.953590
-49.930641
-49.823753
-50.001850
-49.772762
-49.709164
-49.711605
-49.794300
-49.617340
-49.598270
-49.621487
-49.560463
-49.520275
-49.456390
-49.480053
-49.371059
-49.304157
-49.223354
-49.290222
-49.285725
-49.117874
-49.066280
-49.056641
-48.979630
-49.010258
-48.941959
-48.958134
-48.766655
-48.812603
-48.748230
-48.723236
-48.716866
-48.634571
-48.576332
-48.537918
-48.607948
-48.513359
-48.431572
-48.513771
-48.390911
-48.339062
-48.430180
-48.357536
-48.355675
-48.269894
-48.372524
-48.297653
-48.311123
-48.259415
-48.296585
-48.327801
-48.186657
-48.297588
-48.212139
-48.281918
-48.206066
-48.238964
-48.288460
-48.261539
-48.173393
-48.301399
-48.332172
-48.331409
-48.364338
-48.262970
-48.327644
-48.379131
-48.450966
-48.391338
-48.404434
-48.420742
-48.458038
-48.551731
-48.535721
-48.520229
-48.652615
-48.611973
-48.608608
-48.694954
-48.761253
-48.676346
-48.730427
-48.811268
-48.951485
-48.883728
-48.886921
-48.771687
-48.971554
-48.921093
-49.000565
-48.998585
-49.050964
-48.969028
-49.006344
-49.026363
-49.018547
-49.059399
-48.995903
-49.037415
-49.093555
-49.174328
-49.087765
-49.002048
-49.020374
-49.132786
-49.264210
-49.088608
-49.075077
-49.176273
-49.102734
-49.023548
-49.054817
-49.141949
-48.934975
-49.018887
-49.027489
-48.983719
-48.915539
-48.919258
-48.820278
-48.797398
-48.798206
-48.774696
-48.676834
-48.651878
-48.553959
-48.558907
-48.564785
-48.435257
-48.341648
-48.286190
-48.297203
-48.180161
-48.106243
-48.121899
-47.945953
-47.864811
-47.797359
-47.781036
-47.703518
-47.608250
-47.514412
-47.393810
-47.413761
-47.275173
-47.141006
-47.053703
-47.112419
-46.965557
-46.758541
-46.744572
-46.727619
-46.508194
-46.492702
-46.439060
-46.323963
-46.205803
-46.093670
-46.000435
-45.915630
-45.990807
-45.817360
-45.683083
-45.621830
-45.673878
-45.419006
-45.339020
-45.392986
-45.196590
-45.119621
-45.077179
-45.136383
-44.845306
-44.731110
-44.712723
-44.802856
-44.540611
-44.419910
-44.448505
-44.409157
-44.243362
-44.265572
-44.168980
-43.936134
-43.899075
-43.907829
-43.867226
-43.777576
-43.705711
-43.643150
-43.496117
-43.453568
-43.499233
-43.416584
-43.353203
-43.294640
-43.273003
-43.113499
-43.191250
-43.162445
-43.118298
-42.900497
-43.099133
-42.991470
-42.921806
-42.836220
-42.867851
-42.903141
-42.835728
-42.879124
-42.773159
-42.768845
-42.732094
-42.785980
-42.675575
-42.742126
-42.734821
-42.700989
-42.643562
-42.744545
-42.647953
-42.634853
-42.728214
-42.581322
-42.669495
-42.632702
-42.689129
-42.729961
-42.733559
-42.580009
-42.556450
-42.821121
-42.719086
-42.778759
-42.710178
-42.845844
-42.723618
-42.762756
-42.702164
-42.799057
-42.942158
-42.698284
-42.740444
-42.922363
-42.892490
-42.789303
-42.790276
-42.916252
-42.822697
-42.918049
-42.826958
-42.870678
-43.006397
-42.881004
-42.831444
-42.998734
-43.039516
-42.837864
-42.860065
-42.970200
-42.827957
-43.005318
-42.920452
-42.879772
-42.797531
-42.893665
-42.796856
-42.804676
-42.768539
-42.734577
-42.700485
-42.694401
-42.643391
-42.653244
-42.542728
-42.504700
-42.498165
-42.425121
-42.453110
-42.483063
-42.384933
-42.270828
-42.305191
-42.307167
-42.347874
-42.063728
-42.007214
-42.037746
-42.052517
-41.947063
-41.916061
-41.866192
-41.701885
-41.759918
-41.821209
-41.653103
-41.581879
-41.517982
-41.720898
-41.635540
-41.414127
-41.349159
-41.425117
-41.412395
-41.175186
-41.157715
-41.225567
-41.162888
-41.020893
-40.915844
-41.001637
-40.918587
-40.844940
-40.828884
-40.850147
-40.810509
-40.732643
-40.637432
-40.661068
-40.740856
-40.582745
-40.478874
-40.581619
-40.676540
-40.512241
-40.422108
-40.419273
-40.384861
-40.374393
-40.474037
-40.300766
-40.313232
-40.275730
-40.242146
-40.202530
-40.232887
-40.065323
-40.151775
-40.200150
-39.988003
-39.931789
-40.062313
-39.947227
-39.827377
-39.836063
-39.920483
-39.885242
-39.752567
-39.610729
-39.854980
-39.780342
-39.752068
-39.705513
-39.724194
-39.570240
-39.779369
-39.807209
-39.726433
-39.571739
-39.580524
-39.648911
-39.607704
-39.610157
-39.516167
-39.585339
-39.511986
-39.528736
-39.494934
-39.426693
-39.553116
-39.372726
-39.406261
-39.454845
-39.462265
-39.293404
-39.321831
-39.503574
-39.290142
-39.383904
-39.407787
-39.412838
-39.271553
-39.208435
-39.424278
-39.299957
-39.227558
-39.177132
-39.461140
-39.334984
-39.220680
-39.096489
-39.212261
-39.344505
-39.204006
-39.290527
-39.105797
-39.215183
-39.222031
-39.193119
-39.098232
-39.196445
-39.227928
-39.073143
-39.254295
-39.190472
-39.108376
-39.080509
-39.090282
-39.222927
-39.224777
-39.107765
-38.951439
-39.125839
-39.218132
-39.061199
-39.087761
-39.129139
-39.147526
-39.048084
-39.058956
-39.137802
-39.079655
-39.061466
-39.010048
-39.083633
-39.135349
-39.114098
-38.836914
-39.102398
-39.285175
-39.106842
-38.790485
-39.119320
-39.167484
-39.067242
-38.952946
-39.091141
-39.121387
-39.046154
-39.012012
-39.071697
-39.133320
-38.987854
-39.019215
-39.126202
-39.151871
-38.950771
-39.040161
-39.164162
-39.195553
-39.059147
-39.036697
-39.148323
-39.170204
-39.021614
-39.122108
-39.158787
-39.282631
-39.157162
-39.078667
-39.112705
-39.103306
-39.225803
-39.137608
-39.175224
-39.136391
-39.281551
-39.211536
-39.237999
-39.255253
-39.164360
-39.184788
-39.256283
-39.397907
-39.207230
-39.276913
-39.212200
-39.268223
-39.238125
-39.299820
-39.228218
-39.278446
-39.295670
-39.102749
-39.298252
-39.357769
-39.367893
-39.075787
-39.252060
-39.407066
-39.360188
-39.212608
-39.272537
-39.340004
-39.303890
-39.186058
-39.221474
-39.211380
-39.214317
-39.154385
-39.225750
-39.311741
-39.150772
-39.116444
-39.175446
-39.155563
-39.188812
-39.205212
-39.074013
-38.985229
-39.104683
-39.137527
-39.042515
-38.986977
-38.851433
-38.900303
-39.068604
-38.913891
-38.688999
-38.770618
-38.882668
-38.807713
-38.734646
-38.719574
-38.680534
-38.655022
-38.672558
-38.575130
-38.549461
-38.481232
-38.462711
-38.294884
-38.306519
-38.429638
-38.176579
-38.149128
-38.034264
-38.142048
-37.810196
-37.967777
-37.858772
-37.686398
-37.720581
-37.534927
-37.697048
-37.463860
-37.588947
-37.303577
-37.387493
-37.322075
-37.191780
-37.185379
-37.281364
-37.259674
-36.885464
-37.042770
-37.059353
-36.981449
-36.800446
-36.768875
-36.870735
-36.782127
-36.766850
-36.540459
-36.684963
-36.706982
-36.497925
-36.265774
-36.394192
-36.536793
-36.261009
-36.301247
-36.369587
-36.364956
-36.090931
-35.942219
-36.198608
-36.125858
-35.891056
-35.815678
-36.005302
-35.999977
-35.689983
-35.760651
-35.676739
-35.563660
-35.446671
-35.554256
-35.503521
-35.538887
-35.381828
-35.192783
-35.444267
-35.291962
-35.192970
-35.147892
-35.230492
-35.178947
-35.263004
-35.355869
-35.216087
-35.161499
-35.099609
-35.321182
-35.299763
-35.263042
-35.408348
-35.474159
-35.386200
-35.538239
-35.512608
-35.716614
-35.673904
-35.685966
-35.735325
-36.001205
-36.078796
-35.971962
-36.251709
-36.202122
-36.248734
-36.313469
-36.489529
-36.525620
-36.462006
-36.656948
-36.693367
-36.773075
-36.930531
-36.835880
-36.710667
-36.854458
-36.969669
-36.724232
-36.865288
-36.669956
-36.574322
-36.594894
-36.643497
-36.508419
-36.357418
-36.223576
-36.145065
-36.182053
-36.208263
-36.081329
-35.717861
-35.831711
-35.785965
-35.784176
-35.557682
-35.550739
-35.354481
-35.213226
-35.316986
-35.305923
-35.294811
-35.102757
-35.282234
-35.237049
-35.390598
-35.582912
-35.627808
-35.807266
-36.123199
-36.181156
-36.192917
-36.488319
-36.602806
-36.531258
-36.852112
-36.905190
-36.830948
-36.755867
-36.580906
-36.233517
-36.068859
-36.316486
-36.184906
-36.005260
-35.891953
-35.868877
-35.816769
-36.032883
-36.157612
-36.061028
-36.064713
-36.087357
-36.088783
-36.062874
-35.845535
-35.670940
-35.447025
-35.388760
-35.163067
-35.105499
-35.057281
-34.797886
-34.698570
-34.425922
-34.594322
-34.580872
-34.424793
-34.419491
-34.677002
-34.621334
-34.528259
-34.412151
-34.407810
-34.327873
-34.230106
-34.365021
-34.323486
-34.306866
-34.341743
-34.465187
-34.496307
-34.425465
-34.593231
-34.604656
-34.618130
-34.833511
-34.586826
-34.892437
-35.040974
-35.172970
-35.120792
-35.051502
-35.138828
-35.066132
-35.335651
-35.309452
-35.341915
-35.436607
-35.606136
-35.308723
-35.240509
-35.682205
-35.599834
-35.501949
-35.749607
-36.058582
-36.028633
-35.817726
-35.867535
-35.875813
-35.837360
-35.918167
-36.118172
-36.274456
-36.004753
-35.821335
-35.863548
-35.889843
-35.800594
-35.686451
-35.825546
-35.871307
-35.770855
-35.864613
-35.735229
-35.713745
-35.439484
-35.331673
-35.668316
-35.702251
-35.584423
-35.465302
-35.417854
-35.462471
-35.240219
-35.256729
-35.283840
-35.237434
-35.259624
-35.243057
-35.274406
-35.284855
-35.193169
-35.077324
-35.175648
-35.182377
-35.280499
-35.195175
-35.209820
-35.364510
-35.409874
-35.317135
-35.207733
-35.320049
-35.379360
-35.373528
-35.434135
-35.580082
-35.632248
-35.517941
-35.454449
-35.658215
-35.800732
-35.660557
-35.703819
-35.806267
-35.729324
-35.820869
-35.834911
-35.822189
-35.810616
-35.841938
-35.767582
-35.915733
-35.871159
-35.983379
-35.779949
-35.967205
-35.852776
-35.852303
-35.917912
-35.813534
-35.809353
-35.862484
-35.852745
-35.728516
-35.666607
-35.718315
-35.820427
-35.689671
-35.793041
-35.707485
-35.602615
-35.476311
-35.618763
-35.589180
-35.522758
-35.380718
-35.479755
-35.391205
-35.205986
-35.210564
-35.316563
-35.247444
-35.167328
-35.141342
-35.080585
-35.139282
-35.106438
-35.080524
-34.876282
-35.073730
-34.952183
-34.814255
-34.957428
-34.890831
-34.864452
-34.835094
-34.808754
-34.718716
-34.626366
-34.640285
-34.757397
-34.737385
-34.647560
-34.535107
-34.710335
-34.603294
-34.673351
-34.639057
-34.546925
-34.565449
-34.601765
-34.698025
-34.476658
-34.498650
-34.622540
-34.610958
-34.474407
-34.508759
-34.624958
-34.549122
-34.553619
-34.434002
-34.576084
-34.548695
-34.553829
-34.558811
-34.484444
-34.588596
-34.646515
-34.605728
-34.433594
-34.555660
-34.539242
-34.571716
-34.591904
-34.623188
-34.522877
-34.416462
-34.493778
-34.475147
-34.462627
-34.413273
-34.510807
-34.526993
-34.455849
-34.258389
-34.425354
-34.586693
-34.359661
-34.266884
-34.333126
-34.459328
-34.424366
-34.396938
-34.424725
-34.341373
-34.406750
-34.227596
-34.420105
-34.400757
-34.316311
-34.311821
-34.243534
-34.429409
-34.310921
-34.302143
-34.308739
-34.428772
-34.370865
-34.327957
-34.364418
-34.286339
-34.418468
-34.289757
-34.384022
-34.332829
-34.385128
-34.356064
-34.317585
-34.476505
-34.374897
-34.395531
-34.321209
-34.368465
-34.357788
-34.357334
-34.550503
-34.385300
-34.358021
-34.346546
-34.525909
-34.424004
-34.446598
-34.457237
-34.423767
-34.552078
-34.439480
-34.432392
-34.528160
-34.473515
-34.458359
-34.511368
-34.503826
-34.456715
-34.494427
-34.451298
-34.687897
-34.585011
-34.400322
-34.462391
-34.609344
-34.535057
-34.416378
-34.581509
-34.503414
-34.508934
-34.485199
-34.519245
-34.454937
-34.473495
-34.507168
-34.545158
-34.426769
-34.633770
-34.602768
-34.462597
-34.460323
-34.442692
-34.519009
-34.460617
-34.575012
-34.482071
-34.474541
-34.205429
-34.376797
-34.422108
-34.358303
-34.372124
-34.425686
-34.557480
-34.255875
-34.371090
-34.339855
-34.360973
-34.255093
-34.274281
-34.256172
-34.250820
-34.269974
-34.235268
-34.236702
-34.135555
-34.089802
-33.933231
-34.207165
-34.171276
-34.051991
-33.968716
-33.994019
-34.143639
-33.984688
-34.000500
-33.858204
-33.963882
-33.821823
-34.054634
-33.894478
-33.906475
-33.705612
-33.804329
-33.956795
-33.742069
-33.745865
-33.757263
-33.887241
-33.758492
-33.769836
-33.912693
-33.796333
-33.760189
-33.787216
-33.967716
-33.711788
-33.652287
-33.878674
-33.787113
-33.761410
-33.645626
-33.921024
-33.720875
-33.597534
-33.734798
-33.758430
-33.775284
-33.692436
-33.792629
-33.668129
-33.757507
-33.805351
-33.610752
-33.831596
-33.763088
-33.684147
-33.663258
-33.854317
-33.861279
-33.596333
-33.689137
-33.769703
-33.713779
-33.906128
-33.760380
-33.594601
-33.694714
-33.962788
-33.715191
-33.790604
-33.710903
-33.853703
-33.671440
-33.758015
-33.865414
-33.911766
-33.792080
-33.661667
-33.915138
-33.809517
-33.862438
-33.850624
-33.844971
-33.782841
-33.925774
-33.870941
-33.809147
-33.848305
-33.910118
-33.925457
-33.895580
-33.977509
-33.886742
-33.804626
-33.866688
-33.998005
-33.938202
-33.927643
-33.909924
-33.917801
-33.888382
-33.949471
-33.873638
-33.886047
-34.013783
-33.900558
-33.802834
-33.862602
-33.891048
-33.799732
