Az       (ft/s^2)
-33.520657
-33.575058
-33.572083
-33.511826
-33.555851
-33.575325
-33.556087
-33.627190
-33.510273
-33.485893
-33.598198
-33.409615
-33.510899
-33.579601
-33.533821
-33.409657
-33.519077
-33.547909
-33.319221
-33.564213
-33.357018
-33.425140
-33.466095
-33.581558
-33.470127
-33.431255
-33.368202
-33.463680
-33.657825
-33.317871
-33.460056
-33.493660
-33.660847
-33.442314
-33.549747
-33.601353
-33.308796
-33.508648
-33.569981
-33.513584
-33.477913
-33.585163
-33.476688
-33.583786
-33.579403
-33.442997
-33.635628
-33.644054
-33.352089
-33.717136
-33.702358
-33.494427
-33.530643
-33.533283
-33.713001
-33.577309
-33.625130
-33.527149
-33.622322
-33.627174
-33.560886
-33.564564
-33.680481
-33.661232
-33.534447
-33.572281
-33.541985
-33.784943
-33.591114
-33.493279
-33.745106
-33.577930
-33.656239
-33.656212
-33.776756
-33.549919
-33.681084
-33.767536
-33.744892
-33.603031
-33.701752
-33.783535
-33.839546
-33.559837
-33.749561
-33.831722
-33.781574
-33.655285
-33.756203
-33.770901
-33.811245
-33.837063
-33.801998
-33.702881
-33.786369
-33.668842
-33.750725
-33.803684
-33.712952
-33.712749
-33.727272
-33.649689
-33.858986
-33.714256
-33.761925
-33.489532
-33.782974
-33.876324
-33.649769
-33.618080
-33.725071
-33.711838
-33.615688
-33.607624
-33.784603
-33.667625
-33.587955
-33.632885
-33.698814
-33.666935
-33.534615
-33.676846
-33.661552
-33.683533
-33.639862
-33.673676
-33.517262
-33.664425
-33.599518
-33.699482
-33.411285
-33.803955
-33.630699
-33.585243
-33.619663
-33.688202
-33.741180
-33.529228
-33.643112
-33.718651
-33.660755
-33.524460
-33.659252
-33.654366
-33.595623
-33.604057
-33.663250
-33.583370
-33.657833
-33.559959
-33.569370
-33.718880
-33.568069
-33.632339
-33.620285
-33.632050
-33.683857
-33.566132
-33.698315
-33.610584
-33.528923
-33.659267
-33.663403
-33.755730
-33.623402
-33.689846
-33.442211
-33.755505
-33.787064
-33.609364
-33.643505
-33.716885
-33.718124
-33.700062
-33.797855
-33.787579
-33.575706
-33.770847
-33.669636
-33.795326
-33.770477
-33.699570
-33.711018
-33.656425
-33.691471
-33.924683
-33.687878
-33.678974
-33.614624
-33.772213
-33.867168
-33.752258
-33.791641
-33.657509
-33.973564
-33.693848
-33.895420
-33.857101
-33.765602
-33.769840
-33.832897
-33.912663
-33.892437
-33.772038
-33.785583
-33.681522
-33.788334
-33.957863
-33.974438
-33.788002
-33.800667
-33.850773
-33.950161
-33.717770
-34.051426
-33.837944
-33.900475
-33.802097
-33.983280
-33.898224
-33.748161
-33.921349
-33.911190
-33.971352
-33.904182
-33.893345
-33.895187
-33.814011
-34.006947
-33.800076
-33.845261
-34.042984
-33.784508
-33.739769
-33.807831
-33.932919
-33.663410
-33.825169
-33.763428
-33.823242
-33.644855
-33.763626
-33.709435
-33.750114
-33.572041
-33.684982
-33.553188
-33.726021
-33.494057
-33.646603
-33.504608
-33.471180
-33.507378
-33.473637
-33.343086
-33.375885
-33.300838
-33.535221
-33.429058
-33.256832
-33.198586
-33.318283
-33.294033
-33.209114
-33.062172
-33.316608
-33.072659
-33.103542
-33.195541
-33.153316
-33.061249
-32.946774
-33.028866
-33.206738
-33.089157
-33.005886
-32.818195
-33.076691
-33.018322
-32.985317
-33.044670
-32.890331
-32.994930
-32.857143
-32.828793
-32.987396
-32.912113
-32.874443
-32.773243
-32.807697
-32.933392
-32.741203
-32.677841
-32.704056
-32.745777
-32.635117
-32.765118
-32.756222
-32.485603
-32.618607
-32.768322
-32.510738
-32.513748
-32.408779
-32.499630
-32.649914
-32.554871
-32.664944
-32.048729
-32.522770
-32.480663
-32.300972
-32.452991
-32.286545
-32.476318
-32.398338
-32.389458
-32.452530
-32.376785
-32.362000
-32.248173
-32.463875
-32.423508
-32.255898
-32.542973
-32.274792
-32.189594
-32.383575
-32.348652
-32.333561
-32.149464
-32.292118
-32.275574
-32.305229
-32.298470
-32.109955
-32.301373
-32.151596
-32.128189
-32.330879
-32.280354
-32.240707
-32.053795
-32.193523
-32.268108
-32.266773
-32.152779
-32.270477
-32.206165
-32.165756
-32.115341
-32.336998
-32.142994
-32.071884
-32.399361
-32.148285
-32.121468
-32.279202
-32.137840
-32.268707
-32.227463
-32.221375
-32.043602
-32.139400
-32.304520
-32.198437
-32.246616
-32.225922
-32.172058
-32.262917
-32.289310
-32.303207
-32.185383
-32.284534
-32.256020
-32.304203
-32.320980
-32.288372
-32.415295
-32.133762
-32.226543
-32.421623
-32.328194
-32.436703
-32.426926
-32.358414
-32.520714
-32.565189
-32.500969
-32.397034
-32.566479
-32.505886
-32.428440
-32.635777
-32.724667
-32.473175
-32.645283
-32.510494
-32.702744
-32.713295
-32.538071
-32.723789
-32.722393
-32.849190
-32.480827
-32.834366
-32.639248
-32.539864
-32.645885
-32.739941
-32.819916
-32.629032
-32.610233
-32.759884
-32.630394
-32.738937
-32.829716
-32.683567
-32.711010
-32.770710
-32.848114
-32.947495
-32.780197
-32.751999
-32.667240
-32.978756
-33.070282
-32.691208
-32.956856
-32.948776
-32.778896
-32.642586
-33.066605
-33.029583
-32.636181
-32.901745
-32.956264
-32.933594
-32.768135
-32.700733
-32.753059
-32.943417
-32.839291
-32.906162
-33.005768
-32.990021
-32.724789
-33.027752
-32.853260
-32.652992
-32.931889
-32.948425
-32.828491
-32.890671
-32.864315
-32.830292
-32.798138
-32.953117
-32.926952
-32.924034
-33.138111
-32.944237
-32.943485
-32.987022
-32.747780
-33.226086
-32.897022
-33.267643
-32.850670
-32.940449
-32.837505
-33.060795
-33.022469
-32.733330
-33.089359
-32.916397
-32.948143
-32.976101
-33.150738
-32.969528
-33.125805
-33.155167
-33.129875
-32.934292
-33.363899
-33.173157
-32.689419
-33.138966
-33.278400
-33.255764
-33.002975
-33.139893
-33.210476
-33.097412
-33.204243
-33.193222
-33.353199
-33.127922
-33.039734
-33.262611
-33.222866
-33.110867
-33.013454
-32.866028
-32.916245
-33.098892
-33.040848
-32.850735
-32.763577
-32.950245
-32.797745
-32.870365
-32.943699
-32.808964
-32.744392
-32.946182
-33.153961
-32.902843
-32.864689
-32.795380
-32.714111
-32.922905
-33.008827
-33.015049
-32.910480
-32.763531
-32.864899
-32.673019
-33.293442
-32.849152
-32.655285
-32.580906
-32.846310
-33.063538
-32.724651
-32.780544
-32.739788
-32.971405
-32.918983
-33.010674
-32.942379
-32.608753
-32.871094
-32.918919
-32.877033
-32.940117
-32.919254
-32.957100
-32.997379
-32.851860
-33.033215
-32.797832
-32.873680
-33.056736
-33.010170
-33.059368
-32.675354
-32.937679
-32.779514
-33.027863
-32.940102
-32.682823
-32.897182
-32.829315
-32.997574
-32.966957
-32.844307
-33.087334
-32.857113
-32.794445
-32.999619
-32.841660
-32.904072
-32.960037
-32.699917
-32.611885
-32.645336
-32.602478
-32.397594
-32.403824
-32.929543
-32.921638
-32.570736
-32.364407
-32.821651
-32.853622
-32.958557
-33.043453
-32.815868
-32.989025
-32.721249
-32.774307
-32.575840
-32.907101
-32.678116
-32.395611
-32.337509
-32.765152
-32.104233
-32.134983
-32.130718
-32.483654
-32.341732
-32.120720
-32.515823
-32.300129
-32.604736
-32.526463
-32.512089
-32.900974
-32.593994
-32.809116
-33.436802
-33.656494
-33.711895
-33.394066
-33.618427
-33.705624
-33.788109
-33.435833
-33.125477
-33.478912
-33.072144
-32.972351
-33.065910
-32.595230
-32.586784
-32.601788
-32.955074
-32.979252
-33.042618
-33.012428
-33.022583
-32.802807
-33.316452
-33.266712
-33.171871
-33.032768
-32.984802
-33.421112
-33.401970
-33.326050
-33.017883
-33.007896
-33.353352
-33.449181
-33.948502
-33.230560
-32.953724
-32.936634
-32.784580
-32.986565
-33.130695
-33.077374
-32.909626
-32.925663
-33.211376
-32.786598
-33.156410
-33.114559
-33.144707
-33.046371
-33.216366
-33.255756
-32.856411
-32.054810
-32.161133
-32.190948
-32.095062
-31.977531
-32.018589
-32.125732
-31.732071
-32.016422
-32.029274
-32.507519
-32.502254
-32.524918
-32.925816
-33.077965
-33.041580
-32.679043
-32.420296
-32.366196
-32.574585
-32.166412
-32.202339
-32.430023
-32.505001
-32.235527
-31.987503
-32.376572
-32.175117
-32.570923
-32.521408
-32.990490
-33.179951
-32.965919
-32.978703
-32.813999
-33.317226
-33.111679
-33.162075
-33.641537
-33.293011
-33.284668
-33.534000
-33.345535
-33.335846
-33.673763
-33.601135
-33.520847
-33.853783
-33.563099
-33.275677
-33.663116
-33.658222
-33.737778
-33.734379
-33.820137
-33.839520
-34.082287
-34.066105
-34.294350
-34.453220
-34.390850
-34.329601
-34.588558
-34.644337
-34.492821
-34.654377
-34.407024
-34.752968
-35.011444
-34.899193
-35.137531
-34.844589
-35.202866
-35.455379
-35.594257
-35.600708
-35.369385
-35.427197
-35.476223
-35.797436
-36.049568
-36.107521
-36.077061
-35.985828
-36.100082
-36.526386
-36.736401
-36.981209
-36.985825
-36.804302
-37.086807
-37.307148
-37.541191
-37.445053
-37.687008
-37.847755
-37.881298
-37.933899
-37.877956
-38.054173
-38.210747
-38.257717
-38.432632
-38.441044
-38.421478
-38.197964
-38.617802
-39.071739
-39.150410
-38.937004
-38.686806
-39.186539
-39.553726
-39.511608
-39.834667
-39.841896
-40.009651
-39.998493
-40.360172
-40.554840
-40.373753
-40.722107
-40.930420
-40.939030
-40.747925
-40.788467
-40.735477
-41.195690
-41.608562
-41.765732
-41.630386
-41.817440
-42.034897
-42.373676
-42.525936
-42.759163
-42.905827
-42.683449
-43.138462
-43.521248
-43.554379
-43.573673
-43.545845
-43.499039
-43.737698
-44.179298
-44.361462
-44.254887
-44.304119
-44.492718
-44.955143
-45.048992
-44.728485
-44.499733
-44.514214
-45.059124
-45.427238
-45.592125
-45.394932
-45.248978
-45.575718
-45.822792
-46.131069
-46.156681
-45.843338
-46.337029
-46.725288
-46.973194
-46.663074
-46.654251
-46.636032
-46.927013
-47.463673
-47.573395
-47.384106
-47.178051
-47.411884
-47.437405
-48.026993
-48.229160
-48.314339
-48.391407
-48.670132
-48.743694
-48.987671
-48.846958
-48.762852
-48.717999
-48.964512
-48.746525
-48.637016
-48.566334
-48.888184
-48.950798
-49.139149
-49.011761
-49.358940
-49.615162
-49.853683
-49.799728
-49.923332
-50.108826
-50.151386
-50.378437
-50.248394
-50.505180
-50.536827
-50.784439
-50.662048
-50.738327
-51.220104
-50.957424
-50.650394
-50.930759
-51.091938
-51.212112
-50.995823
-51.163574
-51.338181
-51.275612
-51.195641
-50.963554
-51.141144
-51.441612
-51.377686
-51.468685
-51.734951
-52.178818
-51.835121
-51.919060
-52.133507
-52.200161
-52.308937
-52.242748
-52.594532
-52.461163
-52.388603
-52.228287
-52.345051
-52.312454
-52.028358
-52.146862
-52.239288
-52.572247
-52.546638
-52.318981
-52.602962
-52.778679
-53.003639
-52.952641
-53.253845
-53.548138
-53.642643
-53.730358
-53.818932
-53.787727
-53.833340
-53.922283
-54.297909
-54.386883
-54.411045
-54.612347
-54.356438
-54.648567
-54.739990
-54.923893
-54.775356
-54.699326
-55.144825
-55.118401
-55.092129
-54.900631
-55.335857
-55.212284
-55.296696
-55.485729
-55.422859
-55.586880
-55.560535
-55.806885
-55.893116
-55.759037
-55.922535
-55.708096
-56.027023
-56.024799
-56.132477
-55.957588
-55.749485
-56.153732
-56.261353
-56.172985
-56.167534
-56.220787
-56.370743
-56.422478
-56.274124
-56.392590
-56.501514
-56.642902
-56.741238
-56.761345
-56.557743
-56.595985
-56.587048
-56.629425
-56.937027
-56.978359
-56.814808
-56.620243
-56.597187
-56.880806
-56.771183
-56.648270
-56.726570
-57.090771
-57.137451
-56.782402
-57.037228
-56.983955
-57.024673
-57.059444
-57.240238
-57.290730
-57.132244
-57.067856
-57.036900
-57.404266
-57.370136
-57.158783
-57.152481
-57.178673
-57.298500
-57.416039
-57.268757
-57.361355
-57.434399
-57.435333
-57.131950
-57.332756
-57.589661
-57.304867
-57.274559
-57.365528
-57.495365
-57.496830
-57.467274
-57.704277
-57.378910
-57.543785
-57.532375
-57.645657
-57.648502
-57.590168
-57.769291
-57.812477
-57.759357
-57.703239
-57.593102
-57.729431
-57.833557
-57.968819
-57.814045
-57.928719
-58.198177
-58.094215
-57.912693
-57.797356
-57.956837
-57.955441
-57.955906
-58.023804
-57.808697
-57.917316
-57.893059
-57.794937
-57.850750
-57.930965
-57.970711
-57.784058
-57.829060
-58.010262
-57.819885
-57.886600
-57.866615
-57.919998
-57.683643
-57.881393
-57.887367
-57.807079
-58.122818
-58.007278
-58.090057
-58.136791
-58.102242
-58.186172
-57.970188
-58.138332
-58.021019
-58.155743
-58.083290
-57.955532
-57.982227
-57.937405
-58.164398
-57.892284
-58.023460
-58.020306
-58.039799
-58.156189
-58.089302
-58.234787
-58.005508
-58.194637
-58.341812
-58.226200
-58.233917
-58.191132
-58.360737
-58.369797
-58.369999
-58.440395
-58.655434
-58.522896
-58.551056
-58.727139
-58.697865
-58.667259
-58.788010
-58.969421
-58.849144
-59.091316
-59.056999
-59.084888
-58.965313
-59.401073
-59.167896
-59.255955
-59.357304
-59.372356
-59.272007
-59.442699
-59.481277
-59.373455
-59.586830
-59.330788
-59.456715
-59.546146
-59.453465
-59.238338
-59.443623
-59.613338
-59.556320
-59.280067
-59.293007
-59.412907
-59.465260
-59.324497
-59.353687
-59.612206
-59.357136
-59.393044
-59.376385
-59.658047
-59.342659
-59.285789
-59.555878
-59.603455
-59.632961
-59.436779
-59.513020
-59.562870
-59.736427
-59.655857
-59.631359
-59.801418
-59.860119
-59.738613
-59.916882
-59.851158
-59.893658
-59.908253
-60.339802
-60.162342
-60.084702
-60.015930
-60.392944
-60.412033
-60.305187
-60.572460
-60.537914
-60.854004
-60.641251
-60.785694
-60.794540
-60.821846
-60.620522
-60.653828
-60.889027
-60.958042
-61.157425
-60.886196
-60.900375
-60.973572
-61.096645
-61.100128
-61.218124
-61.255703
-61.299351
-61.212719
-61.133297
-61.369007
-61.262760
-61.066917
-60.977234
-61.148872
-61.279438
-61.254627
-61.121300
-60.953194
-61.163300
-61.277035
-61.422733
-61.199890
-61.152195
-61.306698
-61.447372
-61.450359
-61.429062
-61.339878
-61.422112
-61.317650
-61.328609
-61.348576
-61.458542
-61.382488
-61.601986
-61.604931
-61.447151
-61.591785
-61.505730
-61.674706
-61.637920
-61.802032
-61.865288
-61.430187
-61.603920
-61.813477
-61.973515
-61.653778
-61.750015
-62.027683
-61.863995
-61.980003
-62.253353
-62.420120
-62.082073
-62.003742
-62.331421
-62.532326
-62.433456
-62.090202
-62.467632
-62.299561
-62.288544
-62.348450
-62.372299
-62.260990
-62.166119
-62.180386
-62.456314
-62.472160
-62.449219
-62.295906
-62.630104
-62.670738
-62.490108
-62.448956
-62.675888
-62.967297
-62.766769
-62.641918
-62.988636
-62.932415
-62.590050
-62.634174
-63.165661
-62.983845
-62.967613
-62.837193
-62.971123
-63.171936
-63.084667
-63.137524
-63.363392
-63.279102
-63.330078
-63.240501
-63.459152
-63.034447
-63.212559
-63.376148
-63.262321
-63.206413
-63.159069
-63.389961
-63.178829
-63.288223
-63.142166
-63.265488
-63.357098
-63.245911
-63.463840
-63.282398
-63.392544
-63.204777
-63.469833
-63.489910
-63.196342
-63.212223
-63.428738
-63.280590
-63.232639
-63.185772
-63.153522
-63.170570
-63.142746
-63.266605
-63.169430
-62.916508
-62.920376
-62.985958
-62.943501
-63.009167
-63.053123
-62.898209
-62.680893
-62.695061
-62.989510
-63.058926
-62.734245
-62.826508
-62.692150
-62.976997
-62.675106
-62.628002
-62.549637
-62.520329
-62.541641
-62.493011
-62.623192
-62.499489
-62.256306
-62.349632
-62.262108
-62.348907
-62.267399
-62.257038
-62.025555
-62.069424
-61.992096
-62.071831
-61.959068
-61.944229
-61.806747
-62.004654
-61.840916
-61.817223
-61.631420
-61.818829
-61.966892
-61.939053
-61.941162
-61.593983
-61.485863
-61.667423
-61.820358
-62.016304
-61.642487
-61.675411
-61.558361
-61.664654
-61.785473
-61.450905
-61.601414
-61.563019
-61.918266
-61.718491
-61.700710
-61.629585
-61.520870
-61.807587
-61.631039
-61.650059
-61.595360
-61.793560
-61.695358
-61.600780
-61.785881
-61.624298
-61.607487
-61.703243
-61.923939
-61.754196
-61.773479
-61.886566
-61.929920
-61.926937
-61.978889
-61.776215
-61.822403
-61.833462
-61.939281
-62.117668
-62.085720
-62.073872
-61.718666
-62.091705
-62.257198
-61.894039
-62.001171
-62.123943
-62.253796
-61.881832
-62.067947
-62.186222
-61.996971
-61.781742
-61.946934
-62.272858
-61.979477
-61.715862
-61.942181
-62.021137
-62.360649
-61.742851
-61.917206
-61.985245
-62.005318
-61.943916
-61.823399
-62.116310
-61.864555
-61.888618
-61.828308
-61.780998
-61.544521
-61.684746
-61.739502
-61.865112
-61.809631
-61.826946
-61.849075
-61.968956
-61.758297
-61.908188
-61.621544
-61.593330
-61.807877
-61.781853
-61.868351
-61.609203
-61.431934
-61.500145
-61.446091
-61.418205
-61.399105
-61.588146
-61.526871
-61.294903
-61.361176
-61.301548
-61.412842
-61.146641
-61.371037
-61.323544
-61.265385
-61.285038
-61.207550
-61.256718
-61.317032
-61.197502
-61.027443
-61.076710
-61.178864
-61.251648
-61.010040
-60.942024
-60.862030
-61.181515
-61.101818
-60.922966
-60.977303
-61.034904
-61.139290
-60.688347
-61.028793
-61.180210
-61.207520
-60.972202
-60.953110
-61.123642
-61.000786
-60.884010
-61.244381
-61.057873
-61.029316
-60.963184
-60.967304
-60.962116
-60.964481
-61.338501
-60.911751
-61.082691
-61.007645
-61.025402
-60.944267
-60.879356
-61.189857
-60.814152
-61.089493
-60.872860
-60.825073
-60.892719
-61.012630
-60.601501
-60.574390
-60.866360
-60.937454
-60.490051
-60.455059
-60.624527
-60.564186
-60.788757
-60.340809
-60.509064
-60.575687
-60.629082
-60.413704
-60.300194
-60.452328
-60.340698
-60.341606
-60.069923
-60.231709
-60.264416
-59.813522
-60.037010
-60.102020
-60.125618
-60.001049
-59.907543
-60.198048
-60.082272
-59.755356
-59.774509
-60.021423
-59.963577
-59.820141
-59.641006
-59.930363
-59.808372
-59.664761
-59.453888
-59.663773
-59.796577
-59.556953
-59.687141
-59.479191
-59.806400
-59.542095
-59.498875
-59.504559
-59.610699
-59.538113
-59.216797
-59.466339
-59.522720
-59.350540
-59.224850
-59.156868
-59.306923
-59.204578
-59.260670
-59.185047
-59.121033
-59.351254
-59.202518
-59.090675
-59.195824
-59.116852
-59.181774
-59.028706
-59.162174
-59.024490
-58.969250
-59.239365
-58.914814
-59.002308
-59.037251
-59.197655
-59.065937
-58.952625
-58.974987
-59.144951
-59.114422
-59.085419
-59.106636
-59.076820
-59.150505
-59.086971
-59.201504
-59.148651
-59.220631
-59.143978
-59.338383
-59.439754
-59.334637
-59.355244
-59.342014
-59.582924
-59.570976
-59.355824
-59.596378
-59.700554
-59.711563
-59.603798
-59.663746
-59.793922
-59.744785
-59.674622
-59.663280
-59.840656
-59.829647
-59.644173
-59.848366
-59.781616
-59.938469
-59.693085
-59.752914
-59.840752
-59.741997
-59.748722
-59.761322
-59.843243
-59.730473
-59.561924
-59.742119
-59.727669
-59.602245
-59.834427
-59.601944
-59.688068
-59.499905
-59.688549
-59.649452
-59.434914
-59.499706
-59.295322
-59.542896
-59.363560
-59.361469
-59.180065
-59.328529
-59.244663
-59.026844
-59.111488
-59.420578
-59.102581
-58.938221
-59.166878
-59.356926
-58.976120
-58.783966
-59.052010
-59.081539
-58.971748
-58.793003
-59.200974
-59.025024
-58.799454
-58.852650
-58.940533
-59.054943
-58.866299
-58.708714
-59.154285
-58.997334
-58.920887
-58.916039
-58.939598
-59.013096
-58.816196
-58.998798
-58.936424
-58.946228
-59.029907
-58.789623
-58.979385
-58.845581
-58.864361
-58.868111
-58.821991
-58.986752
-58.794151
-58.945423
-58.736118
-58.943203
-58.796345
-58.890697
-59.046520
-58.757153
-58.810017
-58.794262
-58.777466
-58.684837
-58.874283
-58.955757
-58.921692
-58.578835
-58.733971
-58.835464
-58.868217
-58.677948
-58.661652
-58.742191
-58.664547
-58.754047
-58.562820
-58.420994
-58.443810
-58.327419
-58.506424
-58.300140
-58.412582
-58.399220
-58.333897
-58.291344
-58.297550
-58.512264
-58.473503
-58.467037
-58.502064
-58.447052
-58.448616
-58.635780
-58.824684
-59.164364
-58.644188
-58.796059
-58.622047
-58.693005
-58.631405
-58.747093
-58.860355
-58.681232
-58.563194
-58.536087
-58.680889
-58.801178
-58.896965
-58.903816
-58.895721
-58.843857
-58.986469
-58.882233
-58.893780
-58.872234
-58.884335
-59.123226
-59.093990
-58.884262
-58.803211
-58.987701
-59.066620
-58.835831
-58.990364
-59.205864
-59.200123
-59.104027
-59.009907
-59.248699
-59.108891
-59.159725
-59.524902
-59.729588
-59.595760
-59.387444
-59.520393
-59.572891
-59.543400
-59.605812
-59.505276
-59.866470
-59.604362
-59.431755
-59.504005
-59.163536
-59.220497
-58.979729
-59.264900
-59.313496
-59.058464
-58.862301
-58.798183
-59.051788
-58.957733
-58.975986
-58.985001
-59.049049
-59.038147
-59.214054
-59.203545
-59.296810
-59.205513
-59.304752
-59.435173
-59.628117
-59.531578
-59.318909
-59.647232
-59.791897
-59.798336
-59.853176
-59.982876
-60.185188
-60.002193
-60.058563
-59.926300
-60.102741
-60.106045
-59.897102
-60.010105
-60.096386
-60.107910
-60.147419
-60.131878
-60.075123
-60.239895
-60.416565
-60.353767
-60.080654
-59.985386
-60.019222
-59.923115
-59.957531
-59.825497
-59.816589
-59.911095
-59.594101
-59.621658
-59.581234
-60.051765
-59.732384
-60.095413
-60.022221
-59.993469
-60.182755
-60.007324
-60.343765
-60.316177
-60.266243
-59.970825
-59.839870
-59.859138
-59.871395
-59.938450
-59.799995
-59.782539
-59.765926
-59.767323
-59.852299
-59.904095
-59.695465
-59.897449
-59.929405
-60.010014
-59.948635
-59.780903
-60.093586
-59.947701
-59.964325
-60.278118
-60.191025
-60.085724
-60.324657
-60.445900
-60.182060
-60.314735
-60.376450
-60.400726
-60.362579
-60.102341
-59.936913
-60.152164
-60.159138
-60.116116
-60.048237
-59.938496
-60.263855
-59.951530
-60.092800
-60.165634
-60.173332
-60.195652
-60.119671
-60.334816
-60.132267
-60.036507
-59.906059
-59.777473
-60.016605
-59.804943
-59.723255
-59.698196
-59.804852
-59.864880
-59.903938
-60.066547
-60.090775
-60.056171
-59.967831
-60.209351
-60.209389
-60.053371
-59.919575
-60.014412
-59.966011
-60.034321
-59.492622
-59.562309
-59.802582
-60.169819
-60.045795
-59.994633
-60.100952
-60.265717
-60.117767
-60.139301
-60.298500
-60.201275
-60.134666
-60.111782
-60.198574
-60.087585
-60.214622
-59.994083
-59.814281
-60.140118
-59.956684
-60.248577
-60.304680
-60.469372
-60.340660
-60.226860
-60.290939
-60.109467
-60.333557
-60.367912
-60.290123
-60.458725
-60.605251
-60.501167
-60.309200
-60.190575
-60.291206
-60.294655
-60.562641
-60.765667
-60.572369
-60.743835
-60.480045
-60.397644
-60.308708
-60.268787
-60.542042
-60.490978
-60.576599
-60.210350
-60.336758
-60.466576
-60.384159
-60.413757
-60.213112
-60.345535
-60.490032
-60.284061
-60.428822
-60.300591
-60.153568
-60.067646
-60.164093
-60.189587
-59.835110
-60.072079
-60.196266
-60.096954
-60.102558
-60.096272
-60.132198
-60.115509
-60.250870
-60.377502
-60.235138
-60.020752
-59.994789
-59.843216
-60.134281
-59.947483
-59.596073
-59.635410
-59.861111
-60.039360
-59.959301
-60.053391
-59.974876
-60.207027
-60.375305
-60.102459
-60.187740
-60.236561
-60.472382
-60.580910
-60.542660
-60.606213
-60.628231
-60.482704
-60.503044
-60.797016
-61.154522
-60.811115
-60.841637
-61.058804
-61.067307
-61.115337
-61.008747
-61.161350
-61.302750
-61.313763
-61.525513
-61.350021
-61.413273
-61.385685
-61.279205
-61.502922
-61.429386
-61.574612
-61.305927
-61.559059
-61.666275
-61.508854
-61.412174
-61.477318
-61.768238
-61.746941
-61.691357
-61.945232
-62.014709
-62.127480
-62.037415
-62.061920
-62.118835
-62.166740
-62.084091
-62.441669
-62.280178
-62.338665
-61.997200
-62.253334
-62.418743
-62.368530
-62.311348
-62.417194
-62.622547
-62.594326
-62.593750
-62.825989
-62.831730
-62.908772
-62.710979
-62.920197
-63.033924
-62.953999
-62.955250
-62.912525
-63.088623
-63.089207
-62.909447
-63.117321
-63.141487
-63.041687
-63.120209
-63.183315
-63.266361
-63.284420
-63.258987
-63.390911
-63.261662
-63.262001
-63.221386
-63.322483
-63.457863
-63.404327
-63.197311
-63.295063
-63.341457
-63.272846
-63.271370
-63.272907
-63.404068
-63.134163
-63.170502
-63.230751
-63.265350
-63.195827
-63.313183
-63.205360
-62.968304
-63.222858
-63.183346
-63.151810
-62.983662
-63.024662
-62.977757
-63.002151
-62.978001
-62.985001
-63.058811
-62.822807
-62.801067
-62.805943
-62.903820
-62.795387
-62.597145
-62.717796
-62.643028
-62.794605
-62.527348
-62.385441
-62.427517
-62.412189
-62.368401
-62.136932
-62.317989
-62.273521
-62.210697
-62.068558
-62.164452
-62.196178
-62.006844
-62.071819
-62.140503
-62.106243
-62.155716
-62.064034
-61.981434
-61.927238
-62.074253
-61.885193
-61.797932
-61.856312
-61.978718
-61.860298
-61.750317
-61.845631
-61.735214
-61.889317
-61.907860
-61.898842
-61.902233
-61.944614
-62.051895
-61.793819
-61.965256
-62.047314
-62.049984
-61.974277
-62.069851
-62.140217
-62.092266
-62.180573
-62.136257
-62.228397
-62.120449
-62.062325
-62.286491
-62.231319
-62.311432
-62.223446
-62.230652
-62.187840
-62.220238
-62.354313
-62.147320
-62.314587
-62.265816
-62.394089
-62.264931
-62.412292
-62.347218
-62.353348
-62.479500
-62.353081
-62.416649
-62.401424
-62.589493
-62.482944
-62.367630
-62.551151
-62.436890
-62.387306
-62.626034
-62.596851
-62.511852
-62.437294
-62.535217
-62.516720
-62.737789
-62.498760
-62.624504
-62.565754
-62.610825
-62.578125
-62.734356
-62.531422
-62.609570
-62.722881
-62.622349
-62.591805
-62.636364
-62.660271
-62.553455
-62.572552
-62.686172
-62.711002
-62.668594
-62.664413
-62.621780
-62.882191
-62.985523
-62.922462
-63.045143
-63.065418
-63.186104
-63.157776
-63.324417
-63.313225
-63.406658
-63.294827
-63.459724
-63.512878
-63.559723
-63.453815
-63.643764
-63.790924
-63.656998
-63.729137
-63.802818
-63.918945
-63.946537
-64.053009
-64.067421
-63.947693
-64.034271
-64.129921
-64.158592
-63.906807
-64.114586
-64.186676
-64.030052
-64.060715
-64.182121
-64.122154
-64.023460
-64.135330
-64.142227
-64.194176
-64.257370
-64.307228
-64.216881
-64.234825
-64.241425
-64.296013
-64.198418
-64.255722
-64.176010
-64.190742
-64.190300
-64.212952
-64.217682
-64.120064
-63.991463
-64.201881
-64.128830
-64.203163
-64.127235
-64.111946
-64.084404
-64.100349
-64.114342
-64.013237
-64.033638
-63.998249
-64.060501
-64.009438
-64.074005
-63.791569
-63.926937
-63.919437
-63.937515
-63.944592
-63.889698
-63.880280
-63.963161
-63.992714
-63.817966
-63.853523
-63.830345
-64.021980
-63.967594
-63.822342
-63.851299
-63.852997
-63.859158
-63.753483
-63.868652
-63.719379
-63.768204
-63.647030
-63.742794
-63.703403
-63.565136
-63.771912
-63.604622
-63.709305
-63.589531
-63.785248
-63.663746
-63.704258
-63.865040
-63.869362
-63.736237
-63.757645
-63.919506
-63.840580
-63.867527
-63.788845
-63.745117
-63.848240
-63.879101
-63.699409
-63.691517
-63.820137
-63.820660
-63.619007
-63.809067
-63.718609
-63.731754
-63.734138
-63.956089
-63.816463
-63.729935
-63.782436
-63.967331
-63.963749
-63.786667
-63.908516
-63.934166
-63.951801
-63.867142
-64.171684
-64.085938
-63.961826
-63.956455
-64.011879
-64.222176
-64.116592
-64.128845
-64.155022
-64.285843
-64.116211
-64.182541
-64.216148
-64.331032
-64.324989
-64.395462
-64.435036
-64.488274
-64.476990
-64.619537
-64.822365
-64.786629
-64.838829
-64.887794
-64.956230
-65.132072
-65.018883
-65.063042
-64.847397
-64.863136
-64.634628
-64.559128
-64.389961
-64.134834
-63.702183
-63.435551
-63.448547
-63.173649
-63.261234
-63.253155
-63.155960
-63.069073
-62.959511
-63.156132
-63.304440
-63.575607
-63.628132
-63.457272
-63.433002
-63.359993
-63.469944
-63.456264
-63.685989
-63.595737
-63.555347
-63.310043
-63.509640
-63.631054
-63.733337
-63.686996
-63.774643
-64.009514
-64.164696
-64.078865
-64.011665
-64.254486
-64.261337
-64.159386
-64.132057
-64.363945
-64.189529
-64.322975
-64.314468
-64.467216
-64.393105
-64.482597
-64.497238
-64.528763
-64.647507
-64.573036
-64.727852
-64.758728
-64.832848
-64.711693
-64.873825
-64.996277
-64.991158
-64.998894
-65.116058
-65.248566
-65.353828
-65.400421
-65.348724
-65.581680
-65.652740
-65.602638
-65.491119
-65.563118
-65.754822
-65.668121
-65.572021
-65.669640
-65.859718
-65.633759
-65.560104
-65.749321
-65.739899
-65.857277
-65.580551
-65.795593
-65.756378
-65.883141
-65.921425
-65.636589
-65.877403
-65.744247
-65.797668
-65.730217
-65.896111
-65.706146
-65.714546
-65.796089
-65.810547
-65.830536
-65.690338
-65.788902
-65.709122
-65.866394
-65.802765
-65.769020
-65.789009
-65.749527
-65.651451
-65.645309
-65.575333
-65.537163
-65.381096
-65.427322
-65.452522
-65.549759
-65.254692
-65.211891
-65.422058
-65.523132
-65.120659
-65.272316
-65.315880
-65.251038
-65.282387
-65.367737
-65.210724
-65.108818
-65.184769
-65.100166
-65.224709
-65.154762
-65.103035
-64.993866
-65.229256
-65.163773
-64.990158
-65.110008
-65.202644
-65.024780
-65.011154
-65.216644
-65.100143
-64.983330
-65.110672
-65.139587
-65.140884
-65.057991
-65.012962
-65.175011
-65.114555
-65.071167
-64.938843
-65.150208
-65.172020
-64.972801
-65.028603
-65.119980
-65.061897
-64.887009
-65.045540
-65.030052
-65.001503
-65.278740
-65.198837
-65.076302
-65.165535
-65.070625
-65.083984
-65.175217
-65.206894
-65.235359
-65.104912
-65.067863
-65.205376
-65.162659
-65.028664
-64.996178
-65.186630
-65.207771
-65.103355
-65.346329
-65.255302
-65.240623
-65.158379
-65.366295
-65.420311
-65.366966
-65.162590
-65.389740
-65.429558
-65.414360
-65.267433
-65.351067
-65.486702
-65.366417
-65.395065
-65.590385
-65.577354
-65.473930
-65.555748
-65.735901
-65.941483
-65.693680
-65.707474
-65.866058
-65.967674
-65.932510
-65.774765
-65.927628
-66.085434
-66.182106
-66.017616
-66.084343
-66.281303
-66.213776
-66.138229
-66.257324
-66.434654
-66.402649
-66.315262
-66.376961
-66.577576
-66.543411
-66.269417
-66.515999
-66.593437
-66.679871
-66.577271
-66.620926
-66.696136
-66.750725
-66.855614
-66.663734
-66.915649
-66.955032
-66.819786
-66.864189
-67.120628
-66.989243
-66.824997
-66.922455
-67.028511
-66.993210
-66.883469
-66.938995
-67.058273
-67.020531
-66.912720
-66.888206
-67.022301
-66.897530
-66.899200
-66.992050
-67.093903
-66.912819
-66.919479
-66.952454
-67.060951
-66.942764
-66.943138
-66.873009
-66.968895
-67.051559
-66.988693
-66.939896
-66.871002
-66.946007
-67.068756
-66.995949
-66.918884
-66.917862
-66.894676
-66.768036
-66.890381
-66.908875
-66.773964
-66.912613
-66.835258
-66.823242
-66.901398
-66.981926
-66.908234
-67.019447
-67.038132
-67.037842
-67.120018
-66.935677
-66.922508
-66.952034
-66.960182
-66.706879
-66.766174
-66.914978
-66.782768
-66.605515
-66.613152
-66.687889
-66.617783
-66.588455
-66.669403
-66.592445
-66.674980
-66.507240
-66.572342
-66.592484
-66.516235
-66.495720
-66.510040
-66.425087
-66.464439
-66.399155
-66.352409
-66.358025
-66.403145
-66.353745
-66.314522
-66.405273
-66.471771
-66.346916
-66.365608
-66.440041
-66.301468
-66.287209
-66.297646
-66.305267
-66.272881
-66.153191
-66.085411
-66.211937
-66.278107
-66.050041
-66.107407
-66.091171
-66.023102
-65.892273
-65.948685
-66.052132
-65.849937
-65.931297
-65.855255
-65.871513
-65.795540
-65.837234
-65.837059
-65.799072
-65.685150
-65.593338
-65.584053
-65.516602
-65.728836
-65.637794
-65.322769
-65.483299
-65.587250
-65.563065
-65.212059
-65.459290
-65.407303
-65.384247
-65.395439
-65.353844
-65.397682
-65.374397
-65.310150
-65.307434
-65.381355
-65.318832
-65.293243
-65.338104
-65.380272
-65.470787
-65.419128
-65.333755
-65.458122
-65.477539
-65.434692
-65.286926
-65.405830
-65.306549
-65.484367
-65.403664
-65.288887
-65.160034
-65.161148
-65.157364
-65.146271
-65.336761
-65.022316
-65.072830
-65.125984
-65.077370
-65.169029
-65.015778
-65.085579
-65.103035
-65.224007
-65.063988
-65.136757
-65.146454
-65.273247
-65.117447
-65.092690
-65.162270
-65.254448
-65.193268
-65.033020
-65.230354
-65.168663
-65.106964
-65.122162
-65.117538
-65.112434
-65.158798
-65.058006
-65.014412
-65.168762
-65.179764
-65.109390
-65.230568
-65.372932
-65.228027
-65.322510
-65.389648
-65.385712
-65.334717
-65.271973
-65.379082
-65.337685
-65.248787
-65.150528
-65.204269
-65.210411
-65.026558
-65.021706
-64.895203
-65.030891
-64.901642
-64.958679
-64.983421
-64.849907
-64.871048
-64.798744
-64.926704
-64.790100
-64.845436
-64.717461
-64.804047
-64.721077
-64.640244
-64.509842
-64.502495
-64.606361
-64.413475
-64.556694
-64.491882
-64.399658
-64.308838
-64.337563
-64.410690
-64.227913
-64.150642
-64.159035
-64.139053
-64.136147
-64.130585
-64.123016
-63.878475
-63.893475
-63.939781
-63.968658
-63.907681
-63.856052
-63.832870
-63.828072
-63.840759
-63.790375
-63.874718
-63.672112
-63.699089
-63.781509
-63.744953
-63.759193
-63.612881
-63.632404
-63.652485
-63.533253
-63.513123
-63.550514
-63.558525
-63.458481
-63.488930
-63.505127
-63.429085
-63.616234
-63.672321
-63.575768
-63.636944
-63.636356
-63.714291
-63.714314
-63.758015
-63.725368
-63.717365
-63.707191
-63.553024
-63.446072
-63.484360
-63.385777
-63.274136
-63.166161
-63.190884
-63.153206
-63.048290
-62.939903
-62.869335
-62.866962
-62.892185
-62.791958
-62.746868
-62.843010
-62.628700
-62.451466
-62.477043
-62.623806
-62.372345
-62.171947
-62.311752
-62.375698
-62.154091
-62.018688
-62.146393
-62.117046
-62.026569
-62.013573
-61.955242
-61.986229
-61.941597
-61.827602
-61.694378
-61.880955
-61.707520
-61.579540
-61.489822
-61.648800
-61.496445
-61.276054
-61.299820
-61.366234
-61.382938
-61.095314
-61.202721
-61.194519
-61.187225
-60.865620
-60.980431
-60.943645
-60.852352
-60.698383
-60.638123
-60.749172
-60.671059
-60.442165
-60.406216
-60.391537
-60.298466
-60.221050
-60.261951
-60.264545
-60.171951
-59.984234
-60.004326
-59.911091
-59.806995
-59.833050
-59.696140
-59.682827
-59.510090
-59.461910
-59.448460
-59.401386
-59.305500
-59.125061
-59.144997
-59.105900
-59.028728
-58.801632
-58.918472
-58.792553
-58.682404
-58.583920
-58.456596
-58.374363
-58.257809
-58.151371
-58.091610
-57.931099
-57.829903
-57.726074
-57.515331
-57.390594
-57.233788
-57.035393
-56.836361
-56.725220
-56.544094
-56.269131
-56.207787
-55.941921
-55.570026
-55.420391
-55.375637
-55.010460
-54.716408
-54.488049
-54.219421
-53.879818
-53.592762
-53.278183
-52.992752
-52.654381
-52.352379
-51.985222
-51.639614
-51.300552
-50.886036
-50.395691
-50.345352
-49.875462
-49.399128
-49.104137
-48.696072
-48.208817
-47.772648
-47.482201
-47.074875
-46.721161
-46.213451
-45.840595
-45.371758
-45.034550
-44.547779
-44.054134
-43.835003
-43.479729
-42.971039
-42.682850
-42.269226
-41.898617
-41.411858
-41.178677
-40.698368
-40.451481
-40.018364
-39.534420
-39.135212
-38.711643
-38.274525
-37.865055
-37.423603
-36.964874
-36.501297
-36.168312
-35.847538
-35.411961
-35.020992
-34.658554
-34.238609
-34.023205
-33.579826
-33.200275
-32.935398
-32.595711
-32.127979
-31.712845
-31.383923
-30.962196
-30.556055
-30.259066
-29.889624
-29.543468
-29.036535
-28.637957
-28.372438
-28.038715
-27.578705
-27.211536
-27.050344
-26.623045
-26.209894
-25.858068
-25.542204
-25.218388
-24.848141
-24.556265
-24.310389
-24.074110
-23.722275
-23.371431
-23.131289
-22.996401
-22.687883
-22.352833
-22.177198
-21.920630
-21.604809
-21.287762
-21.006622
-20.806593
-20.493563
-20.162697
-19.853447
-19.697857
-19.450834
-19.151793
-18.827658
-18.644049
-18.497793
-18.245678
-17.978411
-17.865139
-17.693043
-17.318823
-17.211561
-17.145596
-16.890175
-16.688267
-16.381098
-16.315731
-16.007614
-15.827136
-15.623302
-15.499156
-15.277090
-15.049368
-14.886431
-14.699400
-14.616023
-14.341983
-14.198309
-13.986432
-13.925896
-13.697618
-13.674036
-13.393772
-13.367404
-13.144337
-12.940936
-12.978575
-12.795474
-12.600189
-12.536868
-12.454616
-12.229160
-12.087750
-12.038648
-11.911070
-11.713714
-11.595869
-11.534478
-11.522311
-11.195206
-11.214091
-11.002720
-10.967488
-10.876543
-10.751865
-10.683937
-10.610052
-10.562251
-10.383677
-10.239051
-10.227356
-10.088667
-9.951158
-9.821192
-9.769657
-9.610221
-9.524259
-9.390725
-9.274705
-9.102522
-9.051986
-8.883482
-8.818226
-8.730663
-8.636044
-8.341969
-8.315187
-8.326283
-8.082994
-7.986077
-7.771389
-7.628741
-7.633401
-7.523079
-7.351681
-7.167456
-7.184888
-7.014777
-6.815931
-6.705269
-6.613835
-6.463632
-6.322276
-6.164177
-6.061904
-5.953973
-5.742549
-5.542801
-5.363458
-5.275024
-5.141856
-4.979275
-4.776082
-4.622474
-4.487088
-4.358278
-4.260952
-4.148397
-4.008708
-3.928130
-3.725137
-3.820864
-3.723792
-3.623670
-3.377429
-3.406338
-3.302725
-3.191266
-3.161140
-3.085109
-2.863424
-2.794801
-2.737358
-2.803551
-2.568253
-2.558138
-2.460387
-2.487329
-2.496503
-2.487895
-2.379668
-2.401268
-2.451367
-2.399263
-2.413791
-2.322997
-2.398434
-2.260516
-2.260295
-2.194077
-2.274637
-2.198904
-2.168331
-2.083756
-2.092710
-2.196259
-2.131418
-2.067185
-2.159025
-2.201480
-2.071905
-2.064070
-2.170482
-2.134149
-2.153008
-2.166502
-2.078486
-2.221476
-2.055021
-1.943847
-2.025133
-2.066133
-2.085285
-1.908774
-1.974902
-1.914049
-1.842135
-1.800958
-1.801093
-1.870996
-1.697029
-1.630054
-1.671808
-1.658708
-1.615675
-1.598221
-1.565682
-1.352393
-1.346090
-1.389870
-1.318208
-1.300127
-1.174027
-1.102426
-1.026409
-1.009282
-1.017309
-0.951386
-0.887881
-0.808780
-0.864686
-0.797373
-0.681784
-0.684480
-0.651937
-0.492142
-0.433665
-0.488500
-0.504907
-0.342721
-0.281490
-0.345390
-0.376387
-0.242894
-0.239170
-0.290956
-0.291007
-0.349447
-0.277997
-0.305824
-0.237462
-0.245009
-0.190158
-0.282979
-0.097115
-0.012703
0.051520
0.044258
0.124378
0.166858
0.301819
0.342311
0.298051
0.308685
0.436711
0.400358
0.404673
0.411029
0.383337
0.424162
0.452585
0.489502
0.523555
0.409211
0.462271
0.462225
0.443876
0.363852
0.421109
0.433148
0.354323
0.234671
0.253455
0.207210
0.169640
0.236138
0.139238
0.042513
0.187467
0.125861
0.187047
0.132380
0.110560
0.159577
0.166835
0.228557
0.167416
0.157709
0.027653
0.167138
0.172043
0.142629
0.168735
0.238243
0.259317
0.231053
0.376181
0.515370
0.560100
0.642716
0.765963
0.669579
0.914571
0.899822
0.953898
0.855963
0.949782
0.797609
0.849147
0.735886
0.700094
0.664291
0.538677
0.518872
0.383697
0.489081
0.429465
0.411906
0.386741
0.296119
0.324687
0.294116
0.357833
0.210548
0.352710
0.318252
0.182427
0.050384
0.001349
0.098391
0.040990
-0.108921
-0.169798
-0.224259
-0.200118
-0.235344
-0.218847
-0.323140
-0.444371
-0.468382
-0.384814
-0.330623
-0.463023
-0.543791
-0.649485
-0.708498
-0.726185
-0.795932
-0.802184
-0.706195
-0.838363
-0.837759
-0.781901
-0.833355
-0.837981
-0.719820
-0.747901
-0.602598
-0.494916
-0.531465
-0.580820
-0.514764
-0.648101
-0.546696
-0.464749
-0.418167
-0.457123
-0.415588
-0.478242
-0.557664
-0.481529
-0.500127
-0.514676
-0.395158
-0.265763
-0.321445
-0.232038
-0.205698
-0.227276
-0.166446
-0.178026
-0.038402
0.036552
-0.059096
-0.130680
-0.050488
0.035362
-0.024090
0.027102
-0.031518
0.126859
0.037422
0.243805
0.158985
0.166132
0.178061
0.199013
0.402646
0.397196
0.386072
0.218882
0.368728
0.356636
0.376039
0.462730
0.374420
0.443041
0.453789
0.542065
0.440596
0.519985
0.453418
0.465881
0.490872
0.618415
0.562209
0.474004
0.491848
0.488058
0.437519
0.377129
0.383104
0.437929
0.346704
0.455326
0.394143
0.398306
0.314383
0.341736
0.307500
0.379094
0.452859
0.456823
0.379741
0.348946
0.382555
0.380872
0.453598
0.386492
0.327700
0.387203
0.337329
0.402603
0.312620
0.376752
0.326087
0.273816
0.322426
0.354143
0.249569
0.221120
0.420605
0.236579
0.223331
0.211842
0.208043
0.068549
0.254213
0.247396
0.155333
0.106024
0.106590
0.220795
0.095249
0.074829
0.111555
0.074400
0.084358
0.088592
0.116255
0.024127
0.063745
0.001666
-0.118816
-0.025340
-0.008460
-0.012092
-0.110533
-0.015957
-0.057121
0.027455
-0.098995
-0.081465
-0.120766
-0.052402
-0.050467
-0.013615
-0.068152
-0.139469
-0.106548
-0.171054
-0.143466
-0.081388
-0.153414
-0.137840
-0.189346
-0.091418
-0.180300
-0.163593
-0.195608
-0.115571
-0.139587
-0.134300
-0.135267
-0.165281
-0.201288
-0.221070
-0.143039
-0.206176
-0.101326
-0.220869
-0.198022
-0.217653
-0.150917
-0.185935
-0.197530
-0.143582
-0.150064
-0.031624
-0.009327
-0.150569
-0.060419
-0.001930
0.021315
0.015448
0.106298
0.043695
0.113949
0.080705
0.119426
0.068250
0.150735
0.096433
0.105138
0.071459
0.158966
0.115668
0.065888
0.124764
0.057154
0.114598
0.068587
0.018056
-0.036230
-0.023454
-0.010027
-0.097011
-0.121478
-0.284773
-0.312982
-0.301992
-0.267676
-0.286131
-0.499625
-0.526834
-0.407506
-0.401333
-0.510445
-0.424191
-0.531758
-0.596085
-0.491708
-0.420323
-0.503220
-0.570426
-0.516574
-0.498918
-0.477866
-0.404384
-0.478837
-0.504100
-0.469832
-0.428429
-0.312366
-0.263967
-0.422235
-0.456391
-0.312170
-0.311883
-0.255704
-0.288255
-0.295566
-0.258739
-0.302843
-0.239024
-0.262639
-0.238184
-0.267865
-0.225702
-0.314725
-0.237863
-0.254487
-0.336966
-0.370450
-0.244123
-0.390447
-0.391667
-0.331543
-0.403085
-0.431669
-0.361370
-0.433472
-0.431620
-0.472917
-0.480923
-0.486947
-0.362488
-0.452321
-0.571493
-0.482215
-0.525912
-0.581366
-0.565584
-0.481038
-0.582824
-0.545173
-0.642674
-0.653889
-0.709975
-0.726713
-0.725884
-0.701099
-0.552042
-0.538440
-0.539560
-0.487413
-0.477142
-0.481306
-0.324729
-0.208221
-0.266534
-0.229390
-0.343341
-0.274205
-0.350012
-0.411825
-0.445374
-0.281529
-0.352236
-0.319420
-0.395095
-0.432572
-0.448349
-0.321147
-0.238965
-0.180470
-0.170288
-0.323944
-0.290989
-0.221378
-0.240014
-0.247012
-0.235801
-0.299407
-0.301550
-0.249994
-0.309210
-0.420129
-0.413769
-0.388746
-0.298279
-0.268485
-0.209914
-0.275641
-0.229374
-0.398065
-0.282199
-0.288272
-0.230875
-0.304469
-0.303955
-0.371280
-0.401129
-0.402254
-0.464334
-0.580631
-0.523498
-0.557543
-0.534040
-0.526983
-0.558487
-0.657392
-0.578145
-0.636280
-0.546556
-0.600363
-0.489812
-0.619367
-0.610484
-0.600275
-0.633917
-0.599627
-0.604023
-0.637072
-0.671625
-0.689009
-0.643937
-0.658196
-0.701422
-0.704803
-0.764709
-0.760539
-0.785438
-0.711672
-0.773109
-0.823744
-0.867303
-0.928508
-0.912088
-0.836814
-0.922816
-0.931474
-0.932230
-0.947836
-0.972920
-0.993924
-0.925524
-0.977448
-0.968896
-1.095723
-0.986799
-0.978945
-0.975875
-1.098556
-1.079398
-1.065615
-1.106590
-1.075287
-1.042970
-1.047277
-1.141135
-1.126329
-1.109072
-1.107993
-1.159051
-1.107412
-1.121918
-1.178419
-1.144474
-1.106144
-1.079232
-1.122662
-1.061063
-1.128536
-1.082978
-1.013246
-1.057759
-1.116020
-1.038458
-1.129290
-1.076287
-1.050324
-0.984912
-1.043791
-0.990028
-0.946520
-0.932263
-0.918501
-0.861098
-0.798089
-0.803856
-0.761661
-0.760117
-0.641986
-0.693324
-0.739581
-0.627675
-0.575372
-0.506884
-0.523387
-0.563541
-0.649364
-0.553395
-0.589366
-0.487861
-0.491246
-0.497957
-0.560237
-0.513397
-0.537338
-0.466167
-0.424170
-0.425599
-0.377889
-0.318728
-0.513132
-0.488860
-0.488422
-0.547541
-0.600766
-0.556730
-0.502611
-0.571316
-0.509301
-0.662117
-0.697811
-0.760305
-0.836412
-0.752974
-0.760327
-0.751959
-0.799173
-0.812910
-0.901340
-0.859666
-0.845711
-0.791934
-0.760866
-0.671480
-0.653391
-0.637989
-0.670034
-0.791513
-0.809675
-0.714436
-0.673596
-0.742820
-0.609668
-0.729327
-0.684161
-0.628892
-0.693501
-0.743452
-0.748334
-0.709615
-0.541235
-0.521657
-0.588454
-0.605445
-0.576124
-0.578398
-0.556032
-0.506661
-0.505183
-0.567180
-0.617205
-0.603172
-0.449335
-0.526612
-0.608545
-0.662531
-0.619931
-0.506035
-0.580100
-0.559509
-0.589475
-0.653497
-0.542654
-0.403226
-0.545571
-0.583478
-0.617902
-0.506438
-0.463211
-0.449669
-0.540028
-0.526453
-0.581991
-0.450520
-0.446080
-0.453377
-0.517595
-0.594110
-0.567740
-0.476773
-0.409868
-0.510665
-0.541139
-0.566304
-0.527564
-0.473417
-0.549159
-0.508386
-0.563307
-0.424618
-0.507378
-0.483592
-0.495293
-0.579701
-0.570315
-0.529544
-0.491062
-0.568865
-0.552638
-0.780364
-0.704303
-0.651441
-0.662931
-0.790165
-0.808682
-0.836813
-0.869617
-0.914189
-0.838667
-0.901573
-0.922612
-0.952998
-0.919559
-0.903280
-1.006167
-0.899749
-0.914671
-0.902298
-0.933218
-0.945897
-1.004968
-0.934760
-0.893161
-1.015103
-1.058891
-1.148001
-1.328101
-1.301241
-1.260033
-1.352518
-1.437911
-1.376455
-1.434912
-1.428278
-1.413686
-1.388499
-1.476679
-1.468307
-1.406006
-1.216259
-1.190723
-1.273134
-1.339119
-1.354397
-1.322894
-1.296564
-1.309670
-1.309110
-1.301751
-1.082877
-1.039091
-0.909733
-0.980772
-1.034779
-0.954014
-0.700487
-0.585618
-0.596830
-0.629407
-0.730613
-0.727949
-0.812688
-0.801760
-0.945114
-1.127463
-1.121251
-1.086740
-1.145186
-1.193609
-1.198348
-1.124469
-1.048395
-1.038148
-0.934606
-0.818025
-0.873348
-0.883810
-0.918034
-0.891486
-0.952920
-1.026587
-1.066397
-1.119789
-1.182050
-1.276126
-1.229833
-1.244845
-1.148489
-1.065593
-1.060793
-1.068883
-0.998761
-0.971101
-0.909814
-0.959915
-0.927657
-0.991635
-1.005321
-0.985348
-1.043188
-1.091257
-1.201381
-1.195528
-1.215595
-1.140204
-1.134300
-1.094533
-1.034925
-1.053285
-1.001658
-0.967828
-0.963721
-0.922336
-0.944740
-0.958637
-0.960563
-0.972485
-1.018025
-1.109579
-1.136824
-1.097026
-1.117336
-0.993213
-1.055718
-1.073373
-1.023273
-0.927252
-0.951542
-0.893035
-0.885305
-0.906073
-0.949228
-0.840632
-0.858407
-0.909127
-0.953922
-0.971072
-0.974587
-0.970832
-0.949380
-0.942614
-1.034266
-0.977593
-0.910309
-0.929228
-0.882741
-0.904261
-0.851634
-0.880867
-0.810524
-0.820252
-0.921971
-0.904388
-0.905015
-0.923002
-0.936776
-0.928996
-1.003426
-0.947746
-0.959168
-0.877055
-0.934928
-0.874500
-0.913102
-0.854446
-0.860671
-0.778965
-0.775544
-0.859723
-0.901745
-0.876083
-0.869380
-0.897936
-0.916586
-0.986757
-0.941260
-0.897307
-0.962423
-1.006654
-0.953198
-0.930930
-0.914056
-0.969112
-0.909390
-0.902739
-0.946510
-1.016070
-0.964194
-0.963131
-0.974527
-1.099691
-1.047188
-1.123100
-1.018420
-1.125166
-1.057085
-1.084296
-1.067320
-1.088872
-1.046162
-0.989736
-1.006937
-1.039016
-1.002779
-1.087033
-1.037553
-1.090207
-1.070019
-1.092981
-1.155215
-1.057351
-1.093416
-1.116786
-1.159842
-1.114301
-1.132395
-1.091380
-1.110073
-1.079915
-1.052860
-1.106361
-1.139128
-1.096093
-1.063023
-1.097738
-1.170613
-1.109150
-1.064918
-1.062643
-1.137546
-1.072487
-1.128897
-1.119663
-1.063726
-1.096987
-1.071010
-1.086596
-1.069405
-1.085972
-0.980775
-1.082277
-1.067175
-1.129895
-1.025683
-1.102257
-1.065075
-1.085825
-1.049696
-1.055915
-1.081822
-1.134655
-1.012093
-1.041108
-1.079258
-1.088146
-0.994968
-1.036223
-1.062080
-1.050475
-1.030329
-1.085503
-1.058092
-1.041630
-0.992649
-1.092379
-1.077727
-0.969488
-1.068649
-1.040002
-1.091568
-1.022651
-1.034085
-1.044778
-1.044443
-1.042335
-0.997344
-1.102205
-1.089903
-1.041385
-1.033069
-1.061624
-1.125428
-0.969288
-1.082783
-1.062357
-1.063582
-1.069594
-1.101699
-1.114157
-1.081734
-0.940455
-1.014971
-1.088396
-1.069195
-1.049269
-1.021774
-1.081641
-1.008072
-1.050186
-1.022864
-1.065862
-1.084956
-1.022165
-1.029998
-1.075722
-1.115247
-0.985250
-1.041322
-1.057871
-1.080040
-1.040376
-1.009359
-0.997752
-1.028091
-1.005388
-1.076427
-1.062097
-1.003100
-0.967387
-1.029164
-1.039929
-0.990345
-1.010068
-1.038626
-0.977453
-0.987474
-1.027598
-1.048333
-0.972252
-0.883544
-1.020981
-1.052841
-1.054349
-0.925142
-0.963666
-0.980610
-1.004092
-0.984748
-0.982644
-0.920625
-0.941794
-0.999132
-0.976182
-0.943731
-0.942804
-0.959142
-0.927479
-0.963118
-1.020882
-0.914695
-0.972239
-0.884106
-1.006660
-0.952394
-0.890438
-0.855440
-0.904050
-0.932766
-0.882810
-0.864261
-0.891677
-0.812679
-0.877619
-0.867774
-0.911049
-0.853355
-0.769759
-0.847472
-0.882033
-0.824684
-0.788474
-0.818504
-0.864997
-0.757782
-0.805984
-0.763388
-0.791475
-0.750018
-0.791284
-0.788813
-0.745976
-0.770866
-0.748980
-0.766625
-0.738302
-0.737895
-0.749205
-0.790834
-0.736128
-0.657199
-0.715558
-0.731407
-0.767299
-0.675274
-0.729824
-0.656598
-0.787025
-0.711532
-0.713820
-0.694636
-0.699291
-0.714377
-0.696884
-0.741116
-0.703280
-0.697781
-0.644328
-0.694499
-0.717103
-0.725172
-0.700418
-0.674386
-0.671820
-0.725015
-0.742231
-0.679622
-0.769074
-0.709645
-0.732801
-0.692593
-0.751944
-0.737798
-0.651960
-0.735326
-0.707235
-0.693635
-0.681911
-0.725049
-0.679913
-0.688342
-0.667314
-0.793009
-0.691187
-0.666797
-0.675241
-0.759305
-0.754323
-0.709853
-0.712737
-0.696252
-0.731352
-0.693984
-0.711108
-0.664879
-0.668199
-0.677183
-0.677208
-0.670418
-0.674473
-0.659327
-0.611559
-0.580416
-0.648604
-0.687755
-0.656570
-0.511715
-0.606861
-0.597808
-0.717907
-0.575756
-0.655729
-0.675131
-0.649342
-0.617600
-0.677530
-0.685941
-0.637787
-0.619708
-0.612576
-0.655947
-0.636588
-0.632572
-0.627594
-0.590286
-0.651622
-0.606931
-0.601962
-0.629163
-0.633161
-0.626501
-0.626864
-0.627357
-0.594131
-0.621264
-0.608651
-0.658052
-0.643091
-0.596119
-0.617318
-0.651995
-0.591989
-0.642299
-0.603309
-0.583526
-0.676953
-0.618967
-0.610753
-0.625737
-0.625939
-0.627023
-0.674811
-0.627122
-0.750347
-0.646316
-0.693641
-0.650651
-0.702549
-0.670701
-0.711388
-0.619678
-0.579040
-0.679715
-0.701984
-0.691058
-0.617168
-0.642487
-0.672342
-0.714494
-0.692375
-0.648349
-0.691727
-0.658609
-0.759831
-0.700602
-0.688236
-0.680096
-0.642004
-0.664431
-0.671328
-0.721592
-0.698825
-0.601671
-0.659219
-0.661571
-0.756125
-0.670757
-0.677538
-0.677447
-0.744575
-0.691997
-0.674418
-0.711406
-0.753174
-0.630613
-0.646578
-0.711425
-0.719104
-0.671193
-0.551624
-0.700114
-0.714862
-0.753915
-0.630111
-0.639798
-0.709420
-0.696053
-0.746615
-0.693379
-0.739909
-0.676542
-0.789542
-0.759245
-0.713529
-0.728735
-0.669262
-0.721113
-0.735711
-0.767640
-0.678750
-0.680615
-0.731775
-0.695011
-0.702939
-0.708952
-0.717895
-0.623365
-0.709237
-0.727342
-0.740268
-0.752084
-0.696398
-0.688085
-0.710058
-0.709018
-0.680812
-0.651060
-0.655790
-0.708813
-0.683391
-0.747093
-0.674032
-0.650063
-0.631912
-0.670770
-0.652133
-0.768084
-0.692403
-0.683490
-0.658100
-0.683988
-0.684215
-0.599334
-0.662534
-0.652680
-0.627137
-0.690963
-0.698546
-0.655730
-0.547715
-0.620176
-0.606701
-0.649778
-0.659617
-0.672508
-0.583463
-0.546907
-0.635037
-0.667377
-0.655613
-0.577589
-0.561048
-0.586009
-0.618455
-0.600145
-0.591406
-0.587088
-0.492057
-0.566081
-0.560651
-0.610269
-0.493687
-0.532065
-0.538074
-0.562431
-0.563743
-0.483379
-0.517445
-0.459922
-0.519304
-0.551864
-0.599092
-0.470604
-0.474818
-0.471417
-0.500473
-0.517139
-0.475738
-0.415960
-0.428011
-0.470266
-0.458933
-0.440313
-0.399999
-0.442768
-0.379863
-0.433339
-0.431409
-0.399281
-0.324842
-0.389386
-0.398493
-0.456587
-0.438782
-0.362666
-0.336178
-0.401186
-0.434517
-0.416278
-0.373081
-0.435413
-0.420499
-0.432096
-0.428816
-0.449753
-0.305124
-0.401930
-0.403824
-0.468880
-0.382455
-0.378274
-0.381651
-0.374316
-0.372932
-0.408610
-0.422920
-0.449122
-0.313636
-0.392397
-0.376425
-0.433457
-0.364171
-0.336116
-0.320018
-0.385951
-0.343982
-0.299118
-0.310990
-0.344629
-0.360431
-0.262937
-0.344641
-0.311722
-0.337135
-0.339820
-0.341518
-0.286988
-0.324247
-0.377244
-0.304858
-0.284129
-0.319248
-0.258142
-0.221850
-0.273483
-0.326986
-0.309453
-0.228211
-0.210846
-0.322858
-0.181248
-0.186574
-0.259488
-0.308275
-0.201397
-0.207752
-0.195200
-0.302825
-0.175107
-0.118088
-0.127629
-0.266766
-0.208147
-0.169093
-0.113173
-0.168419
-0.107460
-0.094383
-0.120615
-0.136891
-0.037747
-0.058079
-0.114276
-0.121222
-0.059959
-0.038997
-0.120225
-0.059238
-0.028881
-0.148828
-0.150086
-0.079238
-0.052415
-0.064385
-0.106033
-0.063778
0.014085
-0.025588
-0.168433
-0.057990
-0.012250
0.020408
-0.086700
-0.034990
-0.009847
-0.088286
-0.085734
-0.017925
-0.101888
-0.049097
-0.040989
-0.010529
-0.013234
0.008537
-0.093071
-0.054921
-0.013732
0.018087
0.046440
-0.032577
0.039844
-0.000006
-0.011421
0.013248
0.029068
-0.020104
-0.004297
-0.002896
0.050227
0.056781
0.017005
-0.042340
0.040563
0.027380
0.099224
-0.004294
0.123376
0.004277
0.024168
-0.022244
0.112690
0.089140
0.047868
0.017168
0.055821
0.112545
0.047568
0.066896
0.130147
0.065923
0.051665
0.064048
0.136591
0.116836
0.125332
0.054746
0.097997
0.136585
0.088861
0.022932
0.082394
0.076929
0.121121
0.053670
0.099812
0.041030
0.046856
0.083997
0.065328
0.085581
0.060103
0.075936
-0.014386
0.050395
-0.019979
0.072709
-0.032198
-0.007230
-0.000886
0.033942
-0.049504
-0.077960
0.015720
-0.029683
-0.026983
-0.037020
0.044215
-0.098894
-0.043446
-0.023704
-0.074112
-0.044354
-0.122270
-0.095637
-0.071389
-0.032713
-0.152434
-0.073376
-0.117628
-0.125228
-0.107054
-0.073800
0.001828
-0.043444
-0.068025
-0.078378
-0.052608
-0.034570
0.009399
0.021992
-0.007611
-0.050037
-0.047052
0.035321
0.109111
-0.004760
-0.055253
-0.057438
0.041917
-0.000514
-0.029335
-0.012747
-0.020396
-0.045152
-0.119575
-0.048285
0.015325
0.001974
-0.051774
-0.035999
0.124118
0.013798
0.079864
-0.043282
0.177053
0.077352
0.127614
0.009758
0.143878
0.098223
0.098833
0.160249
0.139599
0.157900
0.078518
0.191280
0.260118
0.232954
0.163625
0.158719
0.178329
0.223794
0.223882
0.322055
0.193104
0.151213
0.217640
0.268417
0.186627
0.174538
0.144121
0.127007
0.157691
0.083274
0.105767
0.151625
0.160628
0.067483
0.218752
0.216514
0.142289
0.126887
0.177563
0.277850
0.398589
0.437856
0.328566
0.136730
0.192363
0.178537
0.229212
0.212171
0.286798
0.192146
0.051901
0.136084
0.169753
0.104191
0.134243
0.202963
0.192082
0.170278
0.237938
0.262403
0.197972
0.112140
0.187817
0.141631
0.140763
0.172539
0.110813
0.118824
0.080004
0.002951
0.001706
0.070472
0.106975
0.149596
0.137929
0.137028
0.108258
0.151266
0.162100
0.177958
0.221877
0.238120
0.238790
0.261666
0.375450
0.222761
0.186451
0.273073
0.255022
0.364825
0.310264
0.356768
0.253325
0.307940
0.206376
0.312858
0.333970
0.273916
0.153490
0.217628
0.199551
0.047945
0.080408
0.021123
0.035925
-0.059358
-0.155347
-0.157841
0.010736
-0.070269
-0.135015
-0.091865
-0.156091
-0.132725
0.032758
-0.002247
0.003217
-0.112061
-0.119853
-0.222644
-0.108156
-0.247717
-0.372739
-0.439003
-0.451743
-0.427624
-0.357972
-0.428920
-0.451729
-0.524623
-0.471509
-0.442257
-0.509056
-0.543647
-0.554846
-0.464682
-0.448005
-0.377825
-0.444494
-0.572823
-0.627265
-0.440536
-0.406994
-0.387263
-0.451496
-0.536344
-0.603075
-0.683260
-0.691683
-0.678358
-0.752349
-0.796742
-0.797257
-0.946904
-0.905360
-1.049203
-1.130507
-1.356728
-1.198389
-1.161664
-1.259014
-1.315099
-1.387542
-1.386974
-1.474151
-1.389551
-1.410240
-1.380109
-1.474099
-1.459989
-1.365210
-1.317686
-1.331850
-1.395974
-1.306712
-1.258392
-1.078645
-1.071367
-1.065286
-1.078843
-0.815629
-0.918732
-0.879292
-0.903327
-0.960539
-0.915260
-0.850803
-0.803432
-0.917691
-0.960635
-1.030020
-0.924379
-0.990262
-0.904756
-0.980829
-0.887894
-0.926788
-0.866515
-0.911387
-0.894480
-1.064514
-1.059349
-1.078875
-0.997213
-1.053522
-1.071877
-1.156484
-0.979740
-0.902691
-0.922109
-0.879989
-0.922357
-0.970432
-0.908982
-0.706338
-0.742193
-0.813169
-0.971551
-0.963966
-0.871646
-0.913590
-1.105371
-1.117208
-1.011349
-0.972396
-0.984677
-1.074751
-1.151365
-1.233331
-1.191355
-1.191770
-1.107978
-1.239501
-1.338660
-1.492383
-1.335041
-1.463633
-1.604245
-1.634256
-1.641542
-1.591758
-1.538756
-1.472865
-1.698527
-1.808448
-1.789976
-1.791861
-1.677641
-1.810687
-2.013397
-1.974965
-1.981276
-1.985922
-2.183029
-2.290179
-2.525445
-2.499669
-2.462531
-2.337137
-2.382660
-2.588044
-2.697615
-2.634601
-2.636099
-2.742692
-2.742635
-2.861483
-2.890565
-2.940652
-2.969906
-3.054447
-3.241224
-3.428324
-3.491487
-3.427324
-3.482268
-3.615255
-3.692296
-3.643816
-3.753628
-3.820973
-3.886162
-3.875140
-3.949402
-4.028499
-4.072670
-4.096267
-4.322775
-4.434825
-4.443553
-4.530285
-4.697699
-4.781222
-4.847839
-4.868660
-4.956446
-5.060042
-5.041345
-5.152660
-5.251557
-5.340285
-5.287680
-5.436089
-5.457094
-5.595459
-5.688483
-5.741692
-5.862447
-5.935170
-6.046632
-6.209161
-6.232815
-6.238270
-6.319332
-6.493627
-6.576504
-6.603079
-6.664454
-6.776301
-6.841195
-6.969335
-7.037835
-7.143815
-7.174161
-7.264686
-7.277192
-7.564991
-7.608897
-7.638609
-7.665464
-7.755935
-7.874578
-8.022318
-8.198940
-8.233377
-8.253305
-8.389827
-8.475123
-8.604573
-8.699798
-8.763821
-8.872740
-9.023345
-9.167005
-9.242513
-9.326472
-9.424167
-9.524645
-9.629077
-9.711419
-9.818201
-9.976073
-9.966097
-10.116882
-10.237346
-10.411757
-10.496430
-10.425326
-10.549120
-10.722249
-10.824433
-10.885408
-11.001101
-11.110637
-11.186030
-11.160182
-11.323123
-11.548400
-11.568967
-11.725242
-11.719459
-11.934870
-12.011751
-12.117795
-12.061852
-12.276036
-12.375788
-12.428805
-12.524594
-12.698713
-12.761356
-12.962660
-13.002785
-13.210826
-13.193113
-13.436113
-13.543761
-13.799513
-13.885334
-13.947844
-14.084051
-14.241241
-14.374472
-14.378101
-14.613258
-14.826449
-14.855685
-15.002926
-15.122434
-15.301562
-15.281786
-15.377091
-15.515262
-15.662259
-15.709485
-15.842348
-15.955852
-16.092543
-16.167841
-16.220060
-16.343870
-16.482927
-16.570440
-16.730944
-16.787300
-16.965433
-17.126781
-17.232729
-17.185993
-17.395859
-17.576349
-17.692274
-17.836903
-17.902401
-18.066469
-18.172314
-18.306110
-18.404049
-18.509577
-18.616245
-18.723921
-18.824343
-19.010679
-19.101309
-19.155895
-19.242193
-19.432837
-19.469419
-19.596491
-19.680082
-19.808916
-19.995312
-20.017986
-20.127525
-20.235783
-20.405720
-20.427395
-20.581690
-20.750830
-20.874596
-20.949121
-21.078770
-21.306356
-21.373720
-21.570446
-21.734245
-21.911062
-22.025066
-22.229628
-22.352951
-22.516075
-22.586229
-22.706358
-22.958626
-23.054319
-23.237370
-23.341347
-23.507910
-23.699299
-23.792091
-24.054443
-24.135338
-24.325689
-24.568499
-24.729404
-24.841389
-24.994877
-25.310642
-25.391277
-25.548496
-25.783813
-25.958439
-26.005270
-26.205954
-26.515865
-26.530338
-26.673206
-26.940340
-27.166620
-27.266052
-27.428272
-27.671541
-27.881248
-28.049505
-28.170128
-28.308348
-28.576538
-28.734215
-28.875639
-28.977530
-29.207636
-29.344656
-29.567614
-29.612408
-29.857767
-30.026230
-30.145905
-30.255529
-30.458075
-30.682800
-30.788288
-30.931154
-31.136227
-31.293533
-31.372286
-31.514185
-31.722679
-31.874788
-32.003761
-32.099873
-32.215679
-32.393013
-32.623692
-32.620281
-32.836830
-32.914688
-33.161739
-33.140461
-33.293133
-33.496040
-33.612160
-33.717613
-33.869022
-33.955372
-34.078545
-34.248589
-34.305321
-34.437565
-34.568928
-34.655373
-34.748245
-34.928772
-35.071442
-34.994102
-35.169350
-35.339935
-35.412323
-35.417114
-35.551033
-35.740295
-35.800762
-35.868206
-35.918316
-36.050816
-36.088570
-36.232510
-36.275902
-36.425461
-36.477654
-36.496830
-36.669067
-36.703407
-36.858212
-36.828564
-36.901562
-37.001091
-37.102852
-37.118698
-37.179867
-37.341213
-37.417301
-37.475498
-37.480259
-37.625771
-37.625778
-37.792786
-37.809505
-37.866722
-37.920456
-38.038761
-38.162415
-38.091560
-38.140198
-38.256596
-38.319408
-38.347450
-38.436180
-38.531387
-38.544212
-38.547882
-38.708389
-38.786739
-38.787842
-38.898426
-38.960239
-39.080288
-39.015587
-39.209606
-39.196915
-39.266735
-39.391590
-39.514000
-39.436234
-39.657108
-39.730721
-39.741081
-39.816944
-39.930141
-39.997963
-40.094448
-40.201839
-40.302753
-40.399010
-40.491974
-40.499992
-40.602089
-40.811420
-40.884846
-40.887100
-41.076073
-41.107777
-41.195778
-41.242184
-41.287975
-41.463707
-41.510639
-41.520378
-41.591232
-41.724270
-41.726555
-41.788467
-41.979733
-42.050808
-42.090263
-42.247940
-42.327286
-42.378826
-42.491669
-42.557796
-42.664814
-42.733269
-42.862236
-42.876450
-42.993923
-43.009773
-43.043694
-43.172276
-43.219360
-43.257950
-43.302147
-43.380054
-43.519390
-43.671608
-43.670753
-43.821995
-44.014275
-43.923965
-44.064339
-44.195705
-44.311836
-44.362347
-44.423531
-44.537128
-44.646652
-44.569485
-44.640465
-44.684296
-44.784126
-44.829041
-44.833504
-44.917278
-44.916901
-44.918026
-45.032269
-45.083809
-45.055763
-45.121639
-45.171356
-45.283695
-45.228046
-45.317059
-45.345219
-45.337975
-45.381763
-45.535656
-45.516224
-45.439228
-45.523621
-45.651897
-45.664188
-45.669903
-45.702541
-45.887424
-45.881947
-46.030804
-46.090534
-46.170689
-46.186817
-46.403503
-46.408169
-46.494335
-46.555168
-46.669609
-46.668800
-46.789543
-46.903435
-46.842052
-46.973274
-46.969994
-47.087063
-47.116138
-47.215168
-47.396221
-47.382019
-47.434280
-47.521927
-47.677425
-47.725536
-47.709480
-47.907974
-47.920639
-47.981373
-47.948391
-48.111191
-48.180328
-48.223885
-48.218044
-48.275261
-48.391411
-48.465618
-48.524326
-48.479549
-48.676090
-48.773613
-48.729820
-48.871307
-48.948055
-48.891209
-48.989178
-49.189781
-49.231129
-49.162575
-49.199333
-49.320080
-49.448166
-49.453472
-49.514099
-49.619236
-49.710598
-49.780415
-49.888706
-49.889565
-50.049603
-50.035000
-50.078995
-50.303532
-50.436958
-50.437729
-50.324268
-50.523037
-50.691807
-50.658176
-50.768131
-50.941978
-50.926495
-50.985607
-51.061493
-51.292709
-51.374012
-51.383293
-51.367527
-51.685421
-51.794857
-51.753639
-51.796894
-52.018867
-52.214046
-52.152462
-52.192673
-52.491367
-52.512703
-52.506325
-52.609146
-52.859032
-52.886486
-52.929237
-53.006111
-53.199390
-53.267948
-53.276566
-53.376259
-53.490280
-53.566525
-53.577934
-53.727512
-53.884281
-53.872250
-53.857731
-54.098995
-54.205170
-54.235310
-54.288975
-54.404999
-54.541691
-54.615776
-54.611107
-54.701206
-54.768185
-54.977825
-54.804020
-55.039387
-55.055363
-55.097240
-55.042385
-55.370415
-55.302990
-55.337860
-55.386868
-55.562611
-55.605408
-55.652832
-55.678146
-55.740906
-55.746307
-55.906788
-55.994087
-55.924389
-55.945866
-56.061069
-56.076496
-56.065380
-56.232658
-56.090893
-56.241592
-56.224789
-56.411819
-56.313046
-56.424911
-56.340820
-56.364574
-56.551231
-56.509041
-56.481750
-56.554199
-56.609962
-56.618282
-56.576473
-56.563808
-56.652153
-56.680809
-56.676186
-56.630077
-56.776291
-56.773731
-56.701996
-56.577965
-56.789364
-56.880581
-56.703678
-56.729984
-56.753365
-56.826447
-56.760845
-56.812149
-56.803875
-56.708218
-56.711445
-56.839912
-56.927841
-56.780376
-56.748837
-56.767918
-56.848816
-56.816418
-56.894371
-56.801968
-56.764725
-56.840801
-56.859352
-56.863274
-56.811802
-56.815323
-56.832588
-56.838188
-56.868328
-56.768990
-56.818993
-56.711212
-56.998085
-56.849571
-56.742744
-56.866131
-56.914211
-56.830944
-56.792915
-56.972313
-56.928520
-56.809338
-56.990292
-56.981998
-56.956627
-56.882122
-56.994644
-56.900654
-56.924011
-57.136105
-57.023991
-56.967312
-57.010803
-57.068024
-57.057819
-57.076298
-56.977726
-57.071461
-57.147968
-57.100124
-57.094269
-57.196484
-57.012112
-57.106853
-57.166000
-57.236233
-57.166313
-57.070465
-57.335457
-57.243073
-57.220867
-57.179680
-57.307911
-57.331547
-57.281578
-57.296551
-57.418446
-57.504036
-57.286167
-57.360527
-57.524971
-57.530277
-57.453766
-57.506149
-57.596760
-57.639099
-57.592808
-57.674084
-57.763165
-57.778019
-57.659222
-57.828503
-57.825321
-57.860641
-57.819839
-57.887127
-57.991520
-57.987675
-57.908859
-57.866100
-58.020618
-57.957504
-58.081078
-58.115280
-58.200947
-58.202377
-58.163433
-58.192062
-58.306358
-58.407219
-58.330582
-58.324848
-58.525364
-58.533447
-58.373024
-58.362003
-58.487957
-58.446289
-58.366196
-58.382385
-58.496368
-58.483341
-58.439915
-58.366470
-58.388916
-58.474682
-58.262913
-58.247917
-58.426186
-58.404533
-58.349144
-58.246105
-58.352371
-58.130611
-58.109978
-58.112549
-58.023777
-58.017380
-57.932934
-58.027428
-57.770893
-57.766026
-57.785812
-57.680878
-57.573353
-57.496979
-57.603626
-57.359287
-57.396370
-57.272888
-57.307625
-57.258686
-57.070988
-57.021614
-56.954853
-56.950390
-56.821339
-56.884068
-56.763885
-56.646408
-56.613846
-56.492573
-56.473049
-56.435917
-56.347916
-56.149410
-56.113991
-56.077473
-56.017502
-55.921200
-55.778706
-55.717354
-55.553642
-55.647083
-55.444401
-55.339653
-55.245461
-55.278561
-55.263630
-55.082993
-54.958313
-54.954758
-54.935669
-54.855797
-54.718319
-54.648434
-54.603901
-54.473541
-54.438049
-54.431442
-54.340546
-54.184769
-54.143177
-54.214867
-54.091286
-53.963272
-53.899338
-53.918877
-53.833786
-53.856884
-53.813210
-53.718716
-53.742416
-53.728157
-53.589523
-53.638802
-53.666573
-53.490688
-53.470692
-53.559719
-53.526775
-53.357471
-53.428307
-53.475437
-53.407726
-53.250622
-53.441357
-53.523014
-53.395069
-53.331917
-53.417404
-53.453945
-53.368355
-53.308369
-53.353329
-53.364380
-53.377167
-53.284485
-53.340702
-53.369209
-53.402546
-53.376205
-53.315540
-53.437202
-53.433945
-53.469135
-53.407291
-53.429375
-53.567307
-53.578449
-53.440060
-53.475567
-53.561256
-53.535439
-53.645302
-53.527676
-53.587257
-53.624504
-53.628044
-53.648266
-53.635418
-53.735081
-53.670811
-53.657284
-53.733356
-53.749989
-53.798935
-53.661720
-53.732639
-53.821892
-53.897121
-53.686913
-53.722195
-53.879852
-53.890614
-53.758949
-53.748806
-53.826469
-53.841408
-53.845566
-53.778831
-53.836411
-53.903481
-53.715809
-53.798801
-53.838516
-53.886414
-53.731071
-53.746639
-53.816406
-53.809097
-53.773403
-53.696236
-53.771149
-53.695366
-53.751144
-53.752007
-53.698849
-53.681965
-53.696217
-53.667061
-53.586727
-53.516479
-53.583782
-53.569176
-53.548450
-53.456726
-53.523552
-53.448330
-53.458923
-53.310337
-53.261826
-53.400692
-53.385067
-53.262539
-53.235600
-53.257084
-53.183224
-53.081333
-53.117443
-53.159882
-53.026218
-53.015018
-53.093468
-53.133179
-52.922398
-52.822010
-52.980080
-52.800816
-52.839497
-52.834023
-52.803844
-52.758827
-52.700073
-52.710835
-52.684517
-52.595379
-52.531677
-52.535568
-52.432621
-52.462147
-52.405460
-52.412125
-52.401566
-52.292961
-52.207249
-52.354206
-52.185902
-52.129498
-52.034428
-52.229065
-52.072788
-51.973751
-51.946426
-51.955994
-51.919960
-51.869331
-51.802322
-51.768959
-51.765560
-51.750095
-51.685425
-51.711040
-51.598648
-51.504635
-51.534180
-51.516323
-51.483494
-51.409935
-51.459450
-51.306103
-51.352345
-51.271152
-51.303970
-51.113548
-51.208050
-51.181789
-51.050720
-51.011387
-51.024246
-51.025116
-50.868950
-50.902058
-50.960873
-50.824314
-50.758335
-50.669758
-50.806023
-50.628319
-50.581398
-50.474533
-50.575970
-50.544292
-50.471931
-50.368935
-50.364155
-50.341156
-50.079018
-50.162441
-50.199696
-50.162346
-50.041656
-49.964230
-49.949711
-49.913261
-49.894772
-49.808533
-49.750587
-49.815170
-49.781330
-49.680729
-49.547935
-49.681797
-49.578102
-49.522022
-49.505535
-49.369034
-49.378124
-49.369801
-49.418022
-49.293438
-49.222824
-49.216030
-49.208900
-49.106777
-49.014961
-49.002945
-49.104023
-49.075947
-48.943428
-48.806992
-48.929405
-48.987778
-48.827297
-48.786945
-48.798943
-48.838482
-48.778522
-48.655846
-48.805340
-48.834057
-48.625355
-48.422688
-48.586117
-48.580379
-48.345741
-48.253468
-48.415295
-48.422009
-48.205166
-48.150867
-48.269226
-48.151402
-48.113895
-48.082897
-48.124714
-48.071743
-48.026413
-47.898418
-47.986092
-47.958920
-47.845093
-47.586597
-47.711582
-47.752602
-47.610939
-47.587017
-47.669559
-47.663185
-47.493885
-47.560188
-47.569454
-47.631615
-47.467636
-47.450516
-47.552547
-47.528751
-47.503990
-47.351772
-47.435841
-47.498188
-47.405739
-47.285221
-47.381313
-47.462643
-47.306465
-47.361740
-47.433777
-47.432583
-47.408188
-47.326836
-47.346859
-47.331360
-47.417313
-47.296104
-47.376678
-47.281834
-47.340885
-47.266544
-47.316422
-47.207195
-47.190819
-47.160564
-47.092823
-47.282681
-47.140682
-47.120247
-47.164879
-47.190601
-47.190048
-47.247780
-47.177822
-47.100494
-47.203266
-47.122086
-47.073620
-47.088818
-47.124218
-47.042377
-47.006149
-47.040810
-46.931965
-46.921562
-46.952755
-47.043827
-46.973961
-46.966190
-46.981117
-47.010334
-47.036407
-46.860134
-46.876488
-46.981686
-46.908550
-46.706726
-46.842331
-46.945229
-46.774899
-46.768272
-46.694687
-46.895550
-46.743389
-46.710663
-46.834957
-46.784672
-46.787979
-46.677021
-46.821842
-46.720921
-46.769962
-46.652767
-46.731441
-46.637478
-46.574867
-46.636551
-46.643963
-46.655903
-46.579151
-46.590832
-46.487675
-46.542400
-46.543602
-46.527824
-46.600624
-46.420792
-46.469158
-46.390354
-46.335785
-46.258728
-46.358383
-46.273205
-46.190899
-46.220341
-46.244862
-46.164581
-46.156849
-46.108177
-46.176609
-46.116566
-46.047985
-46.033009
-46.049438
-46.127319
-45.945198
-45.927475
-45.980389
-45.994801
-45.844658
-45.855148
-45.836811
-45.856487
-45.887280
-45.792278
-45.854916
-45.773270
-45.763828
-45.681061
-45.623066
-45.662155
-45.697124
-45.630264
-45.628674
-45.568150
-45.575752
-45.474991
-45.527050
-45.550140
-45.564602
-45.455124
-45.353607
-45.457832
-45.386284
-45.379372
-45.288364
-45.326797
-45.279697
-45.288746
-45.229080
-45.263432
-45.175724
-45.275150
-45.215897
-45.137791
-45.105247
-45.158951
-45.158073
-45.181675
-45.020966
-45.025074
-45.005798
-44.947529
-44.977642
-45.112961
-45.001518
-44.986698
-44.933144
-45.038055
-44.983982
-44.891861
-44.961094
-45.052998
-45.030891
-44.808716
-44.882599
-44.869946
-44.847523
-44.856052
-44.783253
-44.732140
-44.677074
-44.823845
-44.737476
-44.788002
-44.726986
-44.704388
-44.642284
-44.840046
-44.742512
-44.723392
-44.704361
-44.785160
-44.788784
-44.829277
-44.693455
-44.624622
-44.711220
-44.793221
-44.729576
-44.721294
-44.722256
-44.766735
-44.699268
-44.829933
-44.734299
-44.807678
-44.769047
-44.703087
-44.802860
-44.756405
-44.770607
-44.662701
-44.783794
-44.737617
-44.608269
-44.678185
-44.697300
-44.770466
-44.665714
-44.704590
-44.684258
-44.713066
-44.792374
-44.690247
-44.646729
-44.657223
-44.771072
-44.710609
-44.614944
-44.628330
-44.678158
-44.718788
-44.571003
-44.593094
-44.588535
-44.682415
-44.589493
-44.670067
-44.700737
-44.570686
-44.552971
-44.541119
-44.650967
-44.527615
-44.362030
-44.470638
-44.445923
-44.534306
-44.444633
-44.362976
-44.366413
-44.443104
-44.354210
-44.297295
-44.418060
-44.234814
-44.405579
-44.444435
-44.406116
-44.224319
-44.249481
-44.335320
-44.298447
-44.199841
-44.263832
-44.233719
-44.257156
-44.231903
-44.182838
-44.196205
-44.174931
-44.087807
-44.143631
-44.221775
-44.319351
-44.145077
-44.130543
-44.186642
-44.127636
-44.128620
-44.027340
-44.014946
-44.028210
-44.137684
-44.093422
-43.935764
-43.888725
-43.993877
-43.980392
-43.931061
-43.983711
-43.927555
-43.772202
-43.850033
-43.918209
-43.893822
-43.707085
-43.688042
-43.760387
-43.754711
-43.609314
-43.624279
-43.702782
-43.594608
-43.605892
-43.539925
-43.606983
-43.573700
-43.522667
-43.431816
-43.462330
-43.366577
-43.371941
-43.396053
-43.292210
-43.339531
-43.159962
-43.265251
-43.204208
-43.118816
-43.004204
-43.140881
-43.064167
-43.064999
-43.007919
-42.958797
-43.008892
-42.855911
-42.840042
-42.713486
-42.741943
-42.828819
-42.773434
-42.638535
-42.685539
-42.581608
-42.496288
-42.471184
-42.529068
-42.458805
-42.351242
-42.370434
-42.403011
-42.324783
-42.324898
-42.235664
-42.162586
-42.174564
-42.053169
-42.133667
-42.023109
-42.018776
-42.030041
-41.829315
-41.952908
-41.900463
-41.865929
-41.676861
-41.877258
-41.655518
-41.668411
-41.668751
-41.672356
-41.713654
-41.478951
-41.518772
-41.500477
-41.586685
-41.364441
-41.418934
-41.454910
-41.456669
-41.362331
-41.347023
-41.404293
-41.241833
-41.239738
-41.282784
-41.319946
-41.295357
-41.220219
-41.148403
-41.168247
-41.242840
-41.203926
-41.130238
-41.219913
-41.106136
-41.206963
-41.065456
-41.245728
-41.180592
-41.147621
-41.084812
-41.175892
-41.248749
-41.097603
-41.077354
-41.136173
-41.185810
-41.236057
-41.091339
-41.186611
-41.091808
-41.134480
-41.106697
-41.079903
-41.178585
-41.231407
-41.130432
-40.974129
-41.204117
-41.121449
-41.049965
-41.081230
-41.138252
-41.137047
-41.029442
-41.159256
-41.086391
-41.126419
-40.943554
-41.115120
-41.056610
-41.057976
-40.967846
-40.960526
-40.986813
-41.003460
-40.956638
-40.994732
-40.853466
-40.944321
-40.858494
-40.929543
-40.816959
-40.818169
-40.792431
-40.707150
-40.745575
-40.757671
-40.679688
-40.675426
-40.607952
-40.687580
-40.617397
-40.617245
-40.426918
-40.517681
-40.407917
-40.436638
-40.457085
-40.348759
-40.206470
-40.275970
-40.243973
-40.222324
-40.136662
-40.068928
-40.063587
-40.053802
-39.951729
-39.881474
-39.892689
-39.802311
-39.704605
-39.718018
-39.721909
-39.640476
-39.475826
-39.488331
-39.476021
-39.337589
-39.319229
-39.420265
-39.270763
-39.199047
-39.046375
-39.178844
-39.081535
-39.110912
-38.889755
-38.907948
-38.960205
-38.847870
-38.754349
-38.746510
-38.753353
-38.637222
-38.616959
-38.633541
-38.573570
-38.564999
-38.477180
-38.427643
-38.296627
-38.463013
-38.292973
-38.265949
-38.292858
-38.273457
-38.235577
-38.213238
-38.250069
-38.118248
-38.126629
-38.086094
-38.126450
-38.065346
-37.986591
-38.005470
-37.993515
-37.933842
-37.940323
-37.811718
-37.807472
-37.895180
-37.948338
-37.800697
-37.906586
-37.749523
-37.653111
-37.626026
-37.687435
-37.801304
-37.621258
-37.572372
-37.513653
-37.560944
-37.522934
-37.470966
-37.387371
-37.511230
-37.418179
-37.237484
-37.413311
-37.408375
-37.386211
-37.236237
-37.377441
-37.362385
-37.303764
-37.279205
-37.232464
-37.428707
-37.284584
-37.357006
-37.259037
-37.456280
-37.359623
-37.337078
-37.386303
-37.373775
-37.518627
-37.385056
-37.327290
-37.400471
-37.467728
-37.341484
-37.222332
-37.424294
-37.385983
-37.211502
-37.121532
-37.355915
-37.317097
-37.112534
-37.014938
-37.159996
-37.175636
-37.063873
-36.969933
-37.120464
-37.056458
-36.932285
-36.912518
-37.050083
-36.933815
-36.838356
-36.847897
-36.797863
-36.889576
-36.961670
-36.733059
-36.666248
-36.663193
-36.583187
-36.570232
-36.700119
-36.552166
-36.445385
-36.425259
-36.420017
-36.361401
-36.379044
-36.183052
-36.020016
-36.101017
-36.092930
-35.914803
-35.837582
-35.832142
-35.852531
-35.675560
-35.545547
-35.503399
-35.521297
-35.460506
-35.436516
-35.473549
-35.327309
-35.286102
-34.952976
-35.103714
-35.053623
-34.961498
-34.683186
-34.730099
-34.824142
-34.570934
-34.410702
-34.528782
-34.493664
-34.397682
-34.267555
-34.460125
-34.241699
-34.029888
-33.989330
-33.980038
-33.915821
-33.839622
-33.798019
-33.775173
-33.793861
-33.556496
-33.526787
-33.402752
-33.520504
-33.562977
-33.531849
-33.562923
-33.382912
-33.209396
-33.333553
-33.357883
-33.207779
-33.228352
-33.393051
-33.320946
-33.193977
-33.277630
-33.199825
-33.088181
-33.236557
-33.338417
-33.413586
-33.270180
-33.397659
-33.453388
-33.482338
-33.410828
-33.501427
-33.525948
-33.631950
-33.593472
-33.703323
-33.933739
-33.702396
-33.681179
-33.829193
-34.219524
-33.911152
-33.970741
-34.106792
-34.326546
-34.186687
-34.280449
-34.450191
-34.575294
-34.425388
-34.541306
-34.742619
-34.691734
-34.712364
-34.791195
-34.885384
-35.030025
-35.050262
-35.068516
-35.160427
-35.217068
-35.294025
-35.306122
-35.382301
-35.631832
-35.555428
-35.534279
-35.700691
-35.794701
-35.655132
-35.733894
-35.852810
-35.836040
-36.011440
-35.895893
-35.998192
-36.206844
-36.096863
-36.081356
-36.165676
-36.390213
-36.144321
-36.254200
-36.390011
-36.447441
-36.367256
-36.386189
-36.406021
-36.549366
-36.511135
-36.380013
-36.484615
-36.627346
-36.662544
-36.417622
-36.467815
-36.648540
-36.560844
-36.465492
-36.697266
-36.641441
-36.533615
-36.561703
-36.512352
-36.601177
-36.626781
-36.574451
-36.379177
-36.598465
-36.522781
-36.471905
-36.462162
-36.445923
-36.398174
-36.308308
-36.391285
-36.404381
-36.375809
-36.191437
-36.199245
-36.293480
-36.227650
-36.171162
-36.086250
-36.211704
-35.978115
-36.131763
-36.047634
-35.991989
-35.848595
-35.821793
-35.985630
-35.851139
-35.841072
-35.512844
-35.775196
-35.689751
-35.587814
-35.564182
-35.662914
-35.572243
-35.414131
-35.511436
-35.370342
-35.439610
-35.372902
-35.305984
-35.273659
-35.285545
-35.281601
-35.221981
-35.168819
-35.211617
-35.004475
-35.225792
-35.125233
-35.086727
-34.871925
-35.059204
-35.031673
-34.873447
-34.979679
-34.915840
